12 0.981500 0.533000 0.021000 0.008000
14 0.978000 0.505500 0.018000 0.009000
9 0.753500 0.470000 0.021000 0.010000
12 0.863000 0.445500 0.024000 0.011000
12 0.806000 0.442000 0.026000 0.010000
14 0.819000 0.532000 0.016000 0.008000
9 0.818500 0.514000 0.023000 0.010000
9 0.823500 0.551500 0.019000 0.007000
9 0.762500 0.523500 0.021000 0.009000
14 0.763000 0.542500 0.018000 0.007000
9 0.766000 0.560500 0.020000 0.009000
12 0.842500 0.617000 0.013000 0.018000
14 0.833500 0.618000 0.011000 0.016000
9 0.609000 0.439000 0.018000 0.008000
9 0.610000 0.449000 0.020000 0.006000
9 0.609500 0.458500 0.021000 0.009000
12 0.613500 0.468000 0.025000 0.010000
14 0.556500 0.469000 0.021000 0.008000
9 0.557500 0.533500 0.019000 0.007000
14 0.560500 0.516500 0.021000 0.007000
9 0.556000 0.551500 0.020000 0.007000
12 0.557500 0.543000 0.023000 0.006000
9 0.557000 0.477000 0.026000 0.010000
14 0.559500 0.496500 0.021000 0.007000
9 0.562500 0.506000 0.021000 0.008000
9 0.880000 0.544000 0.020000 0.010000
14 0.616500 0.478000 0.017000 0.008000
14 0.613500 0.519000 0.019000 0.008000
9 0.514000 0.722500 0.020000 0.011000
9 0.516000 0.733500 0.022000 0.009000
12 0.531500 0.361000 0.017000 0.018000
14 0.615000 0.528500 0.018000 0.007000