9 0.994000 0.987000 0.012000 0.010000
9 0.974000 0.990000 0.022000 0.012000
9 0.908500 0.962500 0.013000 0.017000
14 0.902500 0.542000 0.021000 0.010000
9 0.905500 0.549500 0.021000 0.013000
9 0.906000 0.570000 0.024000 0.010000
9 0.912000 0.587500 0.024000 0.011000
14 0.839000 0.575000 0.020000 0.012000
9 0.850000 0.590500 0.024000 0.013000
14 0.853500 0.598500 0.023000 0.013000
9 0.846000 0.650500 0.022000 0.011000
9 0.938500 0.627000 0.021000 0.010000
14 0.962000 0.624000 0.022000 0.010000
9 0.989000 0.620000 0.020000 0.008000
9 0.989500 0.657500 0.009000 0.017000
9 0.984500 0.766000 0.025000 0.008000
9 0.983000 0.757000 0.024000 0.010000
9 0.892000 0.744500 0.022000 0.011000
9 0.887500 0.736500 0.021000 0.013000
14 0.855500 0.807500 0.021000 0.013000
9 0.769000 0.797500 0.014000 0.017000
9 0.781500 0.792000 0.015000 0.018000
14 0.781500 0.666500 0.023000 0.013000
9 0.711500 0.685500 0.019000 0.011000
14 0.778000 0.615000 0.018000 0.014000
9 0.845500 0.508000 0.013000 0.020000
9 0.768500 0.421000 0.015000 0.020000
14 0.862500 0.444000 0.023000 0.014000
14 0.944500 0.390500 0.013000 0.017000
14 0.962500 0.357500 0.009000 0.015000
9 0.949500 0.362000 0.011000 0.018000
9 0.928500 0.217000 0.017000 0.014000
9 0.796500 0.223500 0.013000 0.019000
9 0.892000 0.209000 0.010000 0.018000
9 0.904500 0.208500 0.011000 0.019000
14 0.896000 0.123500 0.012000 0.017000
14 0.840000 0.298000 0.020000 0.012000
9 0.742500 0.512000 0.015000 0.018000
9 0.659500 0.521000 0.015000 0.018000
9 0.618500 0.347500 0.021000 0.013000
9 0.630500 0.403500 0.015000 0.017000
12 0.613000 0.373000 0.024000 0.012000
14 0.770500 0.150500 0.013000 0.017000
9 0.763500 0.134500 0.011000 0.015000
14 0.691500 0.221500 0.021000 0.015000
14 0.467000 0.083500 0.008000 0.017000
14 0.487500 0.059000 0.015000 0.008000
14 0.429500 0.067000 0.021000 0.010000
9 0.200500 0.046500 0.007000 0.017000
9 0.152500 0.047000 0.009000 0.018000
9 0.043000 0.062000 0.010000 0.018000
9 0.071500 0.105000 0.017000 0.008000
14 0.101000 0.103000 0.018000 0.008000
9 0.045000 0.133500 0.014000 0.017000
14 0.062000 0.132000 0.012000 0.020000
14 0.034500 0.168500 0.015000 0.017000
9 0.068500 0.230500 0.021000 0.013000
14 0.122500 0.222500 0.013000 0.017000
12 0.111500 0.226000 0.015000 0.022000
9 0.132500 0.220500 0.015000 0.019000
14 0.179500 0.209500 0.015000 0.015000
9 0.208500 0.214500 0.015000 0.019000
9 0.316000 0.155500 0.024000 0.011000
9 0.325500 0.171500 0.013000 0.009000
14 0.353500 0.219500 0.015000 0.013000
9 0.453000 0.311500 0.012000 0.015000
35 0.423000 0.281000 0.066000 0.060000
9 0.107000 0.260500 0.014000 0.019000
14 0.190000 0.247500 0.014000 0.017000
9 0.165000 0.251500 0.012000 0.019000
14 0.145500 0.268000 0.015000 0.020000
9 0.151000 0.286000 0.014000 0.018000
9 0.171000 0.285500 0.010000 0.013000
9 0.179500 0.303000 0.015000 0.020000
9 0.272000 0.307500 0.020000 0.011000
9 0.215000 0.321500 0.026000 0.013000
14 0.166000 0.355000 0.020000 0.012000
14 0.209000 0.392000 0.014000 0.018000
9 0.238500 0.418500 0.025000 0.015000
14 0.241000 0.405500 0.020000 0.013000
9 0.331000 0.395500 0.014000 0.009000
9 0.304000 0.491500 0.022000 0.013000
14 0.317500 0.505000 0.021000 0.008000
9 0.400500 0.504000 0.015000 0.018000
9 0.430000 0.497000 0.014000 0.018000
35 0.540500 0.519500 0.073000 0.063000
9 0.399000 0.564000 0.020000 0.012000
9 0.458500 0.574000 0.013000 0.016000
14 0.442000 0.596000 0.014000 0.018000
9 0.594500 0.602000 0.013000 0.018000
9 0.525000 0.712000 0.012000 0.018000
35 0.632500 0.721500 0.061000 0.061000
9 0.630000 0.675500 0.014000 0.017000
9 0.593000 0.869000 0.016000 0.018000
14 0.625000 0.859000 0.014000 0.020000
14 0.636000 0.857000 0.014000 0.018000
9 0.647000 0.853500 0.014000 0.017000
14 0.587500 0.936000 0.015000 0.020000
9 0.644000 0.925000 0.016000 0.018000
9 0.689500 0.868500 0.015000 0.019000
14 0.710000 0.907000 0.014000 0.016000
9 0.733500 0.958500 0.017000 0.021000
9 0.774500 0.960500 0.013000 0.015000
9 0.745500 0.983000 0.015000 0.020000
9 0.793000 0.996500 0.012000 0.007000
14 0.040500 0.273000 0.015000 0.018000
35 0.062500 0.363000 0.087000 0.088000
9 0.060500 0.312000 0.015000 0.018000
9 0.117500 0.425000 0.015000 0.018000
9 0.008500 0.485500 0.009000 0.015000
12 0.196000 0.508500 0.022000 0.013000
35 0.196000 0.598000 0.062000 0.056000
9 0.186000 0.558000 0.014000 0.020000
9 0.107000 0.656000 0.008000 0.008000
9 0.268500 0.650500 0.017000 0.011000
9 0.273000 0.660500 0.022000 0.015000
9 0.229000 0.700500 0.018000 0.021000
35 0.302000 0.798500 0.080000 0.073000
13 0.427500 0.800500 0.009000 0.011000
9 0.358000 0.669500 0.022000 0.013000
14 0.396000 0.672000 0.016000 0.020000
14 0.405500 0.689000 0.015000 0.018000
14 0.384500 0.716000 0.021000 0.012000
9 0.390000 0.724000 0.022000 0.014000
14 0.398000 0.741000 0.020000 0.012000
14 0.440500 0.753500 0.021000 0.011000
9 0.410000 0.760000 0.022000 0.012000
9 0.384500 0.767000 0.021000 0.014000
14 0.382500 0.778500 0.025000 0.013000
9 0.362000 0.773500 0.022000 0.013000
9 0.275500 0.810500 0.019000 0.007000
14 0.155000 0.748000 0.020000 0.012000
14 0.136500 0.728000 0.011000 0.018000
9 0.096000 0.728500 0.020000 0.017000
9 0.065500 0.815500 0.021000 0.007000
9 0.040000 0.817000 0.018000 0.008000
9 0.056000 0.888000 0.008000 0.012000
9 0.306500 0.902000 0.019000 0.012000
9 0.338500 0.841500 0.017000 0.019000
9 0.353500 0.868000 0.015000 0.020000
14 0.403000 0.878000 0.012000 0.018000
9 0.437000 0.876000 0.012000 0.014000
14 0.461000 0.920500 0.018000 0.011000
9 0.451500 0.973000 0.023000 0.012000
14 0.470500 0.967500 0.021000 0.013000
9 0.383000 0.921000 0.014000 0.018000
9 0.408500 0.965500 0.015000 0.019000
9 0.343000 0.989000 0.020000 0.006000
9 0.266000 0.995000 0.016000 0.008000
9 0.825500 0.140500 0.013000 0.017000
14 0.151000 0.738500 0.018000 0.013000