32 0.259167 0.209375 0.518333 0.418750
14 0.031667 0.653125 0.030000 0.018750
14 0.152500 0.633125 0.028333 0.021250
9 0.056667 0.634375 0.033333 0.021250
14 0.040833 0.643125 0.035000 0.021250
9 0.070833 0.627500 0.035000 0.022500
14 0.080833 0.616250 0.031667 0.020000
9 0.090833 0.610000 0.031667 0.020000
9 0.105000 0.600000 0.033333 0.020000
9 0.118333 0.591250 0.033333 0.020000
14 0.131667 0.581250 0.033333 0.020000
14 0.146667 0.573125 0.030000 0.018750
14 0.170833 0.556875 0.031667 0.018750
9 0.182500 0.546250 0.035000 0.022500
14 0.195833 0.537500 0.031667 0.020000
14 0.205833 0.527500 0.031667 0.020000
9 0.220833 0.520000 0.035000 0.022500
9 0.235833 0.513125 0.031667 0.021250
9 0.247500 0.502500 0.031667 0.020000
9 0.270000 0.483750 0.030000 0.017500
12 0.286667 0.475000 0.040000 0.025000
9 0.332500 0.505625 0.028333 0.021250
14 0.312500 0.458750 0.031667 0.020000
14 0.325000 0.448125 0.033333 0.021250
14 0.335833 0.438750 0.035000 0.022500
14 0.349167 0.429375 0.031667 0.018750
9 0.360833 0.422500 0.031667 0.020000
14 0.372500 0.412500 0.031667 0.020000
9 0.385833 0.404375 0.028333 0.018750
14 0.401667 0.396250 0.036667 0.022500
12 0.480833 0.402500 0.031667 0.025000
14 0.422500 0.376250 0.031667 0.020000
14 0.508333 0.358125 0.030000 0.021250
14 0.461667 0.351875 0.030000 0.018750
14 0.476667 0.343125 0.033333 0.021250
14 0.500000 0.322500 0.030000 0.020000
14 0.585000 0.331250 0.026667 0.020000
12 0.525833 0.305625 0.041667 0.026250
14 0.550000 0.287500 0.033333 0.020000
14 0.602500 0.251875 0.035000 0.023750
9 0.628333 0.233125 0.036667 0.023750
14 0.672500 0.226250 0.035000 0.017500
9 0.668333 0.210000 0.033333 0.020000
14 0.734167 0.224375 0.025000 0.021250
12 0.708333 0.180625 0.040000 0.026250
9 0.744167 0.154375 0.028333 0.018750
12 0.780000 0.125625 0.040000 0.026250
9 0.892500 0.048750 0.038333 0.022500