14 0.242500 0.652500 0.018333 0.022500
13 0.735000 0.695625 0.036667 0.008750
14 0.746667 0.708125 0.030000 0.008750
14 0.625000 0.735625 0.013333 0.018750
9 0.603333 0.735000 0.013333 0.020000
9 0.570000 0.714375 0.020000 0.008750
9 0.573333 0.692500 0.030000 0.010000
14 0.572500 0.682500 0.025000 0.007500
9 0.567500 0.673125 0.021667 0.008750
14 0.565000 0.662500 0.020000 0.007500
14 0.696667 0.845000 0.023333 0.017500
9 0.689167 0.855625 0.018333 0.016250
9 0.579167 0.846250 0.021667 0.017500
9 0.562500 0.851250 0.025000 0.017500
9 0.600000 0.894375 0.030000 0.018750
9 0.381667 0.931875 0.026667 0.006250
9 0.379167 0.921250 0.028333 0.007500
9 0.310000 0.901250 0.013333 0.025000
9 0.290000 0.900625 0.013333 0.021250
14 0.232500 0.899375 0.015000 0.023750
9 0.212500 0.901250 0.015000 0.022500
9 0.190833 0.903750 0.021667 0.022500
14 0.171667 0.908750 0.023333 0.025000
33 0.060000 0.533750 0.120000 0.127500
32 0.678333 0.278750 0.643333 0.545000