9 0.005500 0.965500 0.011000 0.013000
9 0.012500 0.981500 0.013000 0.011000
9 0.032000 0.722000 0.014000 0.016000
9 0.071000 0.653000 0.016000 0.018000
14 0.239000 0.587000 0.012000 0.014000
14 0.286500 0.596500 0.027000 0.017000
12 0.318500 0.648000 0.027000 0.016000
12 0.332500 0.671500 0.027000 0.017000
9 0.335500 0.687000 0.021000 0.016000
12 0.348000 0.696500 0.028000 0.017000
14 0.378000 0.758000 0.026000 0.018000
12 0.389000 0.771500 0.026000 0.017000
9 0.993500 0.873000 0.013000 0.012000
9 0.960000 0.885500 0.020000 0.013000
9 0.919000 0.898000 0.018000 0.012000
14 0.875000 0.917000 0.022000 0.014000
14 0.858500 0.947000 0.019000 0.012000
9 0.841000 0.926000 0.018000 0.012000
14 0.808000 0.938500 0.018000 0.011000
9 0.774500 0.949500 0.019000 0.013000
14 0.751000 0.958000 0.020000 0.012000
9 0.720500 0.968000 0.019000 0.012000
9 0.754000 0.986500 0.024000 0.015000
9 0.682500 0.981000 0.021000 0.012000
13 0.598500 0.895000 0.019000 0.022000
12 0.594000 0.959000 0.016000 0.020000
12 0.588500 0.902500 0.017000 0.023000
12 0.576500 0.905500 0.021000 0.027000
9 0.565500 0.910000 0.017000 0.024000
9 0.502000 0.967000 0.014000 0.008000
9 0.126500 0.430500 0.009000 0.015000
9 0.139500 0.425500 0.011000 0.017000
12 0.151500 0.423500 0.011000 0.021000
12 0.167000 0.417000 0.010000 0.020000
9 0.185500 0.410500 0.009000 0.017000
9 0.198500 0.408000 0.009000 0.018000
9 0.223000 0.405500 0.012000 0.019000
14 0.293500 0.392500 0.025000 0.015000
9 0.332500 0.441000 0.023000 0.014000
14 0.327000 0.449500 0.028000 0.019000
14 0.307500 0.453000 0.017000 0.012000
14 0.280000 0.452500 0.020000 0.013000
14 0.265500 0.458000 0.023000 0.016000
12 0.359500 0.472500 0.013000 0.021000
12 0.336500 0.484500 0.017000 0.023000
12 0.320000 0.487000 0.012000 0.018000
9 0.305500 0.492500 0.011000 0.017000
14 0.243500 0.480000 0.021000 0.012000
14 0.230500 0.485000 0.021000 0.012000
9 0.220000 0.472000 0.020000 0.014000
14 0.210000 0.479000 0.018000 0.012000
9 0.219500 0.493500 0.021000 0.015000
9 0.202000 0.497500 0.020000 0.013000
9 0.197500 0.485000 0.021000 0.012000
12 0.268500 0.507500 0.015000 0.021000
14 0.259500 0.529500 0.019000 0.011000
9 0.253000 0.514500 0.012000 0.017000
9 0.245000 0.534000 0.022000 0.014000
9 0.240000 0.518500 0.012000 0.019000
14 0.232000 0.541000 0.022000 0.014000
9 0.227000 0.525000 0.010000 0.016000
14 0.129000 0.510500 0.020000 0.013000
9 0.073500 0.529000 0.021000 0.014000
12 0.036000 0.545000 0.024000 0.016000