14 0.825000 0.757500 0.010000 0.017000
9 0.473500 0.204000 0.011000 0.018000
14 0.123000 0.951500 0.018000 0.007000
14 0.120500 0.986500 0.021000 0.007000
14 0.074000 0.456500 0.026000 0.007000
9 0.036500 0.444000 0.027000 0.008000
35 0.989500 0.805500 0.021000 0.047000
35 0.066500 0.803000 0.081000 0.032000
30 0.894000 0.259000 0.166000 0.118000
30 0.917500 0.088500 0.165000 0.163000
9 0.685500 0.456500 0.021000 0.007000
9 0.399000 0.456000 0.022000 0.006000
9 0.402000 0.480000 0.020000 0.008000
14 0.235500 0.456000 0.023000 0.008000