14 0.648500 0.921500 0.009000 0.015000
9 0.889000 0.909000 0.010000 0.018000
35 0.510500 0.918000 0.065000 0.054000
9 0.442500 0.905000 0.023000 0.008000
9 0.258500 0.933000 0.021000 0.008000
9 0.265000 0.908500 0.024000 0.007000
9 0.173000 0.934000 0.016000 0.008000
35 0.470500 0.111500 0.043000 0.053000
35 0.986000 0.665500 0.028000 0.047000
14 0.869500 0.681000 0.017000 0.006000
14 0.878000 0.659500 0.018000 0.007000
14 0.843000 0.681000 0.018000 0.008000
9 0.814500 0.682500 0.019000 0.005000
9 0.797500 0.663000 0.021000 0.006000
14 0.694000 0.686000 0.016000 0.006000
14 0.713000 0.664500 0.020000 0.005000
14 0.583500 0.688000 0.023000 0.006000
14 0.572500 0.667500 0.021000 0.007000
35 0.499000 0.672500 0.064000 0.051000
14 0.190000 0.664500 0.020000 0.007000
9 0.146500 0.665500 0.023000 0.009000
14 0.117000 0.666500 0.020000 0.007000
9 0.843000 0.287000 0.022000 0.008000
14 0.581000 0.277000 0.014000 0.010000
14 0.572500 0.295500 0.021000 0.009000
14 0.542500 0.295000 0.017000 0.006000
14 0.980000 0.099500 0.020000 0.007000
14 0.950500 0.099000 0.019000 0.008000
14 0.907500 0.102500 0.019000 0.007000
9 0.882500 0.115000 0.021000 0.008000
14 0.873000 0.103000 0.018000 0.006000
9 0.857000 0.115500 0.022000 0.007000
14 0.844500 0.106000 0.019000 0.006000
12 0.797500 0.118000 0.023000 0.006000
14 0.808500 0.105500 0.019000 0.007000
14 0.770500 0.118500 0.021000 0.009000
14 0.776000 0.107500 0.018000 0.007000
14 0.679500 0.087000 0.019000 0.006000
12 0.639500 0.123000 0.025000 0.008000
14 0.593500 0.091500 0.021000 0.007000
14 0.367000 0.098500 0.018000 0.007000
14 0.357500 0.112500 0.017000 0.019000
14 0.311000 0.134000 0.016000 0.006000
14 0.307000 0.122500 0.018000 0.007000
9 0.280000 0.135500 0.022000 0.007000
14 0.190000 0.138500 0.018000 0.007000
9 0.160500 0.140000 0.017000 0.006000
14 0.136000 0.140000 0.014000 0.006000
14 0.304000 0.100000 0.020000 0.006000
9 0.272000 0.101500 0.026000 0.007000
14 0.247000 0.102500 0.020000 0.007000
14 0.214000 0.103000 0.024000 0.010000
9 0.198000 0.117000 0.024000 0.008000
14 0.180000 0.108500 0.020000 0.013000
14 0.155000 0.106500 0.020000 0.007000
9 0.126500 0.107000 0.021000 0.006000
14 0.102500 0.107500 0.019000 0.005000
14 0.069000 0.108500 0.024000 0.007000
35 0.961000 0.095500 0.038000 0.049000
35 0.972500 0.289500 0.041000 0.041000
9 0.528000 0.788500 0.012000 0.017000
9 0.527500 0.771000 0.009000 0.016000
9 0.483000 0.559500 0.018000 0.017000
35 0.486500 0.306500 0.061000 0.043000
11 0.468500 0.260500 0.015000 0.021000
14 0.044000 0.831000 0.012000 0.016000
14 0.047000 0.855000 0.008000 0.012000
14 0.048000 0.877000 0.008000 0.014000
14 0.081000 0.981500 0.008000 0.015000
14 0.093500 0.980000 0.009000 0.016000
9 0.827000 0.850500 0.006000 0.015000
14 0.792500 0.832000 0.023000 0.008000
14 0.783500 0.784500 0.023000 0.007000
12 0.785000 0.774500 0.024000 0.007000
14 0.781500 0.765000 0.021000 0.008000
14 0.796000 0.706500 0.008000 0.015000
9 0.784000 0.709000 0.010000 0.016000
9 0.606500 0.760500 0.009000 0.017000
9 0.329000 0.888000 0.010000 0.008000
14 0.342000 0.885500 0.008000 0.015000
14 0.355000 0.890500 0.010000 0.015000
12 0.367000 0.888500 0.010000 0.017000
10 0.482000 0.499000 0.014000 0.034000
14 0.074000 0.395500 0.008000 0.013000
14 0.090500 0.396500 0.009000 0.013000
9 0.110000 0.395000 0.008000 0.016000
14 0.123000 0.396000 0.010000 0.014000
9 0.147000 0.395000 0.008000 0.016000
14 0.183000 0.394000 0.008000 0.014000
9 0.207500 0.391000 0.009000 0.016000
14 0.326500 0.392500 0.025000 0.009000
9 0.347000 0.387500 0.008000 0.013000
14 0.400000 0.354000 0.022000 0.006000
14 0.158000 0.350000 0.012000 0.020000
9 0.120000 0.349500 0.010000 0.017000
14 0.109000 0.350500 0.008000 0.013000
14 0.094500 0.350500 0.011000 0.017000
14 0.083000 0.349500 0.010000 0.017000
9 0.071500 0.352000 0.009000 0.014000
9 0.577500 0.335000 0.009000 0.016000
9 0.603000 0.334000 0.012000 0.018000
9 0.772500 0.374000 0.009000 0.016000
14 0.797000 0.372500 0.012000 0.019000
14 0.879500 0.372500 0.011000 0.017000
12 0.928000 0.372000 0.010000 0.030000
9 0.918000 0.483000 0.008000 0.010000
14 0.905500 0.482500 0.007000 0.009000
14 0.891500 0.480000 0.007000 0.012000
9 0.863500 0.480000 0.009000 0.010000
9 0.840000 0.481000 0.008000 0.010000
14 0.826500 0.478500 0.007000 0.015000
14 0.771000 0.481500 0.008000 0.011000
9 0.743500 0.487500 0.007000 0.011000
14 0.718000 0.485500 0.006000 0.009000
9 0.690000 0.483500 0.008000 0.015000
9 0.676500 0.484500 0.009000 0.015000
14 0.663000 0.486000 0.006000 0.010000
14 0.649000 0.484500 0.006000 0.013000
14 0.636000 0.485500 0.006000 0.013000
14 0.624000 0.484000 0.006000 0.014000
14 0.610500 0.486000 0.007000 0.012000
9 0.583000 0.487000 0.008000 0.016000
14 0.569500 0.488000 0.009000 0.010000
9 0.793000 0.519500 0.020000 0.007000
9 0.859500 0.536000 0.009000 0.016000
9 0.897000 0.534500 0.010000 0.017000
9 0.940500 0.267500 0.015000 0.017000
9 0.924000 0.269500 0.008000 0.015000
9 0.902000 0.271500 0.008000 0.015000
14 0.862500 0.273000 0.009000 0.016000
9 0.799000 0.268500 0.010000 0.015000
19 0.788000 0.270500 0.010000 0.017000
14 0.769500 0.265000 0.019000 0.006000
14 0.770000 0.256000 0.022000 0.008000
14 0.773500 0.247000 0.017000 0.006000
9 0.812500 0.270000 0.009000 0.016000
9 0.745500 0.274000 0.019000 0.012000
14 0.744000 0.253000 0.024000 0.016000
14 0.700000 0.264000 0.024000 0.018000
14 0.739000 0.209000 0.022000 0.016000
9 0.732500 0.185500 0.019000 0.015000
9 0.193000 0.162500 0.010000 0.017000
9 0.156000 0.164500 0.008000 0.015000
9 0.145000 0.164500 0.010000 0.017000
9 0.132500 0.163000 0.009000 0.016000
14 0.120500 0.165500 0.007000 0.011000
9 0.108000 0.165000 0.008000 0.014000
14 0.097500 0.168500 0.007000 0.013000
14 0.061500 0.169500 0.007000 0.011000
14 0.035000 0.167000 0.008000 0.014000
14 0.023000 0.167500 0.008000 0.015000
14 0.088500 0.207500 0.009000 0.015000
9 0.102000 0.208500 0.008000 0.013000
9 0.115500 0.208000 0.007000 0.014000
9 0.140000 0.205500 0.008000 0.015000
9 0.164000 0.205500 0.008000 0.015000
9 0.421500 0.025500 0.011000 0.017000
35 0.491500 0.423500 0.069000 0.033000
14 0.701000 0.483000 0.012000 0.016000