9 0.497000 0.748500 0.024000 0.021000
33 0.693000 0.893500 0.050000 0.081000
33 0.629500 0.894000 0.049000 0.082000
33 0.565000 0.894500 0.050000 0.081000
33 0.463500 0.895000 0.051000 0.082000
33 0.399500 0.894500 0.049000 0.081000
33 0.336000 0.895500 0.048000 0.081000
35 0.808000 0.308000 0.058000 0.044000
35 0.813000 0.793500 0.060000 0.057000
12 0.925500 0.834000 0.035000 0.012000
9 0.792000 0.772000 0.020000 0.024000
14 0.817000 0.714500 0.012000 0.021000
14 0.935500 0.698500 0.021000 0.025000
14 0.896500 0.697500 0.023000 0.025000
14 0.879500 0.700500 0.015000 0.015000
9 0.887000 0.670000 0.020000 0.022000
9 0.888000 0.555000 0.024000 0.008000
9 0.993500 0.515000 0.013000 0.016000
9 0.972500 0.510000 0.011000 0.018000
9 0.952000 0.500500 0.022000 0.009000
9 0.928500 0.444000 0.023000 0.010000
9 0.926000 0.409500 0.012000 0.019000
14 0.924500 0.388500 0.013000 0.019000
9 0.412000 0.003500 0.024000 0.007000
9 0.416500 0.036500 0.023000 0.007000
9 0.581500 0.084500 0.023000 0.007000
9 0.581000 0.076000 0.022000 0.008000
9 0.614500 0.107500 0.007000 0.011000
14 0.616500 0.147500 0.009000 0.017000
12 0.534500 0.177000 0.023000 0.006000
14 0.533000 0.195500 0.018000 0.007000
9 0.429000 0.112500 0.016000 0.019000
9 0.430000 0.174000 0.010000 0.018000
14 0.363000 0.096500 0.024000 0.009000
9 0.307500 0.303500 0.021000 0.007000
14 0.683000 0.321000 0.024000 0.008000
14 0.365000 0.362000 0.024000 0.010000
14 0.364000 0.379000 0.024000 0.008000
14 0.392500 0.425000 0.023000 0.008000
9 0.363000 0.443500 0.022000 0.007000
12 0.364500 0.434000 0.021000 0.008000
12 0.364500 0.415500 0.029000 0.009000
14 0.308000 0.434000 0.018000 0.008000
14 0.307500 0.452500 0.019000 0.007000
14 0.169000 0.358000 0.010000 0.016000
14 0.132000 0.356500 0.012000 0.019000
9 0.099000 0.357500 0.010000 0.019000
9 0.075000 0.356500 0.010000 0.017000
14 0.052500 0.358500 0.009000 0.017000
14 0.039500 0.356000 0.011000 0.016000
9 0.253000 0.899000 0.024000 0.008000
12 0.253000 0.889000 0.024000 0.008000
9 0.251000 0.880000 0.024000 0.008000
14 0.059000 0.762500 0.010000 0.019000
14 0.239000 0.761500 0.010000 0.019000
14 0.274000 0.763000 0.010000 0.018000
12 0.299500 0.761000 0.009000 0.018000
9 0.333500 0.761000 0.013000 0.018000
12 0.347000 0.762500 0.010000 0.021000
9 0.359000 0.761500 0.010000 0.017000
12 0.380500 0.762500 0.013000 0.021000
12 0.393000 0.763500 0.012000 0.021000
14 0.418000 0.762500 0.010000 0.019000
9 0.429000 0.760500 0.010000 0.017000
12 0.442000 0.763000 0.012000 0.020000
12 0.454500 0.763000 0.013000 0.024000
9 0.499500 0.738500 0.025000 0.017000
12 0.499500 0.728500 0.027000 0.017000
12 0.500500 0.685500 0.027000 0.019000
12 0.529000 0.614500 0.010000 0.017000
9 0.544000 0.615000 0.010000 0.016000
14 0.046500 0.463500 0.009000 0.017000
9 0.059000 0.464000 0.010000 0.016000
14 0.071000 0.461500 0.010000 0.019000
9 0.082000 0.461500 0.010000 0.017000
14 0.094500 0.463000 0.011000 0.018000
9 0.106500 0.463500 0.011000 0.019000
12 0.129500 0.462000 0.013000 0.020000
14 0.153000 0.461500 0.010000 0.017000
14 0.177000 0.462500 0.010000 0.019000
14 0.188500 0.463000 0.011000 0.018000
14 0.011500 0.462500 0.011000 0.019000
9 0.012500 0.425000 0.009000 0.016000
9 0.034000 0.424000 0.008000 0.016000
9 0.047000 0.423500 0.010000 0.017000
9 0.058000 0.424500 0.010000 0.017000
9 0.070000 0.424000 0.010000 0.018000
9 0.082000 0.422000 0.010000 0.018000
9 0.092000 0.420000 0.010000 0.018000
14 0.103500 0.421000 0.011000 0.018000
14 0.117000 0.418000 0.008000 0.014000
9 0.127000 0.420000 0.010000 0.018000
9 0.139000 0.422000 0.012000 0.016000
9 0.003000 0.424500 0.006000 0.017000
14 0.164000 0.419000 0.010000 0.016000
14 0.175000 0.422000 0.012000 0.018000
9 0.228500 0.430500 0.021000 0.007000
9 0.228500 0.422500 0.023000 0.007000
9 0.229000 0.413500 0.020000 0.007000
9 0.228500 0.396500 0.025000 0.009000
9 0.227500 0.388000 0.027000 0.008000
9 0.175500 0.400000 0.011000 0.018000
9 0.149500 0.398000 0.011000 0.016000
14 0.126500 0.400500 0.011000 0.017000
9 0.105000 0.401500 0.010000 0.017000
9 0.068500 0.399500 0.011000 0.017000
9 0.057000 0.401000 0.012000 0.018000
9 0.045000 0.402500 0.010000 0.015000
14 0.034500 0.403500 0.011000 0.017000
14 0.022000 0.399000 0.010000 0.014000
14 0.011000 0.403000 0.012000 0.018000
9 0.928500 0.033500 0.009000 0.017000
14 0.873000 0.047500 0.020000 0.007000
14 0.903000 0.045500 0.008000 0.009000
9 0.881000 0.070000 0.020000 0.014000
9 0.980000 0.067000 0.022000 0.008000
9 0.920000 0.121000 0.026000 0.010000
14 0.913500 0.154000 0.009000 0.014000
14 0.828000 0.112000 0.008000 0.014000
9 0.304500 0.464500 0.023000 0.005000
31 0.023500 0.896000 0.047000 0.102000
13 0.969000 0.839000 0.044000 0.034000