25 0.105500 0.923500 0.065000 0.065000
22 0.198500 0.856000 0.101000 0.100000
22 0.038000 0.461000 0.076000 0.080000
25 0.630500 0.046500 0.061000 0.057000
25 0.644500 0.106000 0.061000 0.058000
22 0.876500 0.148000 0.083000 0.084000
22 0.966500 0.086000 0.067000 0.104000
29 0.908000 0.521000 0.042000 0.050000
22 0.848500 0.508000 0.091000 0.088000
19 0.646500 0.526000 0.065000 0.068000
25 0.842500 0.600500 0.063000 0.061000
29 0.902000 0.700000 0.054000 0.050000
29 0.918500 0.750500 0.045000 0.043000
29 0.892000 0.806000 0.042000 0.038000
25 0.955000 0.950500 0.052000 0.049000