9 0.918125 0.285833 0.028750 0.015000
9 0.977500 0.661667 0.032500 0.023333
9 0.942500 0.879167 0.027500 0.021667
9 0.930625 0.955000 0.028750 0.020000
9 0.920625 0.974167 0.026250 0.015000
9 0.105000 0.330000 0.025000 0.016667
9 0.165000 0.490833 0.015000 0.031667
9 0.117500 0.469167 0.025000 0.015000
14 0.498125 0.453333 0.016250 0.030000
14 0.473125 0.450833 0.013750 0.028333
9 0.460000 0.447500 0.012500 0.028333
14 0.446250 0.446667 0.015000 0.026667
14 0.443125 0.476667 0.011250 0.026667
9 0.483125 0.481667 0.013750 0.030000
14 0.391250 0.545000 0.015000 0.030000
9 0.408125 0.542500 0.013750 0.028333
9 0.420000 0.548333 0.012500 0.026667
9 0.451250 0.550833 0.015000 0.028333
33 0.966250 0.426667 0.067500 0.140000
33 0.811250 0.416667 0.070000 0.140000
33 0.731875 0.410000 0.068750 0.136667
33 0.651250 0.404167 0.067500 0.135000
31 0.324375 0.921667 0.091250 0.156667
33 0.831250 0.873333 0.067500 0.136667
33 0.752500 0.879167 0.070000 0.135000
33 0.672500 0.884167 0.070000 0.135000
33 0.592500 0.892500 0.070000 0.135000
33 0.513125 0.896667 0.068750 0.136667
33 0.433125 0.903333 0.068750 0.140000
33 0.532500 0.297500 0.075000 0.041667