12 0.096667 0.683125 0.030000 0.023750
9 0.167500 0.651250 0.025000 0.022500
14 0.189167 0.631250 0.031667 0.025000
14 0.317500 0.673125 0.031667 0.028750
14 0.292500 0.697500 0.031667 0.027500
14 0.224167 0.713125 0.035000 0.026250
9 0.217500 0.751250 0.028333 0.022500
9 0.188333 0.741875 0.033333 0.023750
9 0.155833 0.731875 0.038333 0.018750
14 0.390833 0.886875 0.045000 0.023750
9 0.393333 0.861875 0.040000 0.021250
14 0.249167 0.981250 0.038333 0.020000
9 0.528333 0.881250 0.030000 0.025000
9 0.604167 0.788750 0.028333 0.025000
9 0.708333 0.741250 0.030000 0.025000
14 0.804167 0.591875 0.028333 0.023750
9 0.890833 0.536875 0.028333 0.023750
14 0.885833 0.506875 0.031667 0.026250
12 0.607500 0.702500 0.038333 0.017500
9 0.595000 0.733125 0.043333 0.021250
14 0.742500 0.411875 0.038333 0.016250
9 0.690000 0.525625 0.036667 0.013750
9 0.685000 0.471250 0.036667 0.015000
14 0.581667 0.459375 0.036667 0.013750
9 0.660833 0.600000 0.041667 0.020000
14 0.605833 0.583750 0.031667 0.015000
14 0.450833 0.610625 0.028333 0.023750
14 0.419167 0.600625 0.031667 0.023750
14 0.158333 0.590000 0.043333 0.020000
9 0.328333 0.419375 0.020000 0.023750
9 0.118333 0.501875 0.026667 0.023750
9 0.117500 0.386250 0.018333 0.022500
14 0.120000 0.362500 0.013333 0.020000
9 0.150000 0.470625 0.030000 0.026250
9 0.031667 0.471875 0.030000 0.023750
14 0.040833 0.550625 0.041667 0.018750
14 0.021667 0.178125 0.020000 0.021250
9 0.134167 0.162500 0.038333 0.012500
14 0.042500 0.178125 0.021667 0.023750
14 0.025000 0.123750 0.020000 0.022500
9 0.054167 0.029375 0.018333 0.021250
9 0.155000 0.213750 0.016667 0.022500
14 0.238333 0.171250 0.040000 0.015000
14 0.322500 0.046875 0.015000 0.018750
9 0.480000 0.074375 0.026667 0.028750
14 0.287500 0.271250 0.018333 0.025000
9 0.443333 0.214375 0.026667 0.021250
14 0.454167 0.235625 0.028333 0.023750
14 0.431667 0.236250 0.016667 0.020000
9 0.450000 0.251875 0.030000 0.021250
9 0.380000 0.309375 0.036667 0.008750
14 0.394167 0.336875 0.035000 0.008750
9 0.503333 0.349375 0.036667 0.013750
9 0.517500 0.323750 0.041667 0.015000
9 0.545000 0.356250 0.036667 0.017500
14 0.796667 0.381250 0.036667 0.015000
9 0.657500 0.278750 0.025000 0.027500
9 0.890833 0.400000 0.035000 0.015000
11 0.742500 0.104375 0.025000 0.028750
9 0.854167 0.201875 0.021667 0.023750
14 0.883333 0.204375 0.016667 0.021250
9 0.865833 0.094375 0.018333 0.026250
12 0.891667 0.081250 0.016667 0.030000
14 0.955833 0.558125 0.038333 0.021250
14 0.973333 0.703750 0.030000 0.025000
14 0.847500 0.709375 0.041667 0.021250
14 0.949167 0.742500 0.041667 0.020000
35 0.720833 0.709375 0.181667 0.156250
9 0.700833 0.831875 0.035000 0.021250
9 0.805833 0.870625 0.045000 0.023750
14 0.614167 0.936875 0.038333 0.023750
14 0.643333 0.915625 0.046667 0.026250
14 0.834167 0.975625 0.038333 0.021250
14 0.960000 0.968125 0.033333 0.026250
14 0.179167 0.324375 0.038333 0.011250
14 0.295833 0.331250 0.035000 0.010000
14 0.910000 0.730625 0.036667 0.021250