14 0.929500 0.567000 0.017000 0.008000
14 0.249500 0.007000 0.013000 0.014000
14 0.218500 0.096000 0.011000 0.016000
9 0.254500 0.025500 0.015000 0.019000
12 0.027000 0.267500 0.024000 0.013000
9 0.793500 0.235000 0.011000 0.018000
14 0.813000 0.238000 0.010000 0.016000
9 0.827000 0.238000 0.012000 0.018000
9 0.892500 0.250500 0.009000 0.017000
9 0.872500 0.243500 0.009000 0.015000
14 0.848000 0.240000 0.010000 0.016000
9 0.779500 0.372500 0.013000 0.019000
9 0.792000 0.418000 0.012000 0.018000
9 0.997000 0.371500 0.006000 0.009000
14 0.076500 0.623500 0.009000 0.017000
14 0.240000 0.674500 0.024000 0.009000
14 0.320000 0.659500 0.010000 0.017000
14 0.332000 0.683000 0.020000 0.006000
14 0.464000 0.669500 0.008000 0.015000
14 0.492500 0.702000 0.019000 0.008000
14 0.601500 0.713000 0.019000 0.008000
9 0.658500 0.720500 0.019000 0.007000
14 0.332000 0.712000 0.020000 0.008000
14 0.562000 0.739000 0.022000 0.008000
13 0.654500 0.748500 0.007000 0.005000
19 0.789500 0.708500 0.009000 0.017000
14 0.817500 0.737500 0.021000 0.009000
14 0.908500 0.777500 0.023000 0.009000
14 0.356500 0.737500 0.009000 0.015000
14 0.477500 0.748500 0.009000 0.011000
14 0.587000 0.763500 0.010000 0.015000
14 0.634000 0.771500 0.008000 0.015000
14 0.624000 0.770000 0.008000 0.016000
13 0.828500 0.799500 0.009000 0.009000
14 0.867000 0.798500 0.008000 0.013000
14 0.879000 0.799000 0.008000 0.012000
14 0.156000 0.714500 0.010000 0.017000
14 0.031000 0.748500 0.010000 0.019000
14 0.013500 0.861000 0.009000 0.016000
14 0.100500 0.887000 0.011000 0.020000
14 0.176000 0.919000 0.020000 0.008000
14 0.252000 0.904000 0.010000 0.016000
9 0.292000 0.932500 0.018000 0.007000
9 0.317000 0.935000 0.022000 0.008000
14 0.374000 0.942500 0.020000 0.009000
14 0.339000 0.914000 0.008000 0.016000
14 0.348000 0.915500 0.008000 0.017000
14 0.487500 0.932000 0.009000 0.014000
14 0.558000 0.961500 0.016000 0.007000
9 0.127000 0.942500 0.018000 0.007000
14 0.259500 0.957500 0.019000 0.009000
14 0.431000 0.977000 0.022000 0.008000
14 0.501500 0.984500 0.019000 0.009000
14 0.749500 0.957500 0.009000 0.015000
14 0.901500 0.977000 0.009000 0.016000
9 0.934000 0.980000 0.008000 0.016000
9 0.051500 0.960000 0.009000 0.010000
14 0.148500 0.967000 0.009000 0.012000
14 0.205500 0.972500 0.009000 0.017000
14 0.311500 0.989500 0.009000 0.013000