9 0.306000 0.078000 0.014000 0.016000
9 0.880000 0.023000 0.018000 0.016000
9 0.869500 0.049000 0.017000 0.016000
9 0.848500 0.045000 0.017000 0.016000
14 0.833500 0.072500 0.017000 0.017000
14 0.814500 0.068000 0.017000 0.016000
9 0.801000 0.092500 0.022000 0.019000
14 0.759500 0.120000 0.019000 0.018000
14 0.767500 0.098500 0.017000 0.015000
14 0.668000 0.020500 0.020000 0.017000
9 0.620000 0.038500 0.018000 0.015000
14 0.600500 0.072000 0.021000 0.018000
9 0.528500 0.099500 0.021000 0.017000
9 0.031000 0.163500 0.022000 0.021000
9 0.102000 0.211000 0.020000 0.020000
9 0.110000 0.153000 0.014000 0.018000
9 0.152500 0.202000 0.015000 0.016000
9 0.174500 0.210000 0.015000 0.016000
9 0.161000 0.197000 0.018000 0.018000
9 0.170000 0.189500 0.018000 0.019000
9 0.184000 0.205000 0.014000 0.016000
14 0.181500 0.185000 0.017000 0.018000
9 0.195000 0.201000 0.016000 0.018000
9 0.204000 0.196500 0.020000 0.021000
9 0.213500 0.189500 0.017000 0.019000
9 0.199500 0.173000 0.017000 0.018000
9 0.232000 0.178500 0.016000 0.017000
9 0.223000 0.186500 0.018000 0.019000
9 0.126000 0.146500 0.020000 0.021000
9 0.174500 0.126000 0.019000 0.022000
14 0.230500 0.160500 0.017000 0.019000
9 0.270500 0.139000 0.019000 0.020000
14 0.392000 0.126500 0.022000 0.021000
14 0.334000 0.176000 0.024000 0.020000
14 0.309500 0.196500 0.019000 0.019000
14 0.286500 0.219000 0.023000 0.020000
14 0.260500 0.236000 0.025000 0.022000
14 0.255500 0.245000 0.017000 0.016000
14 0.245500 0.252000 0.021000 0.018000
9 0.461000 0.180000 0.016000 0.014000
9 0.467000 0.191000 0.016000 0.014000
9 0.441000 0.210000 0.016000 0.014000
14 0.408500 0.230500 0.019000 0.017000
14 0.384500 0.243000 0.017000 0.014000
9 0.362000 0.263000 0.016000 0.016000
14 0.337500 0.278500 0.017000 0.017000
14 0.297500 0.293000 0.021000 0.018000
14 0.189500 0.402500 0.017000 0.017000
9 0.171500 0.418500 0.015000 0.015000
14 0.150000 0.438000 0.018000 0.018000
9 0.121500 0.462500 0.019000 0.017000
9 0.092500 0.485500 0.021000 0.019000
9 0.019000 0.519000 0.020000 0.018000
9 0.060000 0.518000 0.016000 0.016000
9 0.022000 0.540000 0.018000 0.016000
9 0.014000 0.597000 0.018000 0.016000
9 0.050000 0.577000 0.018000 0.016000
11 0.118000 0.545500 0.024000 0.021000
14 0.067500 0.582000 0.019000 0.016000
14 0.086000 0.550000 0.018000 0.016000
9 0.711500 0.152000 0.017000 0.016000
14 0.678500 0.156000 0.021000 0.018000
9 0.671000 0.178000 0.020000 0.018000
14 0.627500 0.205500 0.019000 0.017000
9 0.611000 0.200000 0.018000 0.016000
9 0.582000 0.237500 0.018000 0.015000
9 0.570000 0.227500 0.018000 0.017000
9 0.543500 0.263500 0.013000 0.013000
9 0.532500 0.252500 0.019000 0.017000
14 0.482500 0.288500 0.017000 0.015000
9 0.496500 0.297000 0.019000 0.018000
9 0.426000 0.323500 0.018000 0.017000
14 0.393000 0.359000 0.016000 0.014000
36 0.546500 0.544500 0.469000 0.375000
12 0.979000 0.695500 0.024000 0.019000
14 0.318000 0.295500 0.022000 0.021000
14 0.240000 0.154500 0.020000 0.023000
14 0.364500 0.123500 0.027000 0.023000
35 0.266000 0.345500 0.164000 0.159000
9 0.934000 0.007500 0.018000 0.015000
9 0.907000 0.006500 0.016000 0.013000