32 0.694375 0.585833 0.371250 0.595000
9 0.623750 0.125833 0.015000 0.031667
9 0.593750 0.123333 0.012500 0.033333
9 0.581250 0.127500 0.012500 0.028333
9 0.548125 0.129167 0.008750 0.025000
14 0.535000 0.129167 0.010000 0.025000
14 0.396875 0.095833 0.028750 0.011667
14 0.393125 0.110833 0.028750 0.011667
12 0.393750 0.126667 0.027500 0.010000
9 0.168125 0.207500 0.028750 0.011667
14 0.098125 0.288333 0.026250 0.013333
14 0.096250 0.305000 0.025000 0.013333
14 0.096250 0.320833 0.025000 0.011667
9 0.101250 0.353333 0.027500 0.013333
9 0.096875 0.381667 0.028750 0.013333
9 0.091250 0.412500 0.027500 0.011667
14 0.093125 0.427500 0.026250 0.011667
14 0.085625 0.463333 0.033750 0.013333
14 0.093125 0.488333 0.026250 0.010000
9 0.098125 0.515000 0.023750 0.013333
9 0.101250 0.530000 0.020000 0.010000
9 0.100625 0.562500 0.023750 0.011667
9 0.099375 0.590833 0.026250 0.015000
9 0.100000 0.604167 0.025000 0.011667
14 0.950000 0.123333 0.012500 0.033333
9 0.981875 0.128333 0.011250 0.026667
9 0.986875 0.025000 0.016250 0.030000
9 0.941875 0.033333 0.013750 0.030000
14 0.836875 0.051667 0.016250 0.030000