9 0.522000 0.561000 0.008000 0.014000
14 0.576000 0.583500 0.024000 0.015000
14 0.549500 0.587000 0.029000 0.014000
14 0.577000 0.592500 0.028000 0.011000
14 0.576500 0.604000 0.029000 0.014000
12 0.579500 0.613500 0.035000 0.013000
14 0.338000 0.655500 0.016000 0.021000
12 0.385000 0.645000 0.016000 0.024000
14 0.917500 0.058500 0.019000 0.025000
9 0.978500 0.256500 0.015000 0.021000
14 0.976500 0.436000 0.021000 0.026000
14 0.427000 0.478500 0.022000 0.011000
14 0.437000 0.539500 0.020000 0.009000
14 0.438500 0.529000 0.027000 0.012000
9 0.434000 0.513000 0.024000 0.010000
12 0.428500 0.486500 0.023000 0.011000
9 0.421500 0.469500 0.025000 0.013000
9 0.420500 0.461000 0.023000 0.014000
14 0.128000 0.614000 0.014000 0.020000
14 0.140000 0.613000 0.012000 0.020000
14 0.160500 0.609500 0.015000 0.021000
9 0.150500 0.611000 0.015000 0.022000
9 0.172500 0.608500 0.013000 0.021000
9 0.193500 0.603500 0.017000 0.021000
9 0.182500 0.605500 0.013000 0.019000
14 0.205500 0.603500 0.015000 0.021000
9 0.215000 0.602000 0.016000 0.024000
9 0.235000 0.597000 0.014000 0.020000
14 0.248500 0.595000 0.017000 0.022000
9 0.269000 0.592500 0.012000 0.019000
9 0.257500 0.592500 0.015000 0.023000
9 0.278000 0.591000 0.014000 0.020000
13 0.289500 0.587000 0.017000 0.022000
9 0.301500 0.586000 0.015000 0.020000
9 0.312500 0.582000 0.017000 0.024000
9 0.333000 0.579500 0.018000 0.023000
14 0.356000 0.577500 0.012000 0.017000
9 0.378500 0.571500 0.015000 0.019000
14 0.411000 0.565500 0.014000 0.019000
9 0.379000 0.529000 0.018000 0.022000
12 0.322500 0.539500 0.015000 0.021000
9 0.300500 0.543500 0.015000 0.019000
14 0.279000 0.547000 0.014000 0.020000
14 0.270000 0.550000 0.016000 0.022000
9 0.258000 0.551500 0.012000 0.021000
14 0.248000 0.553500 0.014000 0.021000
9 0.237500 0.555500 0.015000 0.021000
9 0.225500 0.558000 0.015000 0.020000
14 0.215000 0.558500 0.012000 0.017000
9 0.203500 0.558500 0.015000 0.021000
9 0.193000 0.562500 0.014000 0.021000
14 0.161000 0.568000 0.014000 0.018000
9 0.151500 0.570500 0.015000 0.021000
14 0.139500 0.573500 0.013000 0.021000
14 0.127000 0.573500 0.014000 0.021000
12 0.187500 0.540000 0.013000 0.020000
12 0.166500 0.546000 0.017000 0.024000
9 0.156000 0.545500 0.016000 0.023000
9 0.145000 0.547000 0.018000 0.022000
9 0.123500 0.551000 0.015000 0.022000
9 0.101500 0.555000 0.017000 0.024000
9 0.134000 0.508000 0.014000 0.020000
9 0.112000 0.512500 0.016000 0.023000
9 0.101000 0.516000 0.012000 0.020000
9 0.093000 0.495000 0.016000 0.022000
9 0.107000 0.492500 0.014000 0.021000
9 0.117000 0.490500 0.012000 0.021000
9 0.128500 0.489000 0.013000 0.022000
9 0.139000 0.487500 0.016000 0.023000
9 0.161000 0.484500 0.014000 0.021000
10 0.161500 0.771000 0.023000 0.048000
10 0.218000 0.834500 0.026000 0.047000
10 0.235000 0.891500 0.020000 0.047000
10 0.130000 0.889500 0.022000 0.045000
10 0.116000 0.839500 0.022000 0.049000
10 0.019000 0.805500 0.024000 0.049000
10 0.009000 0.761000 0.018000 0.048000
9 0.027500 0.465500 0.013000 0.009000