9 0.718500 0.973500 0.015000 0.021000
14 0.758500 0.931500 0.013000 0.017000
9 0.747500 0.863000 0.013000 0.016000
9 0.795500 0.769000 0.017000 0.024000
14 0.801500 0.746500 0.011000 0.015000
33 0.073000 0.451500 0.078000 0.087000
33 0.134000 0.438000 0.080000 0.088000
33 0.087500 0.321000 0.079000 0.088000
33 0.148500 0.308500 0.079000 0.087000
33 0.211500 0.295000 0.081000 0.088000
33 0.196000 0.424500 0.080000 0.089000
12 0.132500 0.642500 0.025000 0.017000
33 0.032500 0.336000 0.065000 0.088000
33 0.231500 0.387000 0.043000 0.048000
33 0.265000 0.380000 0.042000 0.048000
33 0.254000 0.444000 0.042000 0.048000
33 0.287500 0.436500 0.043000 0.049000