22 0.076000 0.224000 0.104000 0.102000
25 0.314000 0.061000 0.060000 0.060000
22 0.497000 0.070500 0.110000 0.105000
22 0.058000 0.958500 0.088000 0.083000
21 0.459500 0.793500 0.105000 0.097000
21 0.441000 0.704000 0.108000 0.100000
21 0.476000 0.518000 0.096000 0.100000
26 0.391500 0.421500 0.069000 0.067000
26 0.034000 0.657500 0.064000 0.061000
19 0.654000 0.564000 0.060000 0.058000
22 0.815000 0.678500 0.104000 0.105000
20 0.692000 0.825500 0.118000 0.115000
28 0.863500 0.899000 0.087000 0.098000
26 0.953500 0.908000 0.051000 0.060000