14 0.720833 0.976875 0.028333 0.013750
9 0.027500 0.209375 0.021667 0.011250
9 0.087500 0.216250 0.035000 0.017500
9 0.852500 0.073750 0.038333 0.015000
14 0.778333 0.132500 0.033333 0.017500
9 0.788333 0.143125 0.036667 0.018750
12 0.823333 0.129375 0.043333 0.021250
14 0.834167 0.141250 0.041667 0.020000
14 0.795000 0.153750 0.030000 0.015000
9 0.810000 0.161250 0.036667 0.017500
9 0.821667 0.169375 0.033333 0.016250
9 0.830000 0.178750 0.036667 0.020000
14 0.862500 0.168125 0.028333 0.013750
14 0.845000 0.186250 0.030000 0.015000
14 0.898333 0.193750 0.023333 0.012500
9 0.856667 0.207500 0.036667 0.020000
14 0.880000 0.224375 0.033333 0.018750
14 0.890833 0.233125 0.035000 0.018750
14 0.913333 0.216250 0.036667 0.017500
14 0.925833 0.226250 0.038333 0.020000
14 0.940833 0.240000 0.035000 0.020000
14 0.896667 0.242500 0.036667 0.020000
14 0.910833 0.252500 0.031667 0.017500
14 0.953333 0.250000 0.033333 0.015000
14 0.920833 0.260625 0.038333 0.018750
14 0.935833 0.268750 0.035000 0.017500
14 0.942500 0.278750 0.035000 0.017500
9 0.978333 0.266875 0.036667 0.021250
14 0.960000 0.287500 0.040000 0.020000
9 0.970000 0.296250 0.040000 0.020000
14 0.814167 0.299375 0.041667 0.018750
14 0.855000 0.287500 0.046667 0.022500
14 0.125000 0.015000 0.020000 0.017500
9 0.170833 0.066250 0.028333 0.025000
15 0.199167 0.139375 0.041667 0.038750
14 0.145000 0.113750 0.026667 0.022500
14 0.136667 0.132500 0.026667 0.025000
12 0.233333 0.211875 0.036667 0.031250
14 0.236667 0.261250 0.023333 0.020000
9 0.270833 0.270000 0.028333 0.022500
12 0.341667 0.281250 0.030000 0.025000
14 0.379167 0.270625 0.021667 0.018750
14 0.402500 0.291250 0.031667 0.027500
9 0.429167 0.316250 0.025000 0.020000
14 0.340000 0.324375 0.030000 0.023750
9 0.400000 0.394375 0.033333 0.026250
12 0.445833 0.376250 0.041667 0.035000
9 0.438333 0.435000 0.030000 0.025000
14 0.569167 0.453750 0.028333 0.020000
9 0.540833 0.523750 0.031667 0.025000
12 0.600833 0.513750 0.041667 0.035000
12 0.632500 0.559375 0.035000 0.028750
14 0.661667 0.615625 0.030000 0.021250
14 0.927500 0.756250 0.028333 0.022500
12 0.776667 0.701250 0.030000 0.025000
14 0.835000 0.716250 0.030000 0.022500
14 0.837500 0.783750 0.031667 0.025000
14 0.057500 0.884375 0.035000 0.021250
14 0.627500 0.973125 0.035000 0.021250
14 0.715000 0.966875 0.030000 0.016250
9 0.670000 0.933750 0.040000 0.025000
14 0.618333 0.961250 0.026667 0.015000
14 0.593333 0.941875 0.033333 0.018750
9 0.520000 0.946250 0.026667 0.022500
9 0.507500 0.933125 0.031667 0.018750
14 0.498333 0.923750 0.030000 0.017500
14 0.486667 0.913125 0.030000 0.016250
14 0.471667 0.905625 0.023333 0.013750
14 0.469167 0.893750 0.031667 0.017500
14 0.455833 0.884375 0.031667 0.016250
14 0.440833 0.915000 0.031667 0.020000
14 0.462500 0.935000 0.031667 0.017500
14 0.201667 0.828125 0.033333 0.018750
12 0.156667 0.811875 0.036667 0.008750
9 0.071667 0.741875 0.023333 0.018750
9 0.216667 0.785625 0.033333 0.018750
9 0.250000 0.773125 0.036667 0.021250
14 0.313333 0.748750 0.030000 0.017500
12 0.345833 0.736875 0.045000 0.026250
14 0.650000 0.907500 0.043333 0.022500
14 0.483333 0.816875 0.036667 0.021250
9 0.493333 0.677500 0.023333 0.015000
14 0.520000 0.668125 0.033333 0.018750
14 0.184167 0.516250 0.031667 0.017500
14 0.159167 0.461875 0.038333 0.021250
14 0.115833 0.445625 0.031667 0.016250
9 0.100833 0.333750 0.038333 0.015000
14 0.087500 0.311875 0.038333 0.016250
14 0.084167 0.271250 0.021667 0.022500
9 0.219167 0.300625 0.041667 0.018750
14 0.231667 0.310625 0.036667 0.018750
14 0.242500 0.318750 0.035000 0.020000
9 0.258333 0.330000 0.030000 0.015000
14 0.245833 0.354375 0.035000 0.026250
14 0.925000 0.151875 0.033333 0.021250
9 0.401667 0.968750 0.033333 0.012500