17 0.090000 0.723125 0.070000 0.021250
13 0.153333 0.694375 0.043333 0.038750
12 0.240833 0.672500 0.048333 0.017500
11 0.287500 0.622500 0.068333 0.020000
12 0.281667 0.559375 0.043333 0.011250
12 0.123333 0.435625 0.040000 0.013750
12 0.596667 0.300000 0.033333 0.032500
9 0.435000 0.354375 0.013333 0.021250
12 0.498333 0.338750 0.026667 0.025000
9 0.515000 0.330000 0.026667 0.022500
9 0.526667 0.318125 0.033333 0.021250
12 0.542500 0.304375 0.045000 0.016250
9 0.546667 0.278750 0.033333 0.010000
12 0.546667 0.290000 0.046667 0.012500
9 0.553333 0.269375 0.030000 0.008750
12 0.545833 0.257500 0.041667 0.010000
14 0.543333 0.240000 0.040000 0.010000
9 0.540833 0.223125 0.041667 0.011250