7 0.153000 0.010000 0.044000 0.020000
7 0.118000 0.033000 0.032000 0.042000
7 0.110500 0.041000 0.029000 0.042000
7 0.101000 0.049000 0.032000 0.040000
7 0.082500 0.061000 0.017000 0.022000
7 0.089500 0.056000 0.029000 0.040000
1 0.061500 0.552000 0.017000 0.020000
1 0.312500 0.450500 0.019000 0.025000
1 0.309000 0.480500 0.018000 0.025000
1 0.292500 0.503500 0.027000 0.017000
1 0.301000 0.527000 0.026000 0.018000
1 0.347500 0.531500 0.019000 0.027000
7 0.122500 0.646000 0.075000 0.048000
7 0.127500 0.721500 0.061000 0.035000
7 0.131500 0.784000 0.079000 0.044000
7 0.032000 0.747000 0.064000 0.042000
36 0.666500 0.302500 0.181000 0.009000