35 0.500000 0.436875 0.170000 0.058750
14 0.124167 0.400625 0.031667 0.021250
11 0.987500 0.315625 0.025000 0.046250
11 0.910833 0.235625 0.021667 0.053750
11 0.885833 0.218125 0.021667 0.028750
11 0.860000 0.219375 0.023333 0.028750
17 0.830833 0.224375 0.028333 0.031250
17 0.696667 0.357500 0.060000 0.045000
14 0.775833 0.970000 0.038333 0.012500
9 0.090833 0.994375 0.015000 0.011250
9 0.073333 0.991875 0.013333 0.016250
9 0.300833 0.953750 0.035000 0.007500
35 0.500833 0.951250 0.188333 0.097500
9 0.439167 0.205625 0.015000 0.023750
14 0.484167 0.225625 0.015000 0.021250
12 0.506667 0.216250 0.016667 0.025000
35 0.499167 0.118750 0.251667 0.107500
9 0.736667 0.155625 0.033333 0.008750
17 0.155833 0.848750 0.068333 0.012500