14 0.840000 0.055000 0.020000 0.020000
9 0.759167 0.091250 0.028333 0.025000
9 0.890000 0.122500 0.033333 0.020000
9 0.835000 0.152500 0.030000 0.022500
14 0.596667 0.154375 0.033333 0.026250
9 0.926667 0.485000 0.016667 0.017500
14 0.909167 0.483125 0.021667 0.023750
14 0.559167 0.365000 0.021667 0.020000
14 0.543333 0.359375 0.023333 0.023750
14 0.526667 0.351250 0.020000 0.022500
9 0.493333 0.335000 0.026667 0.025000
14 0.387500 0.338750 0.031667 0.020000
9 0.403333 0.345625 0.033333 0.018750
9 0.423333 0.350000 0.030000 0.020000
9 0.448333 0.363750 0.030000 0.020000
9 0.486667 0.385625 0.040000 0.023750
9 0.450000 0.310000 0.026667 0.025000
14 0.405833 0.288750 0.028333 0.025000
14 0.387500 0.281250 0.025000 0.025000
9 0.298333 0.307500 0.020000 0.022500
14 0.276667 0.308125 0.020000 0.018750
14 0.238333 0.312500 0.023333 0.027500
14 0.219167 0.310625 0.025000 0.023750
11 0.056667 0.284375 0.040000 0.036250
11 0.035833 0.291875 0.041667 0.038750
11 0.017500 0.303125 0.031667 0.031250
9 0.142500 0.317500 0.028333 0.022500
9 0.052500 0.395000 0.031667 0.015000
9 0.146667 0.392500 0.033333 0.015000
12 0.145833 0.419375 0.028333 0.013750
9 0.063333 0.474375 0.033333 0.011250
9 0.062500 0.463125 0.035000 0.011250
12 0.055833 0.485000 0.035000 0.010000
14 0.109167 0.523750 0.021667 0.017500
9 0.138333 0.513750 0.036667 0.015000
9 0.114167 0.544375 0.031667 0.023750
14 0.098333 0.551875 0.036667 0.028750
12 0.083333 0.563125 0.040000 0.033750
14 0.057500 0.575625 0.045000 0.038750
14 0.039167 0.582500 0.035000 0.030000
9 0.023333 0.590000 0.026667 0.022500
33 0.625000 0.509375 0.073333 0.101250
33 0.522500 0.508125 0.078333 0.101250
33 0.402500 0.506875 0.078333 0.103750
33 0.278333 0.505000 0.080000 0.100000
33 0.345833 0.748750 0.078333 0.100000
33 0.220833 0.748125 0.078333 0.101250
33 0.055833 0.835625 0.075000 0.101250