30 0.952000 0.859500 0.096000 0.093000
30 0.634500 0.831500 0.099000 0.087000
30 0.348000 0.871000 0.106000 0.086000
14 0.015000 0.405000 0.014000 0.020000
35 0.275000 0.203000 0.050000 0.042000
14 0.356500 0.393500 0.023000 0.013000
9 0.311500 0.350000 0.015000 0.022000
17 0.030000 0.429000 0.014000 0.032000
13 0.357500 0.762500 0.053000 0.017000
14 0.067000 0.173500 0.018000 0.027000
9 0.113500 0.230500 0.027000 0.009000
14 0.140000 0.250000 0.014000 0.022000
9 0.250000 0.365500 0.024000 0.011000
14 0.182000 0.531000 0.024000 0.022000
9 0.300500 0.588000 0.025000 0.012000
14 0.444500 0.600500 0.025000 0.011000
14 0.991500 0.720500 0.017000 0.011000
9 0.975500 0.733000 0.025000 0.024000
9 0.946000 0.734500 0.024000 0.023000
9 0.900500 0.738500 0.025000 0.025000
14 0.914000 0.736500 0.028000 0.025000
14 0.921000 0.723500 0.026000 0.015000
14 0.924500 0.707000 0.027000 0.012000
14 0.939500 0.692000 0.021000 0.010000
14 0.991000 0.676000 0.018000 0.010000
14 0.933000 0.681000 0.024000 0.010000
14 0.884000 0.739500 0.028000 0.027000
12 0.868000 0.739500 0.028000 0.027000
12 0.770500 0.749000 0.033000 0.016000
12 0.687000 0.728000 0.032000 0.014000
14 0.692000 0.754500 0.018000 0.025000
14 0.462000 0.748500 0.030000 0.011000
12 0.348500 0.704000 0.017000 0.026000
14 0.347500 0.749000 0.025000 0.014000
9 0.055500 0.787500 0.025000 0.009000
14 0.010000 0.957000 0.014000 0.020000
14 0.147000 0.760500 0.024000 0.011000
12 0.795000 0.996500 0.018000 0.007000
12 0.757500 0.446500 0.017000 0.007000
14 0.699500 0.455000 0.015000 0.008000