9 0.092500 0.246250 0.038333 0.012500
9 0.090000 0.304375 0.033333 0.011250
9 0.197500 0.283125 0.041667 0.011250
14 0.085833 0.372500 0.031667 0.010000
14 0.195833 0.418750 0.031667 0.010000
17 0.092500 0.500625 0.075000 0.061250
17 0.328333 0.555000 0.073333 0.030000
12 0.533333 0.471250 0.050000 0.020000
12 0.656667 0.429375 0.050000 0.011250
12 0.658333 0.405625 0.046667 0.011250
12 0.667500 0.349375 0.031667 0.013750
9 0.764167 0.350000 0.038333 0.010000
12 0.761667 0.338750 0.036667 0.012500
9 0.755833 0.315625 0.025000 0.011250
9 0.760000 0.296250 0.026667 0.010000
14 0.655833 0.273750 0.031667 0.010000
14 0.770833 0.199375 0.031667 0.011250
12 0.891667 0.529375 0.043333 0.046250
12 0.671667 0.460625 0.070000 0.028750
15 0.644167 0.683750 0.071667 0.015000
11 0.571667 0.673750 0.063333 0.020000
14 0.444167 0.624375 0.031667 0.031250
12 0.463333 0.625000 0.033333 0.035000
12 0.338333 0.596250 0.033333 0.050000
14 0.315000 0.590625 0.016667 0.023750
12 0.289167 0.647500 0.021667 0.027500
12 0.295833 0.616250 0.021667 0.027500
15 0.244167 0.629375 0.025000 0.038750
12 0.199167 0.646250 0.018333 0.037500
14 0.175000 0.654375 0.016667 0.021250
12 0.185000 0.623750 0.016667 0.030000
9 0.125000 0.656250 0.020000 0.027500
13 0.222500 0.638125 0.011667 0.016250
17 0.177500 0.968125 0.055000 0.016250
17 0.575833 0.560000 0.055000 0.032500
14 0.986667 0.700625 0.016667 0.023750
14 0.195000 0.395000 0.023333 0.007500
12 0.087500 0.401875 0.035000 0.008750