14 0.955833 0.111250 0.041667 0.015000
12 0.896667 0.109375 0.043333 0.013750
9 0.919167 0.075625 0.041667 0.011250
12 0.811667 0.576250 0.050000 0.017500
13 0.625000 0.560000 0.043333 0.017500
13 0.490000 0.553750 0.046667 0.015000
14 0.611667 0.532500 0.033333 0.020000
9 0.527500 0.510625 0.035000 0.016250
9 0.434167 0.579375 0.031667 0.008750
9 0.381667 0.591250 0.040000 0.010000
9 0.769167 0.705625 0.038333 0.011250
9 0.597500 0.698750 0.038333 0.012500
9 0.215833 0.719375 0.031667 0.011250
9 0.144167 0.709375 0.031667 0.011250
17 0.633333 0.772500 0.063333 0.027500
14 0.746667 0.785000 0.036667 0.012500
14 0.745833 0.794375 0.031667 0.008750
9 0.745833 0.810625 0.011667 0.021250
9 0.659167 0.849375 0.015000 0.023750
9 0.588333 0.821875 0.026667 0.008750
14 0.663333 0.895000 0.020000 0.022500
12 0.708333 0.951875 0.040000 0.041250