11 0.975500 0.352000 0.029000 0.028000
11 0.763000 0.528000 0.038000 0.030000
9 0.853000 0.472500 0.022000 0.023000
12 0.625500 0.451000 0.025000 0.024000
9 0.816500 0.025500 0.023000 0.019000
9 0.808000 0.034000 0.022000 0.020000
14 0.778500 0.065000 0.027000 0.022000
11 0.780500 0.046000 0.027000 0.024000
11 0.788500 0.034000 0.043000 0.034000
11 0.829000 0.059000 0.038000 0.038000
14 0.889000 0.160500 0.020000 0.021000
14 0.900000 0.166000 0.020000 0.020000
14 0.910000 0.172000 0.020000 0.022000
9 0.940500 0.187000 0.019000 0.018000
12 0.635500 0.113000 0.023000 0.024000
14 0.322500 0.008500 0.021000 0.017000
9 0.988000 0.857500 0.024000 0.021000
11 0.065500 0.756000 0.041000 0.040000
11 0.113500 0.642500 0.085000 0.049000
9 0.022500 0.573500 0.023000 0.021000
12 0.010000 0.587000 0.020000 0.022000
14 0.247000 0.480500 0.022000 0.021000
11 0.316000 0.482500 0.034000 0.033000
11 0.342000 0.500000 0.034000 0.032000
12 0.400500 0.579000 0.025000 0.026000
12 0.188500 0.398500 0.027000 0.025000
9 0.136500 0.978000 0.023000 0.022000
12 0.406000 0.537000 0.044000 0.042000