33 0.847500 0.945833 0.142500 0.108333
30 0.653750 0.506667 0.187500 0.240000
30 0.625625 0.830000 0.298750 0.340000
12 0.978750 0.404167 0.025000 0.035000
9 0.961875 0.402500 0.023750 0.035000
14 0.946875 0.380833 0.021250 0.028333
9 0.271250 0.811667 0.027500 0.026667
9 0.276875 0.823333 0.023750 0.023333
12 0.274375 0.929167 0.033750 0.031667
9 0.506875 0.958333 0.021250 0.033333
9 0.326875 0.800000 0.018750 0.026667
9 0.311875 0.765833 0.021250 0.031667
14 0.250625 0.664167 0.026250 0.038333
9 0.228750 0.628333 0.030000 0.046667
14 0.781875 0.343333 0.023750 0.033333
14 0.803750 0.379167 0.022500 0.031667
14 0.900625 0.530000 0.021250 0.033333
9 0.981875 0.655000 0.021250 0.030000
14 0.488750 0.427500 0.027500 0.028333
13 0.795625 0.217500 0.031250 0.031667
9 0.874375 0.165833 0.028750 0.028333
14 0.606875 0.304167 0.026250 0.025000
14 0.503125 0.378333 0.026250 0.026667
9 0.657500 0.035000 0.027500 0.026667
14 0.725000 0.092500 0.022500 0.031667
9 0.622500 0.249167 0.022500 0.031667
9 0.461875 0.331667 0.021250 0.033333
14 0.445000 0.308333 0.020000 0.030000
12 0.427500 0.281667 0.027500 0.036667
14 0.395000 0.226667 0.022500 0.033333
14 0.342500 0.147500 0.022500 0.031667
14 0.368750 0.416667 0.020000 0.030000
9 0.241250 0.595833 0.025000 0.035000
9 0.210000 0.540833 0.022500 0.031667
14 0.193125 0.512500 0.018750 0.028333
9 0.113750 0.371667 0.027500 0.040000