14 0.533125 0.124167 0.013750 0.031667
9 0.549375 0.126667 0.011250 0.026667
9 0.563125 0.126667 0.011250 0.026667
9 0.577500 0.127500 0.010000 0.028333
14 0.607500 0.044167 0.010000 0.025000
9 0.623750 0.045000 0.012500 0.026667
14 0.593750 0.046667 0.010000 0.020000
9 0.578750 0.045833 0.012500 0.028333
9 0.562500 0.044167 0.010000 0.025000
9 0.490000 0.047500 0.012500 0.028333
14 0.471875 0.046667 0.011250 0.026667
9 0.458125 0.046667 0.011250 0.026667
14 0.445000 0.046667 0.010000 0.023333
14 0.428125 0.045000 0.011250 0.026667
12 0.471875 0.128333 0.011250 0.026667
14 0.459375 0.130000 0.008750 0.016667
14 0.445000 0.127500 0.010000 0.025000
9 0.430000 0.125000 0.012500 0.026667
9 0.063125 0.817500 0.026250 0.015000
9 0.151250 0.758333 0.022500 0.010000
9 0.153750 0.650833 0.025000 0.008333
9 0.151875 0.633333 0.026250 0.010000
14 0.519375 0.130000 0.008750 0.023333
14 0.665625 0.040000 0.023750 0.013333
14 0.667500 0.009167 0.020000 0.015000
14 0.743750 0.010833 0.022500 0.008333
9 0.746250 0.059167 0.025000 0.011667
14 0.740000 0.072500 0.027500 0.011667
14 0.781875 0.072500 0.016250 0.035000
9 0.796875 0.069167 0.011250 0.025000
14 0.546875 0.045000 0.011250 0.023333
14 0.502500 0.129167 0.010000 0.021667
9 0.150000 0.664167 0.022500 0.011667
14 0.150000 0.694167 0.027500 0.011667
9 0.150000 0.710000 0.027500 0.010000
14 0.153125 0.788333 0.026250 0.013333