14 0.249000 0.023000 0.016000 0.020000
14 0.110500 0.119000 0.025000 0.014000
35 0.191000 0.131000 0.084000 0.086000
9 0.750000 0.150000 0.024000 0.016000
9 0.836500 0.106500 0.019000 0.021000
9 0.836500 0.166500 0.019000 0.021000
9 0.784000 0.239000 0.018000 0.020000
11 0.768500 0.257500 0.017000 0.019000
12 0.755000 0.272500 0.022000 0.025000
12 0.391000 0.189500 0.028000 0.017000
11 0.829000 0.246000 0.034000 0.018000
9 0.794500 0.337500 0.025000 0.017000
9 0.858000 0.359000 0.024000 0.018000
14 0.950500 0.395500 0.023000 0.015000
14 0.948500 0.427500 0.025000 0.013000
35 0.702500 0.325500 0.081000 0.081000
12 0.072000 0.265000 0.020000 0.022000
9 0.106000 0.331500 0.026000 0.015000
14 0.356000 0.321000 0.018000 0.020000
14 0.339500 0.366500 0.031000 0.019000
9 0.432500 0.342000 0.017000 0.020000
14 0.454500 0.474000 0.011000 0.012000
14 0.101000 0.419500 0.018000 0.015000
14 0.122500 0.429500 0.025000 0.015000
12 0.123000 0.461500 0.026000 0.017000
14 0.194000 0.455000 0.026000 0.018000
13 0.170500 0.478500 0.027000 0.017000
14 0.144000 0.467500 0.026000 0.021000
9 0.328000 0.502500 0.026000 0.017000
9 0.590000 0.500000 0.020000 0.022000
12 0.532500 0.511500 0.021000 0.023000
14 0.527000 0.543500 0.018000 0.019000
9 0.557500 0.541000 0.023000 0.026000
12 0.882000 0.535500 0.018000 0.021000
14 0.894000 0.540000 0.014000 0.016000
12 0.929000 0.541500 0.020000 0.023000
14 0.970000 0.712000 0.016000 0.018000
9 0.928000 0.693500 0.016000 0.017000
14 0.883000 0.677000 0.014000 0.016000
9 0.881000 0.707500 0.026000 0.017000
14 0.800500 0.676500 0.025000 0.015000
14 0.866000 0.735500 0.020000 0.013000
9 0.969500 0.739500 0.027000 0.017000
9 0.766000 0.627000 0.020000 0.020000
14 0.771500 0.547000 0.017000 0.018000
12 0.815000 0.547500 0.028000 0.017000
9 0.811500 0.560000 0.015000 0.008000
9 0.666500 0.629000 0.023000 0.016000
9 0.595000 0.603000 0.022000 0.014000
14 0.570000 0.594000 0.024000 0.014000
9 0.707000 0.507500 0.016000 0.019000
14 0.489500 0.634500 0.019000 0.025000
35 0.501500 0.585500 0.085000 0.087000
14 0.044500 0.571000 0.021000 0.014000
9 0.359000 0.680500 0.028000 0.019000
9 0.333500 0.777500 0.021000 0.025000
14 0.348500 0.820500 0.017000 0.019000
14 0.379000 0.779000 0.016000 0.018000
9 0.260000 0.821000 0.016000 0.012000
14 0.188000 0.818500 0.022000 0.013000
9 0.019000 0.732500 0.028000 0.019000
9 0.074500 0.752500 0.023000 0.013000
35 0.301000 0.852500 0.072000 0.069000
9 0.907500 0.926500 0.017000 0.021000
13 0.558500 0.919000 0.019000 0.020000
13 0.573500 0.925500 0.025000 0.023000
17 0.588500 0.924000 0.021000 0.022000
13 0.571500 0.906500 0.025000 0.015000
14 0.081500 0.959500 0.015000 0.017000
9 0.190500 0.924500 0.019000 0.009000
14 0.251000 0.889000 0.014000 0.018000
14 0.235000 0.911000 0.018000 0.024000
35 0.895000 0.064500 0.094000 0.085000
31 0.685500 0.745000 0.161000 0.092000