33 0.540625 0.497500 0.118750 0.145000
33 0.618125 0.449167 0.118750 0.145000
33 0.693750 0.400833 0.117500 0.145000
33 0.846250 0.308333 0.120000 0.146667
33 0.923125 0.261667 0.121250 0.146667
33 0.971250 0.197500 0.057500 0.141667
33 0.740625 0.134167 0.121250 0.145000
33 0.591875 0.226667 0.121250 0.146667
33 0.513125 0.275000 0.118750 0.146667
33 0.437500 0.322500 0.120000 0.145000
9 0.029375 0.779167 0.008750 0.025000
9 0.014375 0.779167 0.008750 0.025000
12 0.033125 0.700000 0.011250 0.030000
14 0.047500 0.705833 0.010000 0.025000
14 0.062500 0.700833 0.010000 0.028333
9 0.076875 0.700833 0.008750 0.021667
14 0.108125 0.667500 0.011250 0.025000
9 0.093125 0.668333 0.011250 0.026667
14 0.063125 0.671667 0.011250 0.023333
14 0.046250 0.671667 0.010000 0.023333
9 0.032500 0.666667 0.010000 0.023333
9 0.019375 0.670000 0.011250 0.030000
9 0.004375 0.666667 0.008750 0.026667
9 0.006250 0.592500 0.012500 0.025000
9 0.021250 0.593333 0.010000 0.026667
14 0.036250 0.591667 0.010000 0.026667
9 0.051875 0.595000 0.011250 0.026667
9 0.065000 0.595833 0.012500 0.028333
9 0.080000 0.595833 0.010000 0.025000
14 0.094375 0.592500 0.011250 0.028333
9 0.109375 0.594167 0.008750 0.025000
14 0.113125 0.556667 0.011250 0.030000
9 0.097500 0.551667 0.012500 0.026667
9 0.081250 0.551667 0.010000 0.026667
9 0.066250 0.552500 0.012500 0.028333
14 0.051875 0.555833 0.011250 0.025000
9 0.035625 0.550000 0.011250 0.023333
14 0.021250 0.551667 0.010000 0.026667
9 0.005000 0.550833 0.010000 0.025000
14 0.008125 0.469167 0.011250 0.025000
9 0.024375 0.471667 0.011250 0.026667
9 0.038750 0.475000 0.010000 0.026667
14 0.083750 0.432500 0.012500 0.031667
14 0.065000 0.430000 0.012500 0.033333
14 0.043750 0.424167 0.012500 0.028333
14 0.028125 0.428333 0.013750 0.033333
14 0.008750 0.429167 0.012500 0.031667
9 0.121875 0.330833 0.026250 0.025000
14 0.173125 0.268333 0.026250 0.026667
14 0.158125 0.240833 0.026250 0.025000
14 0.093125 0.270833 0.028750 0.025000
14 0.309375 0.775833 0.021250 0.011667
9 0.400625 0.780000 0.021250 0.013333
9 0.458750 0.880000 0.010000 0.026667
12 0.313750 0.875833 0.010000 0.028333
33 0.823125 0.089167 0.121250 0.145000
33 0.901250 0.063333 0.120000 0.126667