9 0.007500 0.360000 0.015000 0.016667
9 0.010625 0.346667 0.021250 0.020000
9 0.016875 0.330833 0.021250 0.018333
9 0.049375 0.012500 0.026250 0.015000
9 0.046250 0.027500 0.025000 0.011667
14 0.042500 0.043333 0.020000 0.010000
9 0.040625 0.061667 0.023750 0.013333
9 0.040625 0.076667 0.021250 0.013333
12 0.100000 0.024167 0.012500 0.028333
9 0.091875 0.058333 0.013750 0.030000
9 0.086250 0.088333 0.012500 0.030000
14 0.081875 0.125000 0.011250 0.026667
9 0.581875 0.043333 0.011250 0.016667
9 0.616250 0.047500 0.012500 0.021667
9 0.599375 0.043333 0.013750 0.020000
9 0.545000 0.032500 0.017500 0.028333
9 0.528750 0.029167 0.017500 0.028333
9 0.495000 0.060000 0.012500 0.026667
9 0.490625 0.085833 0.013750 0.028333
9 0.486250 0.116667 0.012500 0.030000
14 0.529375 0.089167 0.026250 0.038333
14 0.546875 0.092500 0.021250 0.028333
9 0.565000 0.095833 0.020000 0.028333
9 0.579375 0.101667 0.021250 0.030000
14 0.599375 0.101667 0.031250 0.036667
9 0.613125 0.107500 0.021250 0.028333
9 0.575000 0.128333 0.020000 0.023333
9 0.508750 0.145833 0.012500 0.028333
33 0.283125 0.871667 0.126250 0.143333
33 0.345625 0.920000 0.126250 0.160000
33 0.410000 0.945000 0.122500 0.110000
14 0.590625 0.133333 0.026250 0.036667
30 0.920625 0.878333 0.158750 0.243333