9 0.155000 0.300625 0.036667 0.008750
14 0.179167 0.360625 0.018333 0.018750
14 0.023333 0.267500 0.033333 0.007500
9 0.019167 0.278750 0.035000 0.010000
14 0.036667 0.371875 0.033333 0.028750
14 0.020000 0.301875 0.030000 0.008750
14 0.197500 0.360000 0.018333 0.022500
14 0.220833 0.359375 0.021667 0.021250
9 0.070000 0.461875 0.036667 0.008750
14 0.065833 0.473750 0.038333 0.010000
14 0.065000 0.485625 0.030000 0.008750
14 0.253333 0.487500 0.016667 0.017500
14 0.265833 0.486250 0.018333 0.020000
9 0.315000 0.485625 0.016667 0.021250
9 0.331667 0.483750 0.016667 0.022500
14 0.371667 0.485000 0.020000 0.020000
14 0.655000 0.428750 0.023333 0.022500
9 0.795833 0.416250 0.021667 0.022500
14 0.857500 0.410625 0.015000 0.018750
14 0.914167 0.408750 0.018333 0.022500
14 0.893333 0.408125 0.016667 0.018750
14 0.938333 0.409375 0.016667 0.021250
14 0.956667 0.406875 0.016667 0.018750
14 0.974167 0.403125 0.018333 0.021250
14 0.806667 0.482500 0.016667 0.025000
14 0.865833 0.458750 0.041667 0.010000
9 0.849167 0.486250 0.018333 0.017500
14 0.867500 0.483125 0.018333 0.021250
14 0.888333 0.485625 0.020000 0.021250
12 0.985000 0.483125 0.016667 0.023750
14 0.947500 0.483750 0.015000 0.020000
14 0.924167 0.483125 0.015000 0.021250
32 0.465000 0.801875 0.496667 0.393750
32 0.601667 0.138125 0.796667 0.276250