14 0.941667 0.229375 0.023333 0.026250
14 0.907500 0.083750 0.021667 0.025000
14 0.783333 0.740625 0.040000 0.016250
14 0.794167 0.670625 0.035000 0.013750
14 0.595000 0.349375 0.023333 0.026250
14 0.616667 0.346250 0.020000 0.022500
17 0.675833 0.229375 0.028333 0.041250
17 0.651667 0.240625 0.030000 0.041250
13 0.210000 0.554375 0.040000 0.013750
14 0.900833 0.036875 0.021667 0.023750
14 0.931667 0.476250 0.020000 0.025000
9 0.310833 0.439375 0.021667 0.026250
9 0.140833 0.494375 0.041667 0.013750
9 0.024167 0.628125 0.021667 0.026250
9 0.035000 0.676875 0.026667 0.031250