17 0.525000 0.044375 0.026667 0.036250
17 0.621667 0.320000 0.026667 0.042500
9 0.976667 0.455000 0.020000 0.030000
11 0.745833 0.331875 0.018333 0.028750
11 0.770833 0.333125 0.021667 0.028750
11 0.790833 0.330625 0.018333 0.026250
11 0.828333 0.332500 0.020000 0.027500
14 0.849167 0.334375 0.021667 0.028750
14 0.878333 0.400000 0.016667 0.022500
9 0.400833 0.445000 0.018333 0.027500
9 0.417500 0.583125 0.038333 0.016250
9 0.049167 0.706875 0.021667 0.028750
9 0.052500 0.925000 0.018333 0.025000
17 0.575000 0.319375 0.026667 0.038750