14 0.092500 0.374500 0.021000 0.007000
14 0.119000 0.375000 0.020000 0.006000
12 0.164000 0.374500 0.024000 0.007000
9 0.291000 0.451500 0.010000 0.017000
14 0.290500 0.472000 0.009000 0.016000
9 0.289500 0.591000 0.009000 0.016000
9 0.289000 0.607500 0.010000 0.015000
14 0.297000 0.362000 0.024000 0.010000
14 0.379500 0.473000 0.013000 0.006000
9 0.819500 0.799500 0.009000 0.017000
9 0.818500 0.467000 0.009000 0.022000
14 0.834000 0.463500 0.008000 0.017000
14 0.611000 0.374000 0.026000 0.012000
14 0.919000 0.222000 0.010000 0.016000
30 0.358500 0.263500 0.149000 0.125000