14 0.387500 0.291667 0.025000 0.013333
9 0.386250 0.244167 0.027500 0.011667
9 0.385625 0.229167 0.028750 0.011667
14 0.386875 0.197500 0.026250 0.011667
9 0.386250 0.183333 0.027500 0.013333
9 0.308125 0.340833 0.026250 0.011667
14 0.308125 0.323333 0.023750 0.013333
12 0.308125 0.310000 0.026250 0.013333
9 0.307500 0.294167 0.027500 0.015000
9 0.308125 0.280000 0.026250 0.013333
14 0.305000 0.261667 0.025000 0.013333
14 0.308125 0.246667 0.026250 0.013333
9 0.306250 0.231667 0.027500 0.013333
14 0.305625 0.217500 0.026250 0.011667
9 0.352500 0.815833 0.020000 0.041667
14 0.591875 0.888333 0.026250 0.013333
14 0.262500 0.185833 0.032500 0.015000