14 0.491000 0.014000 0.018000 0.012000
14 0.507000 0.021500 0.018000 0.013000
14 0.446000 0.040500 0.014000 0.017000
14 0.084000 0.364000 0.016000 0.020000
11 0.188000 0.185500 0.040000 0.053000
14 0.225000 0.153500 0.014000 0.017000
9 0.259000 0.072500 0.016000 0.019000
9 0.303500 0.058000 0.017000 0.020000
14 0.308500 0.024000 0.017000 0.022000
14 0.227500 0.209500 0.017000 0.019000
9 0.233000 0.258000 0.018000 0.020000
14 0.279500 0.185000 0.017000 0.020000
11 0.247500 0.210500 0.037000 0.045000
14 0.164500 0.359000 0.015000 0.018000
14 0.007000 0.545000 0.014000 0.016000
13 0.149000 0.111000 0.020000 0.014000
14 0.159000 0.099000 0.016000 0.012000
9 0.166000 0.085000 0.018000 0.012000
9 0.170000 0.078000 0.020000 0.012000
14 0.174000 0.071500 0.018000 0.013000
9 0.139000 0.098500 0.018000 0.011000
14 0.144000 0.092500 0.016000 0.011000
14 0.145000 0.084500 0.016000 0.011000
14 0.149000 0.077500 0.018000 0.011000
14 0.129000 0.086000 0.018000 0.012000
9 0.128000 0.078000 0.018000 0.012000
14 0.151500 0.070500 0.017000 0.011000
14 0.156000 0.063500 0.018000 0.013000
14 0.120000 0.056500 0.016000 0.011000
14 0.113000 0.063000 0.016000 0.012000
14 0.110500 0.069000 0.017000 0.012000
9 0.091500 0.062500 0.019000 0.015000
9 0.096500 0.055000 0.019000 0.014000
9 0.102500 0.049500 0.017000 0.013000
9 0.083500 0.042000 0.019000 0.012000
14 0.102000 0.031500 0.020000 0.013000
14 0.121000 0.040000 0.016000 0.012000
14 0.138000 0.046500 0.016000 0.011000
14 0.071000 0.061500 0.016000 0.011000
14 0.075500 0.054500 0.019000 0.013000
14 0.086000 0.068000 0.014000 0.010000
9 0.063500 0.075000 0.017000 0.012000
14 0.068500 0.067500 0.015000 0.011000
14 0.136000 0.063500 0.016000 0.011000
14 0.096000 0.037000 0.020000 0.014000
14 0.131500 0.069500 0.019000 0.013000
14 0.140500 0.057000 0.017000 0.012000
14 0.122500 0.091500 0.015000 0.011000
14 0.114500 0.080000 0.015000 0.012000
14 0.156000 0.054500 0.018000 0.013000
13 0.175500 0.060500 0.023000 0.017000
13 0.114000 0.096500 0.020000 0.015000
14 0.184500 0.033000 0.019000 0.014000
14 0.188500 0.025000 0.019000 0.014000
9 0.202000 0.021500 0.022000 0.015000
14 0.208500 0.014500 0.019000 0.013000
14 0.192000 0.008000 0.018000 0.014000
14 0.210500 0.007500 0.019000 0.013000
14 0.146500 0.016000 0.021000 0.014000
14 0.182500 0.013000 0.021000 0.014000
14 0.162000 0.005500 0.018000 0.011000
14 0.293000 0.909500 0.016000 0.019000
14 0.326000 0.830000 0.016000 0.020000
14 0.337000 0.811500 0.018000 0.021000
14 0.348000 0.793000 0.018000 0.022000
14 0.314500 0.847500 0.019000 0.023000
14 0.290000 0.690000 0.016000 0.010000
14 0.313500 0.701000 0.019000 0.014000
14 0.306500 0.709000 0.019000 0.014000
14 0.324500 0.715000 0.019000 0.014000
14 0.311000 0.655500 0.020000 0.015000
9 0.319500 0.640000 0.021000 0.014000
14 0.371500 0.609500 0.015000 0.013000
14 0.390500 0.618000 0.019000 0.012000
14 0.102500 0.769500 0.017000 0.013000
14 0.136500 0.787000 0.019000 0.014000
14 0.141000 0.775000 0.018000 0.014000
14 0.162500 0.769000 0.013000 0.010000
14 0.168500 0.759500 0.015000 0.013000
14 0.153500 0.760000 0.015000 0.012000
14 0.157500 0.747000 0.013000 0.010000
14 0.161500 0.739500 0.017000 0.013000
14 0.172500 0.723000 0.019000 0.014000
14 0.200500 0.723500 0.015000 0.011000
14 0.188500 0.740000 0.019000 0.014000
14 0.166500 0.731000 0.021000 0.014000
14 0.193500 0.731000 0.021000 0.016000
14 0.183000 0.701500 0.020000 0.013000
14 0.207000 0.712500 0.020000 0.007000
11 0.988000 0.655000 0.024000 0.042000
15 0.982000 0.644000 0.036000 0.056000
15 0.974000 0.636500 0.042000 0.059000
11 0.986500 0.587000 0.027000 0.044000
15 0.973500 0.588500 0.025000 0.033000
15 0.990000 0.557000 0.020000 0.032000
11 0.962500 0.562000 0.025000 0.032000
11 0.944000 0.590000 0.026000 0.032000
11 0.963000 0.583000 0.024000 0.030000
15 0.949500 0.629500 0.037000 0.055000
11 0.947000 0.610500 0.024000 0.031000
13 0.960500 0.634500 0.041000 0.059000
11 0.934500 0.670000 0.051000 0.032000
11 0.818500 0.591000 0.027000 0.034000
11 0.835500 0.562000 0.025000 0.032000
11 0.874000 0.613000 0.026000 0.034000
11 0.879500 0.580500 0.027000 0.033000
11 0.852500 0.534000 0.025000 0.034000
11 0.848000 0.563500 0.024000 0.031000
11 0.864500 0.537000 0.023000 0.030000
11 0.869000 0.506000 0.024000 0.032000
11 0.886500 0.479000 0.023000 0.030000
11 0.902500 0.452500 0.023000 0.029000
11 0.881000 0.509500 0.024000 0.031000
11 0.897500 0.482000 0.025000 0.030000
11 0.929000 0.430500 0.024000 0.029000
11 0.917500 0.426000 0.023000 0.030000
11 0.913500 0.457500 0.025000 0.031000
11 0.896500 0.554000 0.023000 0.030000
11 0.907500 0.559000 0.027000 0.034000
11 0.913500 0.524500 0.027000 0.035000
11 0.925000 0.529500 0.026000 0.033000
11 0.918500 0.492500 0.025000 0.033000
11 0.924000 0.463500 0.026000 0.033000
11 0.941000 0.436500 0.024000 0.031000
11 0.947000 0.469000 0.026000 0.032000
11 0.941000 0.503000 0.024000 0.030000
11 0.931000 0.496500 0.026000 0.033000
11 0.963000 0.444000 0.026000 0.032000
11 0.956500 0.477500 0.023000 0.031000
11 0.974000 0.449500 0.024000 0.031000
11 0.758500 0.533500 0.025000 0.031000
13 0.813500 0.442000 0.025000 0.030000
11 0.826500 0.420500 0.017000 0.019000
11 0.840000 0.398000 0.026000 0.032000
11 0.796000 0.537000 0.032000 0.044000
11 0.818500 0.499000 0.029000 0.040000
11 0.841500 0.462500 0.031000 0.041000
11 0.865000 0.424500 0.034000 0.045000
11 0.814500 0.553000 0.025000 0.032000
11 0.812500 0.533000 0.033000 0.044000
11 0.836500 0.496500 0.031000 0.041000
11 0.858500 0.458500 0.031000 0.041000
11 0.882000 0.442000 0.024000 0.032000
11 0.867500 0.467500 0.019000 0.023000
11 0.846000 0.501000 0.024000 0.032000
11 0.715000 0.631500 0.048000 0.029000
11 0.689000 0.535000 0.028000 0.036000
12 0.717000 0.487000 0.028000 0.036000
11 0.760500 0.417000 0.031000 0.042000
11 0.744500 0.487500 0.027000 0.035000
11 0.764500 0.454000 0.031000 0.040000
11 0.789000 0.416500 0.032000 0.043000
11 0.808500 0.382000 0.025000 0.032000
13 0.736000 0.525000 0.024000 0.030000
11 0.791500 0.431000 0.023000 0.030000
11 0.814000 0.397000 0.032000 0.044000
11 0.766000 0.477500 0.018000 0.021000
11 0.628000 0.500500 0.026000 0.035000
11 0.644000 0.473500 0.022000 0.027000
11 0.649500 0.511500 0.035000 0.045000
11 0.677000 0.465500 0.032000 0.043000
11 0.689000 0.471000 0.032000 0.042000
11 0.711500 0.474500 0.031000 0.041000
15 0.613000 0.483000 0.040000 0.056000
11 0.659500 0.518000 0.033000 0.046000
11 0.697000 0.411500 0.032000 0.043000
11 0.682500 0.411500 0.039000 0.055000
11 0.728500 0.403000 0.023000 0.028000
11 0.685000 0.521000 0.028000 0.036000
11 0.557500 0.455000 0.025000 0.032000
11 0.585500 0.410500 0.041000 0.057000
11 0.610000 0.369500 0.024000 0.031000
11 0.571000 0.455500 0.032000 0.043000
11 0.582500 0.460500 0.031000 0.043000
11 0.594000 0.464000 0.030000 0.042000
11 0.594500 0.417500 0.031000 0.043000
11 0.630000 0.383000 0.032000 0.044000
11 0.606000 0.422000 0.032000 0.044000
11 0.618500 0.379000 0.033000 0.044000
11 0.617000 0.427000 0.032000 0.042000
11 0.651000 0.393500 0.032000 0.043000
11 0.638500 0.437000 0.031000 0.042000
11 0.604000 0.471000 0.034000 0.046000
11 0.662500 0.398000 0.031000 0.042000
11 0.627500 0.432000 0.033000 0.044000
11 0.639500 0.388500 0.031000 0.043000
11 0.483000 0.356500 0.026000 0.033000
11 0.500500 0.328000 0.025000 0.032000
11 0.495000 0.360000 0.024000 0.032000
11 0.512000 0.332500 0.026000 0.033000
11 0.516000 0.371500 0.026000 0.033000
11 0.522500 0.338500 0.027000 0.035000
11 0.535500 0.341500 0.025000 0.033000
11 0.546000 0.347000 0.024000 0.032000
11 0.538500 0.380500 0.025000 0.031000
11 0.556000 0.352500 0.024000 0.033000
11 0.549000 0.383000 0.024000 0.030000
11 0.565500 0.356500 0.025000 0.031000
11 0.559500 0.386500 0.023000 0.031000
11 0.587000 0.362000 0.026000 0.032000
11 0.569000 0.391000 0.024000 0.032000
11 0.577500 0.358000 0.025000 0.032000
11 0.598000 0.366500 0.024000 0.031000
11 0.580500 0.394000 0.025000 0.032000
11 0.564000 0.421500 0.020000 0.025000
11 0.550500 0.443000 0.021000 0.026000
11 0.522000 0.398000 0.026000 0.016000
11 0.550500 0.408500 0.023000 0.015000
11 0.543500 0.416000 0.027000 0.018000
11 0.535500 0.443500 0.023000 0.027000
11 0.543500 0.272500 0.025000 0.017000
11 0.538500 0.280500 0.027000 0.017000
11 0.569500 0.283000 0.027000 0.018000
11 0.596000 0.293500 0.026000 0.017000
11 0.622500 0.304000 0.027000 0.018000
11 0.649000 0.315000 0.028000 0.018000
11 0.676500 0.326500 0.025000 0.017000
11 0.703000 0.337000 0.026000 0.018000
11 0.729000 0.347500 0.024000 0.017000
11 0.754000 0.357500 0.024000 0.017000
11 0.525000 0.304500 0.026000 0.017000
11 0.543500 0.323000 0.027000 0.018000
11 0.553500 0.315500 0.027000 0.017000
11 0.561500 0.300000 0.025000 0.016000
11 0.535000 0.289500 0.028000 0.019000
11 0.565000 0.291000 0.026000 0.018000
11 0.590500 0.301000 0.023000 0.016000
11 0.590000 0.310500 0.028000 0.017000
11 0.579500 0.316500 0.025000 0.017000
11 0.600500 0.344500 0.023000 0.015000
11 0.615500 0.311500 0.025000 0.017000
11 0.618000 0.322500 0.028000 0.017000
11 0.604500 0.326000 0.023000 0.016000
11 0.603500 0.335500 0.023000 0.015000
11 0.630000 0.336500 0.026000 0.017000
11 0.647000 0.333500 0.028000 0.017000
11 0.638500 0.321000 0.025000 0.018000
11 0.665500 0.332000 0.025000 0.016000
11 0.692000 0.342000 0.024000 0.016000
11 0.719000 0.353500 0.026000 0.017000
11 0.745500 0.364500 0.027000 0.019000
11 0.675500 0.345000 0.029000 0.018000
11 0.703500 0.356500 0.025000 0.017000
11 0.728500 0.367000 0.025000 0.018000
11 0.755000 0.378500 0.030000 0.021000
11 0.658000 0.347500 0.028000 0.019000
11 0.685000 0.358000 0.024000 0.016000
11 0.710500 0.368500 0.025000 0.017000
11 0.737000 0.381000 0.028000 0.018000
11 0.577500 0.325500 0.025000 0.017000
11 0.629000 0.345500 0.028000 0.019000
11 0.680000 0.365500 0.026000 0.017000
11 0.655000 0.355500 0.026000 0.017000
11 0.704000 0.375500 0.026000 0.017000
11 0.731000 0.387000 0.028000 0.018000
11 0.628000 0.355500 0.024000 0.017000
11 0.652500 0.366000 0.027000 0.018000
11 0.678000 0.375500 0.024000 0.017000
11 0.703000 0.386500 0.028000 0.019000
11 0.572500 0.334000 0.027000 0.018000
11 0.780000 0.368000 0.028000 0.020000
11 0.772000 0.376000 0.028000 0.018000
9 0.436500 0.435500 0.019000 0.023000
14 0.768000 0.206500 0.016000 0.019000
11 0.666500 0.148500 0.025000 0.031000
11 0.648500 0.178000 0.025000 0.030000
11 0.615000 0.202500 0.036000 0.043000
11 0.639500 0.163000 0.035000 0.042000
11 0.589500 0.244000 0.035000 0.044000
12 0.664000 0.127500 0.024000 0.029000
12 0.629500 0.207500 0.029000 0.037000
14 0.115500 0.518000 0.011000 0.014000
14 0.263500 0.592000 0.013000 0.016000
9 0.239000 0.520000 0.020000 0.014000
9 0.256500 0.528000 0.019000 0.014000
14 0.236000 0.529000 0.018000 0.012000
14 0.253000 0.536000 0.016000 0.012000
9 0.274500 0.535500 0.017000 0.013000
9 0.285500 0.550000 0.019000 0.014000
14 0.276500 0.555500 0.017000 0.013000
14 0.255000 0.508000 0.016000 0.012000
9 0.273500 0.502500 0.017000 0.013000
9 0.291500 0.510500 0.017000 0.013000
14 0.260500 0.517000 0.017000 0.012000
14 0.295000 0.530000 0.016000 0.012000
14 0.278000 0.522500 0.018000 0.013000
13 0.314500 0.528500 0.019000 0.013000
9 0.308500 0.516500 0.015000 0.011000
9 0.275500 0.492000 0.019000 0.014000
9 0.293500 0.500500 0.019000 0.013000
9 0.317500 0.500500 0.019000 0.013000
9 0.321500 0.493000 0.017000 0.012000
14 0.306000 0.485500 0.016000 0.011000
14 0.300500 0.493500 0.019000 0.013000
14 0.310500 0.507000 0.017000 0.014000
14 0.329000 0.515000 0.020000 0.016000
14 0.339000 0.499500 0.018000 0.013000
9 0.283500 0.485500 0.019000 0.013000
13 0.285500 0.455000 0.017000 0.012000
13 0.302000 0.462000 0.016000 0.012000
14 0.317000 0.470000 0.018000 0.014000
9 0.350500 0.484500 0.019000 0.013000
9 0.287500 0.446500 0.019000 0.013000
9 0.295500 0.432000 0.017000 0.012000
14 0.290500 0.438500 0.015000 0.011000
9 0.308500 0.447000 0.019000 0.014000
9 0.304500 0.454000 0.019000 0.014000
14 0.325000 0.454000 0.018000 0.012000
9 0.328500 0.447500 0.017000 0.013000
14 0.331000 0.438500 0.018000 0.013000
14 0.349000 0.447500 0.018000 0.013000
14 0.369500 0.455500 0.021000 0.015000
14 0.357000 0.478000 0.020000 0.014000
14 0.338000 0.469000 0.018000 0.012000
14 0.342500 0.461500 0.019000 0.013000
14 0.322000 0.462500 0.018000 0.013000
14 0.336500 0.433500 0.017000 0.011000
14 0.374000 0.448000 0.020000 0.014000
9 0.313500 0.432000 0.019000 0.014000
14 0.377500 0.441000 0.021000 0.014000
9 0.359000 0.434500 0.020000 0.013000
9 0.364500 0.427500 0.021000 0.015000
9 0.368500 0.421500 0.019000 0.013000
14 0.325500 0.420500 0.017000 0.013000
9 0.328000 0.414000 0.020000 0.014000
14 0.320000 0.425500 0.018000 0.013000
13 0.365000 0.464500 0.022000 0.017000
9 0.279500 0.426500 0.013000 0.017000
14 0.268500 0.445500 0.017000 0.021000
13 0.279500 0.464500 0.021000 0.015000
14 0.310500 0.406500 0.015000 0.011000
13 0.335000 0.408000 0.016000 0.012000
13 0.382500 0.435000 0.017000 0.012000
14 0.340500 0.428000 0.017000 0.012000
13 0.303000 0.420000 0.016000 0.012000
13 0.296500 0.425000 0.019000 0.012000
13 0.345500 0.421000 0.017000 0.012000
13 0.350500 0.414000 0.017000 0.014000
13 0.386500 0.429500 0.019000 0.013000
14 0.354000 0.441500 0.020000 0.015000
11 0.342500 0.388000 0.031000 0.022000
11 0.361500 0.335500 0.021000 0.015000
14 0.381500 0.345500 0.023000 0.017000
9 0.424000 0.352000 0.018000 0.014000
14 0.423500 0.342500 0.019000 0.013000
14 0.390000 0.327500 0.018000 0.013000
14 0.383500 0.335000 0.017000 0.012000
14 0.408000 0.336000 0.016000 0.014000
9 0.355000 0.300500 0.020000 0.015000
14 0.388500 0.313500 0.017000 0.013000
9 0.404500 0.321000 0.017000 0.012000
14 0.421000 0.328000 0.018000 0.014000
9 0.440500 0.325500 0.021000 0.013000
14 0.436500 0.334500 0.017000 0.013000
14 0.371000 0.295000 0.020000 0.014000
9 0.407500 0.311500 0.017000 0.013000
13 0.424000 0.318000 0.016000 0.012000
13 0.389000 0.304000 0.020000 0.014000
14 0.434000 0.313500 0.016000 0.013000
13 0.450000 0.321000 0.018000 0.014000
9 0.354500 0.266000 0.021000 0.014000
13 0.383500 0.290000 0.019000 0.014000
13 0.400500 0.297500 0.015000 0.013000
13 0.416000 0.305500 0.020000 0.015000
14 0.378000 0.224500 0.016000 0.011000
13 0.395000 0.232500 0.018000 0.013000
9 0.414000 0.240000 0.018000 0.012000
14 0.432500 0.247500 0.019000 0.013000
14 0.448000 0.255000 0.016000 0.012000
14 0.465500 0.261500 0.015000 0.011000
14 0.476500 0.284000 0.017000 0.012000
9 0.377000 0.235000 0.018000 0.012000
14 0.371500 0.240500 0.019000 0.013000
14 0.367500 0.248000 0.015000 0.012000
14 0.409000 0.280500 0.016000 0.011000
14 0.425500 0.287500 0.019000 0.013000
14 0.421000 0.269000 0.014000 0.010000
14 0.442000 0.270000 0.014000 0.010000
14 0.443500 0.262000 0.019000 0.012000
14 0.425500 0.263000 0.015000 0.010000
14 0.405000 0.262500 0.016000 0.011000
14 0.400500 0.269000 0.015000 0.010000
14 0.393000 0.274000 0.014000 0.010000
9 0.386500 0.280000 0.017000 0.012000
14 0.433000 0.283000 0.016000 0.012000
14 0.435500 0.276000 0.013000 0.010000
14 0.481000 0.268000 0.016000 0.012000
14 0.455500 0.308500 0.017000 0.013000
14 0.449000 0.289500 0.016000 0.011000
14 0.458000 0.276500 0.018000 0.013000
14 0.460500 0.269500 0.017000 0.013000
14 0.443000 0.295000 0.016000 0.012000
13 0.439000 0.301500 0.012000 0.011000
14 0.421500 0.295000 0.017000 0.012000
13 0.375000 0.267000 0.020000 0.014000
13 0.404000 0.287000 0.018000 0.014000
13 0.371500 0.273500 0.017000 0.013000
13 0.452500 0.283500 0.019000 0.013000
13 0.469500 0.289500 0.019000 0.015000
13 0.460500 0.301500 0.017000 0.013000
13 0.478000 0.276500 0.020000 0.013000
13 0.390000 0.248500 0.020000 0.013000
13 0.386000 0.255500 0.020000 0.015000
13 0.417000 0.275000 0.018000 0.012000
13 0.408500 0.257000 0.017000 0.012000
13 0.425500 0.255500 0.015000 0.011000
13 0.411000 0.248500 0.018000 0.013000
14 0.464500 0.296000 0.017000 0.012000
9 0.415500 0.142500 0.021000 0.013000
14 0.422500 0.154500 0.019000 0.013000
14 0.413500 0.160000 0.017000 0.012000
14 0.411500 0.168000 0.017000 0.012000
14 0.408500 0.175500 0.019000 0.013000
14 0.405000 0.182000 0.020000 0.014000
9 0.392500 0.186000 0.021000 0.014000
14 0.391000 0.193500 0.016000 0.011000
14 0.386500 0.201000 0.019000 0.012000
14 0.385500 0.208000 0.017000 0.012000
13 0.383500 0.216000 0.017000 0.012000
9 0.401500 0.225000 0.019000 0.014000
14 0.405000 0.208000 0.016000 0.012000
9 0.403000 0.216000 0.018000 0.012000
9 0.409000 0.192500 0.016000 0.011000
9 0.424000 0.191000 0.018000 0.014000
9 0.427000 0.183000 0.018000 0.012000
14 0.428000 0.174500 0.016000 0.011000
13 0.429500 0.167000 0.015000 0.010000
9 0.439500 0.161500 0.017000 0.011000
14 0.445000 0.173500 0.016000 0.011000
9 0.444500 0.182500 0.019000 0.013000
14 0.443500 0.190500 0.017000 0.011000
14 0.476500 0.204000 0.019000 0.014000
14 0.480000 0.196500 0.020000 0.013000
14 0.496000 0.203000 0.014000 0.010000
9 0.511000 0.201500 0.020000 0.013000
14 0.507000 0.192500 0.016000 0.011000
14 0.510000 0.217500 0.018000 0.013000
9 0.494000 0.210500 0.018000 0.013000
9 0.490500 0.218000 0.017000 0.012000
14 0.506500 0.225000 0.017000 0.012000
13 0.448000 0.207500 0.016000 0.011000
14 0.421500 0.215500 0.019000 0.013000
14 0.426500 0.207500 0.015000 0.011000
13 0.409500 0.201500 0.021000 0.015000
14 0.426500 0.200000 0.019000 0.012000
14 0.444500 0.215500 0.021000 0.015000
14 0.458500 0.231500 0.019000 0.013000
14 0.455500 0.238000 0.017000 0.012000
9 0.436500 0.239000 0.019000 0.014000
14 0.494500 0.245500 0.019000 0.013000
9 0.478000 0.229000 0.020000 0.014000
14 0.466000 0.215500 0.016000 0.011000
14 0.462000 0.222000 0.018000 0.014000
9 0.471500 0.246000 0.019000 0.014000
9 0.476500 0.237500 0.019000 0.013000
9 0.495500 0.237000 0.019000 0.014000
9 0.500500 0.230500 0.019000 0.013000
14 0.483500 0.222000 0.019000 0.012000
14 0.491500 0.253000 0.021000 0.014000
14 0.455000 0.247500 0.020000 0.013000
14 0.472500 0.255500 0.013000 0.011000
14 0.438500 0.232000 0.017000 0.012000
14 0.422500 0.224500 0.019000 0.013000
9 0.418500 0.231500 0.019000 0.013000
14 0.440000 0.223500 0.018000 0.013000
14 0.487500 0.261000 0.017000 0.012000
9 0.460500 0.180500 0.019000 0.013000
14 0.457500 0.169000 0.019000 0.014000
14 0.476000 0.178500 0.018000 0.013000
14 0.479000 0.189000 0.020000 0.014000
14 0.460000 0.195000 0.018000 0.012000
14 0.447500 0.200500 0.015000 0.011000
14 0.463000 0.206500 0.014000 0.011000
9 0.451500 0.088500 0.019000 0.015000
14 0.470500 0.095000 0.017000 0.014000
14 0.488000 0.104000 0.020000 0.014000
14 0.508000 0.112500 0.018000 0.013000
9 0.526500 0.119500 0.017000 0.013000
9 0.543500 0.127000 0.021000 0.014000
9 0.523000 0.126500 0.020000 0.013000
14 0.449500 0.097000 0.019000 0.014000
14 0.463000 0.119500 0.020000 0.015000
9 0.445000 0.121000 0.020000 0.014000
9 0.440500 0.126500 0.023000 0.015000
9 0.467000 0.104500 0.020000 0.015000
14 0.485000 0.112500 0.020000 0.015000
14 0.504500 0.121000 0.019000 0.014000
14 0.480500 0.127500 0.017000 0.013000
14 0.502500 0.128000 0.019000 0.014000
14 0.496500 0.135000 0.021000 0.014000
9 0.516500 0.143500 0.019000 0.013000
14 0.522000 0.136000 0.020000 0.014000
9 0.533000 0.151500 0.018000 0.013000
13 0.461000 0.128500 0.016000 0.013000
14 0.476000 0.143000 0.018000 0.014000
14 0.494500 0.151500 0.019000 0.013000
14 0.478500 0.135500 0.021000 0.015000
14 0.496500 0.143000 0.017000 0.012000
14 0.512000 0.150000 0.016000 0.012000
14 0.512500 0.159000 0.017000 0.012000
14 0.539500 0.143000 0.017000 0.012000
14 0.556500 0.151000 0.019000 0.014000
9 0.551500 0.159000 0.021000 0.016000
14 0.545500 0.165500 0.019000 0.013000
14 0.527500 0.156500 0.017000 0.011000
9 0.531000 0.167000 0.018000 0.012000
14 0.516500 0.170000 0.017000 0.012000
14 0.518000 0.179000 0.020000 0.014000
9 0.493000 0.178500 0.020000 0.013000
9 0.486500 0.157500 0.019000 0.013000
14 0.502500 0.164000 0.017000 0.012000
9 0.468000 0.157000 0.018000 0.012000
14 0.475500 0.169000 0.017000 0.012000
9 0.455000 0.143000 0.018000 0.012000
14 0.452000 0.150000 0.016000 0.012000
14 0.424500 0.129500 0.017000 0.013000
14 0.439500 0.136500 0.017000 0.013000
9 0.423000 0.138000 0.018000 0.012000
14 0.439000 0.145000 0.016000 0.012000
14 0.432000 0.150000 0.016000 0.012000
14 0.493500 0.187500 0.017000 0.013000
14 0.471500 0.151000 0.017000 0.012000
9 0.459000 0.136500 0.018000 0.013000
14 0.511000 0.186500 0.018000 0.013000
14 0.465000 0.112000 0.018000 0.012000
14 0.539500 0.134000 0.019000 0.014000
14 0.558500 0.142500 0.021000 0.015000
14 0.562500 0.134500 0.019000 0.013000
9 0.515000 0.106000 0.020000 0.014000
13 0.533500 0.113000 0.017000 0.012000
13 0.551000 0.121500 0.020000 0.015000
13 0.556000 0.114500 0.018000 0.013000
9 0.574000 0.122500 0.020000 0.015000
14 0.523000 0.098500 0.018000 0.013000
14 0.538500 0.106500 0.015000 0.011000
9 0.482500 0.092000 0.017000 0.012000
9 0.487500 0.083500 0.019000 0.013000
14 0.474000 0.069500 0.020000 0.013000
9 0.491500 0.076000 0.017000 0.012000
14 0.508500 0.083500 0.019000 0.013000
14 0.524500 0.091000 0.017000 0.012000
9 0.541000 0.099000 0.018000 0.014000
14 0.559000 0.107000 0.020000 0.014000
14 0.577000 0.114000 0.018000 0.012000
14 0.580000 0.106000 0.018000 0.014000
14 0.499500 0.099000 0.017000 0.014000
14 0.506000 0.092000 0.018000 0.012000
14 0.465500 0.084000 0.019000 0.014000
9 0.500000 0.027000 0.020000 0.014000
14 0.533500 0.041500 0.017000 0.013000
9 0.516500 0.034500 0.019000 0.013000
14 0.487000 0.037500 0.020000 0.013000
9 0.493500 0.032000 0.019000 0.014000
14 0.549500 0.048500 0.019000 0.013000
14 0.563500 0.063000 0.019000 0.014000
9 0.584500 0.063000 0.021000 0.014000
9 0.566500 0.054500 0.019000 0.015000
14 0.597000 0.077500 0.018000 0.013000
14 0.602000 0.070500 0.020000 0.015000
14 0.576500 0.068500 0.011000 0.011000
14 0.544000 0.055000 0.020000 0.014000
14 0.536500 0.068500 0.017000 0.013000
14 0.522500 0.053000 0.017000 0.012000
14 0.510500 0.040000 0.019000 0.014000
9 0.506000 0.047500 0.020000 0.013000
14 0.485500 0.046500 0.019000 0.013000
14 0.500000 0.062500 0.018000 0.013000
9 0.503500 0.055500 0.019000 0.013000
9 0.481500 0.055000 0.021000 0.016000
9 0.516500 0.069500 0.019000 0.013000
14 0.520500 0.062000 0.019000 0.014000
14 0.532000 0.076000 0.016000 0.012000
9 0.543500 0.090500 0.019000 0.013000
14 0.540500 0.062000 0.019000 0.014000
14 0.557500 0.068500 0.019000 0.013000
9 0.575000 0.076000 0.018000 0.014000
14 0.584500 0.098000 0.019000 0.014000
14 0.588000 0.090500 0.018000 0.013000
13 0.592000 0.084000 0.018000 0.014000
14 0.550500 0.083500 0.019000 0.013000
14 0.567000 0.090000 0.016000 0.012000
14 0.496000 0.069500 0.018000 0.013000
14 0.570000 0.083500 0.020000 0.015000
14 0.562500 0.098000 0.019000 0.014000
14 0.506000 0.008500 0.018000 0.015000
14 0.523500 0.015500 0.021000 0.015000
14 0.556000 0.010500 0.022000 0.015000
14 0.564000 0.023500 0.018000 0.013000
14 0.571500 0.018500 0.015000 0.011000
9 0.577000 0.038500 0.018000 0.013000
14 0.587000 0.025500 0.018000 0.013000
14 0.597500 0.020500 0.017000 0.013000
14 0.613500 0.018000 0.021000 0.014000
14 0.604000 0.032500 0.016000 0.011000
14 0.612500 0.027000 0.015000 0.012000
9 0.630500 0.027000 0.019000 0.014000
9 0.581500 0.032000 0.017000 0.012000
14 0.559500 0.030500 0.019000 0.013000
14 0.542000 0.024000 0.018000 0.014000
14 0.598500 0.038500 0.019000 0.013000
14 0.622000 0.040000 0.020000 0.014000
14 0.595000 0.046000 0.018000 0.012000
14 0.617500 0.046500 0.021000 0.015000
14 0.627500 0.033500 0.017000 0.013000
14 0.613000 0.054000 0.020000 0.014000
14 0.618500 0.012500 0.017000 0.013000
14 0.639500 0.006500 0.019000 0.013000
14 0.602000 0.005500 0.016000 0.011000
14 0.381500 0.121000 0.017000 0.012000
14 0.386500 0.114500 0.019000 0.013000
14 0.393500 0.102000 0.017000 0.012000
9 0.402000 0.089000 0.020000 0.014000
14 0.389000 0.108000 0.018000 0.012000
14 0.398000 0.095500 0.018000 0.013000
14 0.378500 0.096000 0.017000 0.012000
14 0.386000 0.082000 0.016000 0.012000
14 0.393000 0.069000 0.016000 0.012000
14 0.382000 0.088000 0.016000 0.012000
14 0.389000 0.076000 0.016000 0.012000
9 0.418500 0.061500 0.019000 0.013000
14 0.431000 0.040500 0.018000 0.013000
14 0.440000 0.028500 0.018000 0.013000
9 0.447500 0.013500 0.019000 0.013000
14 0.416500 0.034500 0.013000 0.011000
9 0.424500 0.055500 0.019000 0.013000
14 0.411000 0.040000 0.014000 0.010000
14 0.425000 0.021000 0.016000 0.012000
14 0.403500 0.055500 0.015000 0.013000
14 0.427000 0.046500 0.018000 0.013000
14 0.408000 0.047500 0.016000 0.013000
14 0.434500 0.035000 0.017000 0.012000
14 0.421500 0.028000 0.013000 0.012000
14 0.453500 0.005000 0.017000 0.010000
14 0.466000 0.008500 0.014000 0.017000
14 0.609000 0.060000 0.018000 0.012000
14 0.470500 0.059500 0.017000 0.013000
16 0.539500 0.837000 0.021000 0.018000
11 0.643000 0.496500 0.036000 0.049000
11 0.711000 0.430500 0.028000 0.039000
11 0.672000 0.404500 0.036000 0.049000