14 0.030833 0.836875 0.028333 0.026250
9 0.255833 0.565625 0.028333 0.023750
9 0.123333 0.740625 0.026667 0.023750
12 0.096667 0.178125 0.030000 0.023750
9 0.167500 0.146250 0.025000 0.022500
14 0.189167 0.126250 0.031667 0.025000
14 0.317500 0.168125 0.031667 0.028750
14 0.292500 0.192500 0.031667 0.027500
14 0.224167 0.208125 0.035000 0.026250
9 0.217500 0.246250 0.028333 0.022500
9 0.188333 0.236875 0.033333 0.023750
9 0.155833 0.226875 0.038333 0.018750
14 0.390833 0.381875 0.045000 0.023750
9 0.393333 0.356875 0.040000 0.021250
14 0.249167 0.476250 0.038333 0.020000
9 0.528333 0.376250 0.030000 0.025000
9 0.604167 0.283750 0.028333 0.025000
9 0.708333 0.236250 0.030000 0.025000
14 0.804167 0.086875 0.028333 0.023750
9 0.890833 0.031875 0.028333 0.023750
12 0.607500 0.197500 0.038333 0.017500
9 0.595000 0.228125 0.043333 0.021250
9 0.690000 0.020625 0.036667 0.013750
9 0.660833 0.095000 0.041667 0.020000
14 0.605833 0.078750 0.031667 0.015000
14 0.450833 0.105625 0.028333 0.023750
14 0.419167 0.095625 0.031667 0.023750
14 0.158333 0.085000 0.043333 0.020000
14 0.040833 0.045625 0.041667 0.018750
14 0.955833 0.053125 0.038333 0.021250
14 0.973333 0.198750 0.030000 0.025000
14 0.847500 0.204375 0.041667 0.021250
14 0.949167 0.237500 0.041667 0.020000
35 0.720833 0.204375 0.181667 0.156250
14 0.177500 0.967500 0.035000 0.030000
9 0.410833 0.976875 0.028333 0.026250
9 0.409167 0.850625 0.038333 0.013750
12 0.506667 0.788125 0.030000 0.026250
14 0.559167 0.798750 0.031667 0.025000
9 0.700833 0.326875 0.035000 0.021250
9 0.805833 0.365625 0.045000 0.023750
14 0.614167 0.431875 0.038333 0.023750
14 0.643333 0.410625 0.046667 0.026250
14 0.834167 0.470625 0.038333 0.021250
14 0.884167 0.486250 0.038333 0.020000
14 0.960000 0.463125 0.033333 0.026250
9 0.705833 0.595625 0.031667 0.026250
9 0.541667 0.625625 0.040000 0.021250
9 0.539167 0.671250 0.031667 0.025000
14 0.559167 0.678125 0.031667 0.023750
9 0.579167 0.686250 0.031667 0.025000
14 0.981667 0.957500 0.033333 0.027500
14 0.387500 0.601875 0.028333 0.021250
9 0.430833 0.616875 0.031667 0.023750
14 0.910000 0.225625 0.036667 0.021250