12 0.956667 0.455000 0.040000 0.010000
9 0.775000 0.455000 0.036667 0.010000
12 0.726667 0.421875 0.056667 0.011250
12 0.725000 0.410000 0.056667 0.010000
14 0.621667 0.454375 0.033333 0.008750
12 0.581667 0.443750 0.043333 0.012500
12 0.441667 0.453750 0.050000 0.010000
9 0.436667 0.465000 0.040000 0.010000
12 0.375833 0.456875 0.041667 0.008750
12 0.328333 0.456875 0.043333 0.008750
12 0.220833 0.456250 0.051667 0.010000
9 0.170000 0.455000 0.030000 0.007500
9 0.080000 0.455000 0.033333 0.007500
17 0.100000 0.400625 0.066667 0.018750