33 0.448750 0.084167 0.057500 0.135000
33 0.540000 0.084167 0.057500 0.135000
33 0.633750 0.084167 0.055000 0.135000
33 0.756875 0.084167 0.056250 0.131667
33 0.850000 0.082500 0.055000 0.135000
33 0.941875 0.083333 0.056250 0.133333
33 0.756875 0.336667 0.056250 0.133333
33 0.850000 0.336667 0.057500 0.133333
33 0.942500 0.335833 0.055000 0.131667
33 0.757500 0.590000 0.055000 0.133333
33 0.849375 0.589167 0.056250 0.135000
33 0.942500 0.588333 0.055000 0.133333
14 0.123750 0.624167 0.025000 0.011667
9 0.153125 0.625000 0.021250 0.010000
9 0.278750 0.126667 0.012500 0.030000
9 0.280625 0.164167 0.011250 0.028333
9 0.281250 0.296667 0.012500 0.023333
14 0.293750 0.976667 0.010000 0.023333
14 0.946250 0.899167 0.015000 0.028333
14 0.200000 0.022500 0.025000 0.008333
9 0.279375 0.092500 0.013750 0.028333
35 0.275000 0.795000 0.072500 0.100000