2 0.981250 0.903333 0.037500 0.116667
2 0.809375 0.810833 0.046250 0.108333
2 0.935625 0.643333 0.038750 0.086667
2 0.923125 0.648333 0.033750 0.086667
2 0.713125 0.742500 0.038750 0.111667
2 0.726875 0.745833 0.021250 0.065000
2 0.550000 0.094167 0.020000 0.068333
2 0.539375 0.094167 0.016250 0.065000
2 0.435000 0.213333 0.017500 0.063333
2 0.426250 0.218333 0.017500 0.063333
2 0.416250 0.220000 0.020000 0.060000
2 0.761250 0.146667 0.025000 0.076667
2 0.751875 0.164167 0.033750 0.105000
2 0.881875 0.311667 0.038750 0.093333
2 0.866875 0.310833 0.033750 0.081667
2 0.559375 0.306667 0.041250 0.100000
2 0.872500 0.476667 0.047500 0.090000
2 0.736875 0.459167 0.033750 0.091667
2 0.476250 0.445000 0.022500 0.066667
2 0.465000 0.443333 0.022500 0.070000
2 0.634375 0.495000 0.016250 0.050000
2 0.626250 0.500000 0.015000 0.050000
2 0.616250 0.500000 0.017500 0.070000
2 0.608750 0.505833 0.017500 0.065000
2 0.600000 0.502500 0.012500 0.055000
2 0.592500 0.500833 0.012500 0.048333
2 0.583125 0.500000 0.016250 0.050000
2 0.523750 0.636667 0.022500 0.073333
2 0.515625 0.645833 0.013750 0.055000
2 0.506875 0.647500 0.013750 0.058333
2 0.498125 0.647500 0.008750 0.045000
2 0.621250 0.888333 0.020000 0.043333
2 0.614375 0.895000 0.021250 0.046667
2 0.606875 0.897500 0.023750 0.051667
2 0.598125 0.898333 0.031250 0.066667
2 0.593125 0.913333 0.021250 0.046667
2 0.585000 0.916667 0.022500 0.046667