9 0.381500 0.985000 0.009000 0.016000
9 0.344500 0.940500 0.009000 0.015000
9 0.355000 0.921000 0.010000 0.016000
14 0.388500 0.937500 0.009000 0.015000
9 0.405000 0.938000 0.010000 0.016000
14 0.300000 0.859000 0.010000 0.016000
14 0.334000 0.878500 0.010000 0.015000
9 0.393000 0.873000 0.010000 0.016000
9 0.383500 0.810000 0.011000 0.016000
9 0.381500 0.792000 0.009000 0.016000
11 0.502000 0.867500 0.014000 0.025000
11 0.929000 0.491000 0.028000 0.012000
9 0.954000 0.518000 0.016000 0.024000
12 0.257500 0.303000 0.013000 0.022000
9 0.287000 0.303500 0.012000 0.017000
14 0.235500 0.257500 0.011000 0.015000
14 0.220500 0.257500 0.011000 0.017000
14 0.261500 0.197000 0.015000 0.020000
12 0.222500 0.207500 0.017000 0.017000
14 0.331500 0.175500 0.009000 0.017000
12 0.361000 0.144000 0.012000 0.022000
11 0.345500 0.133000 0.013000 0.022000
12 0.392000 0.117500 0.024000 0.017000
12 0.252000 0.091500 0.012000 0.021000
14 0.194500 0.020500 0.023000 0.007000
9 0.810500 0.352500 0.015000 0.019000
12 0.623500 0.213000 0.029000 0.010000
30 0.069000 0.036500 0.138000 0.073000