9 0.553750 0.408333 0.020000 0.033333
14 0.949375 0.097500 0.031250 0.031667
14 0.969375 0.129167 0.028750 0.031667
14 0.768125 0.300000 0.033750 0.033333
14 0.751250 0.326667 0.035000 0.036667
9 0.860000 0.470833 0.025000 0.028333
14 0.896250 0.503333 0.027500 0.033333
14 0.675625 0.575833 0.023750 0.035000
14 0.642500 0.644167 0.025000 0.031667
9 0.450000 0.735000 0.032500 0.016667
12 0.586875 0.582500 0.028750 0.031667
14 0.506875 0.659167 0.021250 0.031667
14 0.490000 0.662500 0.022500 0.035000
14 0.473125 0.663333 0.021250 0.036667
14 0.458750 0.670000 0.017500 0.033333
9 0.271250 0.618333 0.030000 0.030000
14 0.304375 0.596667 0.026250 0.023333
14 0.056875 0.653333 0.013750 0.026667