14 0.939500 0.126500 0.023000 0.021000
14 0.954000 0.140000 0.020000 0.020000
9 0.016000 0.982500 0.016000 0.015000
35 0.173000 0.752000 0.094000 0.094000
12 0.191500 0.681000 0.023000 0.012000
14 0.174000 0.522000 0.012000 0.012000
33 0.332000 0.330000 0.128000 0.114000
33 0.293000 0.367000 0.122000 0.108000
33 0.424000 0.249000 0.128000 0.110000
33 0.381500 0.285000 0.129000 0.114000
11 0.838000 0.432000 0.034000 0.032000
11 0.872000 0.483500 0.028000 0.027000
11 0.852000 0.464500 0.024000 0.023000
12 0.838500 0.207000 0.023000 0.020000
12 0.857000 0.223500 0.022000 0.021000
12 0.970500 0.308500 0.023000 0.021000
14 0.970500 0.974500 0.025000 0.023000
14 0.651500 0.753500 0.017000 0.015000
14 0.708500 0.708000 0.019000 0.018000
14 0.713500 0.699000 0.017000 0.018000