9 0.196250 0.671667 0.027500 0.013333
14 0.734375 0.060833 0.018750 0.031667
9 0.805625 0.041667 0.018750 0.030000
9 0.917500 0.097500 0.020000 0.035000
9 0.968750 0.100000 0.015000 0.023333
9 0.932500 0.140000 0.017500 0.033333
9 0.952500 0.190000 0.025000 0.043333
14 0.576250 0.034167 0.022500 0.018333
9 0.565000 0.121667 0.027500 0.020000
14 0.588750 0.112500 0.025000 0.021667
14 0.816875 0.320833 0.031250 0.025000
9 0.770625 0.319167 0.026250 0.021667
9 0.740000 0.332500 0.025000 0.018333
35 0.614375 0.399167 0.106250 0.145000
9 0.480000 0.035833 0.017500 0.028333
9 0.510625 0.110000 0.018750 0.030000
9 0.588125 0.295833 0.016250 0.025000
9 0.600625 0.323333 0.018750 0.030000
14 0.575000 0.344167 0.017500 0.028333
9 0.671250 0.490000 0.017500 0.033333
9 0.428750 0.148333 0.025000 0.010000
9 0.333125 0.158333 0.018750 0.013333
14 0.355625 0.217500 0.011250 0.025000
9 0.369375 0.217500 0.011250 0.028333
14 0.458750 0.264167 0.025000 0.028333
9 0.200000 0.173333 0.027500 0.013333
9 0.170625 0.175833 0.028750 0.015000
9 0.124375 0.181667 0.028750 0.013333
9 0.006250 0.194167 0.012500 0.011667
9 0.042500 0.261667 0.012500 0.026667
9 0.108125 0.253333 0.011250 0.026667
9 0.111875 0.285833 0.013750 0.028333
9 0.164375 0.384167 0.008750 0.021667
9 0.147500 0.390833 0.012500 0.031667
9 0.131250 0.437500 0.015000 0.011667
9 0.636250 0.450000 0.017500 0.030000
14 0.659375 0.460833 0.018750 0.028333
9 0.625625 0.484167 0.013750 0.028333
9 0.637500 0.515000 0.017500 0.030000
35 0.728750 0.678333 0.085000 0.103333
9 0.740000 0.493333 0.027500 0.020000
9 0.707500 0.578333 0.020000 0.030000
9 0.719375 0.605000 0.016250 0.026667
9 0.980000 0.589167 0.027500 0.021667
14 0.945000 0.605000 0.025000 0.023333
14 0.823750 0.584167 0.017500 0.028333
9 0.893125 0.625833 0.023750 0.018333
9 0.831875 0.651667 0.026250 0.023333
9 0.796250 0.665833 0.020000 0.021667
9 0.753125 0.660000 0.026250 0.023333
9 0.683125 0.621667 0.021250 0.033333
12 0.601250 0.552500 0.030000 0.021667
9 0.579375 0.575833 0.026250 0.018333
14 0.586875 0.587500 0.026250 0.018333
14 0.512500 0.427500 0.027500 0.025000
9 0.481875 0.441667 0.028750 0.023333
9 0.453750 0.452500 0.027500 0.021667
9 0.413750 0.468333 0.027500 0.023333
9 0.302500 0.435833 0.017500 0.031667
9 0.311875 0.468333 0.016250 0.026667
9 0.383125 0.483333 0.021250 0.020000
9 0.350625 0.497500 0.023750 0.021667
9 0.266875 0.521667 0.026250 0.013333
9 0.230625 0.525000 0.026250 0.013333
9 0.170000 0.545833 0.027500 0.011667
9 0.124375 0.530833 0.026250 0.011667
14 0.091875 0.533333 0.023750 0.010000
14 0.030625 0.537500 0.026250 0.011667
9 0.181875 0.660833 0.023750 0.015000
9 0.130625 0.679167 0.026250 0.011667
14 0.128125 0.665000 0.028750 0.016667
14 0.017500 0.700833 0.020000 0.025000
9 0.034375 0.701667 0.023750 0.030000
9 0.033125 0.742500 0.011250 0.025000
12 0.042500 0.779167 0.015000 0.035000
14 0.048125 0.810833 0.011250 0.025000
14 0.476875 0.667500 0.021250 0.041667
14 0.628750 0.737500 0.025000 0.018333
9 0.658750 0.723333 0.027500 0.023333
9 0.790625 0.877500 0.016250 0.028333
9 0.766250 0.823333 0.020000 0.033333
14 0.744375 0.770833 0.021250 0.031667
14 0.709375 0.790000 0.023750 0.030000
9 0.592500 0.830833 0.017500 0.028333
14 0.638125 0.882500 0.013750 0.025000
14 0.651875 0.884167 0.013750 0.028333
14 0.728125 0.976667 0.026250 0.016667
14 0.261875 0.630000 0.013750 0.026667
14 0.288125 0.659167 0.033750 0.021667
9 0.328125 0.663333 0.026250 0.013333
9 0.474375 0.618333 0.013750 0.033333
9 0.489375 0.614167 0.016250 0.035000
14 0.554375 0.735000 0.046250 0.033333
9 0.493125 0.663333 0.013750 0.026667
9 0.500000 0.701667 0.012500 0.026667
14 0.514375 0.699167 0.013750 0.028333
14 0.484375 0.715833 0.013750 0.028333
9 0.510625 0.775833 0.031250 0.015000
35 0.278125 0.810833 0.068750 0.075000
14 0.215625 0.830833 0.026250 0.011667
9 0.159375 0.841667 0.026250 0.016667
9 0.091250 0.852500 0.025000 0.015000
9 0.410000 0.982500 0.015000 0.028333
9 0.228125 0.910000 0.028750 0.016667
12 0.255625 0.949167 0.031250 0.015000
14 0.327500 0.648333 0.027500 0.013333