13 0.601500 0.040000 0.025000 0.012000
9 0.673000 0.009000 0.014000 0.018000
12 0.644500 0.065500 0.013000 0.021000
9 0.770000 0.041000 0.028000 0.010000
12 0.759000 0.234500 0.026000 0.011000
14 0.690000 0.260000 0.016000 0.022000
9 0.698000 0.280000 0.014000 0.020000
9 0.708000 0.321500 0.016000 0.023000
9 0.713500 0.339500 0.017000 0.023000
9 0.743000 0.331000 0.016000 0.024000
14 0.725000 0.377000 0.014000 0.020000
9 0.730000 0.397000 0.014000 0.022000
14 0.768500 0.421000 0.013000 0.018000
14 0.823000 0.438500 0.022000 0.011000
14 0.746500 0.456500 0.013000 0.019000
12 0.788500 0.492000 0.013000 0.020000
9 0.734000 0.539000 0.026000 0.014000
14 0.799000 0.530500 0.018000 0.025000
14 0.706000 0.427500 0.026000 0.013000
11 0.826000 0.450000 0.034000 0.014000
11 0.859500 0.563500 0.027000 0.009000
9 0.873000 0.622500 0.026000 0.011000
9 0.892500 0.679500 0.027000 0.015000
12 0.912500 0.932000 0.019000 0.028000
9 0.893500 0.976500 0.015000 0.021000
14 0.899000 0.882000 0.014000 0.024000
14 0.893500 0.860000 0.017000 0.028000
32 0.219500 0.315500 0.329000 0.461000
31 0.255500 0.839500 0.113000 0.125000
31 0.330500 0.816000 0.119000 0.134000
31 0.401000 0.786500 0.120000 0.135000
31 0.332000 0.942500 0.116000 0.115000
31 0.405500 0.927500 0.113000 0.123000
31 0.474000 0.895000 0.118000 0.132000
14 0.900000 0.427500 0.008000 0.011000
14 0.738500 0.764000 0.011000 0.006000
12 0.935000 0.896500 0.034000 0.017000
14 0.167000 0.989000 0.018000 0.016000