14 0.463000 0.973500 0.020000 0.011000
14 0.486500 0.967000 0.019000 0.010000
14 0.509500 0.962000 0.021000 0.010000
14 0.892000 0.772500 0.012000 0.017000
14 0.911500 0.766000 0.013000 0.018000
14 0.965500 0.751500 0.011000 0.015000
14 0.954500 0.756500 0.013000 0.019000
9 0.960500 0.774500 0.013000 0.019000
9 0.883500 0.870500 0.013000 0.019000
9 0.891000 0.891500 0.012000 0.017000
9 0.778500 0.030000 0.013000 0.016000
9 0.786500 0.017000 0.015000 0.018000
9 0.802500 0.042000 0.013000 0.016000
14 0.816000 0.065500 0.014000 0.017000
14 0.833500 0.093000 0.015000 0.018000
14 0.848500 0.114500 0.015000 0.017000
9 0.991500 0.767500 0.013000 0.019000
9 0.641500 0.962000 0.021000 0.016000
14 0.673000 0.883000 0.012000 0.018000
14 0.607500 0.806500 0.013000 0.019000
14 0.753000 0.729500 0.014000 0.023000
14 0.558000 0.642500 0.012000 0.019000
9 0.550000 0.620000 0.010000 0.016000
14 0.712000 0.593500 0.014000 0.023000
14 0.782000 0.724500 0.012000 0.017000
14 0.776000 0.701500 0.010000 0.017000
14 0.769500 0.680000 0.011000 0.018000
14 0.762500 0.659000 0.011000 0.018000
9 0.753500 0.632500 0.011000 0.017000
14 0.747500 0.611500 0.011000 0.017000
14 0.720500 0.522500 0.011000 0.019000
14 0.726500 0.543500 0.009000 0.017000
9 0.706000 0.477500 0.010000 0.017000
14 0.698500 0.453500 0.013000 0.017000
9 0.569000 0.419500 0.022000 0.011000
14 0.567000 0.410000 0.022000 0.010000
9 0.551500 0.365500 0.017000 0.011000
9 0.624000 0.372000 0.012000 0.020000
9 0.505500 0.476000 0.013000 0.020000
14 0.498500 0.457000 0.013000 0.018000
14 0.491500 0.429000 0.013000 0.020000
9 0.358000 0.610000 0.014000 0.020000
9 0.379500 0.605000 0.009000 0.014000
14 0.313000 0.341000 0.020000 0.010000
14 0.346000 0.333000 0.022000 0.012000
14 0.199500 0.366000 0.019000 0.010000
9 0.047500 0.399000 0.023000 0.012000
9 0.261500 0.318000 0.021000 0.010000
9 0.027000 0.239500 0.014000 0.019000
9 0.039000 0.237000 0.012000 0.018000
9 0.017000 0.243000 0.014000 0.018000
9 0.005500 0.243000 0.011000 0.020000
9 0.148000 0.186500 0.020000 0.007000
9 0.184500 0.180500 0.019000 0.009000
14 0.293000 0.157000 0.020000 0.008000
14 0.506500 0.159000 0.021000 0.012000
9 0.473000 0.138500 0.022000 0.011000
14 0.494000 0.123500 0.020000 0.011000
14 0.490500 0.114000 0.021000 0.012000
14 0.489000 0.105500 0.020000 0.011000
9 0.465000 0.111500 0.020000 0.011000
9 0.470000 0.119000 0.020000 0.010000