10 0.123750 0.764167 0.070000 0.088333
9 0.521250 0.325000 0.012500 0.016667
30 0.885625 0.431667 0.228750 0.283333
14 0.438750 0.495833 0.022500 0.031667
9 0.401875 0.529167 0.016250 0.025000
14 0.491250 0.595833 0.020000 0.025000
9 0.500000 0.612500 0.015000 0.021667
9 0.606250 0.831667 0.025000 0.030000
12 0.306875 0.808333 0.026250 0.036667
9 0.015625 0.478333 0.021250 0.026667
14 0.181875 0.338333 0.023750 0.030000
12 0.263750 0.408333 0.025000 0.036667
12 0.253750 0.397500 0.025000 0.035000
12 0.240625 0.385833 0.026250 0.035000
14 0.228750 0.377500 0.025000 0.035000
12 0.217500 0.365833 0.025000 0.035000
12 0.205625 0.356667 0.026250 0.036667
14 0.191875 0.349167 0.023750 0.031667
14 0.118125 0.282500 0.021250 0.028333
14 0.105625 0.272500 0.021250 0.028333
30 0.319375 0.227500 0.256250 0.341667
9 0.391875 0.517500 0.016250 0.021667
9 0.367500 0.500000 0.015000 0.023333
9 0.422500 0.412500 0.015000 0.018333
9 0.447500 0.394167 0.017500 0.021667