19 0.825250 0.190625 0.020500 0.021250
22 0.955875 0.121875 0.036250 0.037250
27 0.925125 0.227000 0.031750 0.030500
21 0.878000 0.415500 0.039000 0.036000
20 0.840625 0.505000 0.043250 0.044500
25 0.829750 0.537000 0.021500 0.020500
28 0.768125 0.575375 0.042750 0.042750
25 0.754000 0.599625 0.020500 0.018750
22 0.744875 0.629500 0.035750 0.033000
27 0.741500 0.711125 0.027500 0.029250
25 0.697250 0.735500 0.023500 0.023000
28 0.689000 0.764125 0.034000 0.029750
28 0.706875 0.792625 0.041250 0.038750
20 0.690875 0.858125 0.042250 0.043750
25 0.678750 0.889750 0.022500 0.021500
26 0.666000 0.917125 0.024500 0.021750
19 0.877625 0.991000 0.021750 0.018000
22 0.941125 0.855875 0.033750 0.033750
19 0.988750 0.919875 0.017000 0.016750
25 0.990750 0.951750 0.018500 0.017500
25 0.990750 0.808625 0.018500 0.021250
31 0.539500 0.080000 0.014000 0.015000
31 0.546375 0.085500 0.014250 0.015000
29 0.525750 0.023000 0.016000 0.017000
31 0.422500 0.144500 0.009000 0.016500
33 0.041500 0.169000 0.005500 0.011000
33 0.047750 0.168500 0.005500 0.011000
33 0.031250 0.464375 0.013000 0.013750
29 0.190750 0.971625 0.036500 0.036750
29 0.561875 0.836875 0.018750 0.019750