9 0.360500 0.069500 0.015000 0.017000
31 0.578000 0.856500 0.066000 0.073000
31 0.511500 0.868500 0.069000 0.073000
31 0.555500 0.774000 0.083000 0.096000
31 0.532000 0.675500 0.082000 0.097000
14 0.467500 0.653000 0.019000 0.010000
14 0.470000 0.661000 0.018000 0.010000
14 0.473000 0.669500 0.018000 0.011000
14 0.475500 0.677500 0.021000 0.011000
9 0.480500 0.694500 0.019000 0.011000
14 0.483500 0.703000 0.019000 0.012000
9 0.485000 0.711500 0.020000 0.011000
9 0.488500 0.719000 0.019000 0.010000
9 0.492000 0.727000 0.018000 0.010000
9 0.495500 0.735500 0.017000 0.009000
14 0.495500 0.745500 0.019000 0.011000
14 0.500000 0.753500 0.016000 0.009000
14 0.501500 0.761500 0.017000 0.009000
14 0.505500 0.770500 0.019000 0.011000
9 0.470000 0.825500 0.018000 0.009000
9 0.464000 0.809500 0.018000 0.011000
9 0.461500 0.800000 0.017000 0.010000
14 0.457500 0.791000 0.019000 0.008000
9 0.455000 0.783000 0.018000 0.010000
14 0.452000 0.774500 0.020000 0.011000
9 0.448500 0.755500 0.017000 0.011000
9 0.448000 0.747000 0.020000 0.012000
9 0.442000 0.739000 0.014000 0.010000
14 0.437000 0.714500 0.012000 0.009000
9 0.431000 0.706500 0.020000 0.011000
9 0.427000 0.698000 0.016000 0.010000
14 0.424500 0.689500 0.017000 0.011000
14 0.419000 0.681500 0.018000 0.011000
9 0.418500 0.673000 0.021000 0.010000
14 0.419000 0.663500 0.014000 0.009000
9 0.411000 0.232000 0.018000 0.018000
9 0.402500 0.226500 0.017000 0.017000
9 0.386500 0.216000 0.015000 0.016000
14 0.346000 0.203500 0.016000 0.015000
9 0.339500 0.209500 0.017000 0.017000
14 0.331000 0.214500 0.018000 0.017000
14 0.299500 0.238500 0.019000 0.017000
9 0.283000 0.248000 0.018000 0.018000
9 0.263500 0.210000 0.017000 0.016000
14 0.313000 0.171500 0.016000 0.015000
9 0.320500 0.164500 0.019000 0.017000
9 0.337000 0.152500 0.018000 0.019000
9 0.383500 0.157000 0.017000 0.018000
14 0.407500 0.174000 0.015000 0.016000
14 0.431500 0.190500 0.017000 0.017000
14 0.439000 0.196500 0.018000 0.019000
9 0.447500 0.202000 0.017000 0.018000
9 0.455000 0.208000 0.016000 0.018000
14 0.469000 0.240500 0.018000 0.013000
14 0.398500 0.343500 0.017000 0.007000
9 0.397500 0.334000 0.019000 0.008000
14 0.396500 0.324500 0.019000 0.009000
9 0.401000 0.306000 0.020000 0.010000
9 0.403000 0.289000 0.016000 0.008000
9 0.409000 0.270500 0.020000 0.011000
9 0.410000 0.261000 0.018000 0.008000
9 0.411000 0.253000 0.018000 0.010000
14 0.454000 0.267000 0.016000 0.008000
14 0.454000 0.277000 0.018000 0.008000
14 0.449500 0.302000 0.011000 0.006000
9 0.452500 0.294000 0.015000 0.006000
14 0.445500 0.312500 0.013000 0.007000
14 0.445000 0.322000 0.012000 0.006000
9 0.447500 0.332000 0.021000 0.008000
9 0.448500 0.341500 0.019000 0.007000
14 0.446500 0.351500 0.019000 0.009000
14 0.450500 0.359500 0.017000 0.009000
14 0.454000 0.368000 0.018000 0.008000
9 0.452500 0.376000 0.021000 0.010000
14 0.460500 0.385000 0.019000 0.012000
14 0.529000 0.603500 0.018000 0.011000
14 0.525000 0.594000 0.022000 0.012000
14 0.522500 0.585500 0.019000 0.011000
9 0.521500 0.577000 0.019000 0.012000
14 0.519000 0.568500 0.016000 0.009000
14 0.512500 0.552500 0.017000 0.011000
9 0.508500 0.545000 0.025000 0.012000
14 0.506500 0.536500 0.017000 0.011000
14 0.506000 0.528000 0.018000 0.010000
9 0.501500 0.519000 0.021000 0.012000
14 0.482500 0.461500 0.019000 0.011000
9 0.478500 0.455000 0.021000 0.010000
14 0.476500 0.446500 0.019000 0.011000
14 0.474500 0.436000 0.015000 0.008000
11 0.441500 0.495500 0.027000 0.015000
11 0.444500 0.505000 0.027000 0.016000
9 0.457500 0.527500 0.017000 0.011000
9 0.460000 0.537000 0.014000 0.010000
9 0.459000 0.556000 0.018000 0.010000
9 0.462500 0.562500 0.019000 0.011000
14 0.359000 0.325500 0.018000 0.009000
9 0.356500 0.343000 0.017000 0.008000
14 0.360000 0.379000 0.018000 0.010000
14 0.381500 0.429500 0.017000 0.011000
14 0.385000 0.439500 0.018000 0.011000
9 0.387500 0.447500 0.017000 0.011000
14 0.389000 0.455500 0.018000 0.011000
9 0.386500 0.465000 0.021000 0.014000
14 0.393500 0.482000 0.013000 0.010000
9 0.396500 0.490000 0.011000 0.010000
9 0.403000 0.506500 0.022000 0.013000
14 0.410500 0.513500 0.019000 0.011000
9 0.412000 0.522000 0.020000 0.012000
14 0.414500 0.531000 0.019000 0.010000
14 0.416000 0.539500 0.014000 0.011000
14 0.420000 0.548500 0.016000 0.011000
9 0.423000 0.556000 0.020000 0.012000
9 0.423000 0.565000 0.020000 0.012000
14 0.426000 0.574000 0.018000 0.010000
14 0.432000 0.581500 0.018000 0.011000
14 0.435000 0.589500 0.020000 0.011000
9 0.386500 0.594500 0.019000 0.011000
14 0.379000 0.587000 0.020000 0.012000
14 0.374500 0.579500 0.017000 0.009000
14 0.372500 0.570500 0.017000 0.009000
14 0.371500 0.562500 0.021000 0.011000
9 0.368000 0.553500 0.018000 0.009000
14 0.364000 0.545000 0.020000 0.012000
9 0.363500 0.536000 0.021000 0.012000
14 0.358500 0.528000 0.019000 0.012000
14 0.354500 0.520500 0.017000 0.011000
9 0.350500 0.512500 0.021000 0.011000
9 0.348500 0.503500 0.019000 0.011000
9 0.341500 0.496500 0.019000 0.011000
9 0.342500 0.486500 0.017000 0.011000
9 0.337500 0.477500 0.017000 0.011000
9 0.336500 0.469500 0.021000 0.013000
9 0.333000 0.461500 0.020000 0.011000
14 0.331000 0.453500 0.020000 0.011000
14 0.328000 0.445500 0.020000 0.011000
9 0.327000 0.436000 0.020000 0.012000
14 0.321000 0.428000 0.018000 0.010000
14 0.322500 0.409500 0.021000 0.011000
9 0.316500 0.402500 0.019000 0.009000
9 0.314500 0.393500 0.019000 0.009000
9 0.314000 0.383500 0.016000 0.009000
13 0.311500 0.374500 0.017000 0.009000
14 0.306000 0.330500 0.018000 0.009000
14 0.308500 0.313500 0.025000 0.009000
11 0.289000 0.350000 0.016000 0.034000
14 0.293500 0.399000 0.019000 0.012000
9 0.294000 0.416500 0.020000 0.011000
9 0.300500 0.432000 0.019000 0.010000
9 0.303000 0.441500 0.022000 0.013000
14 0.307000 0.449500 0.018000 0.011000
9 0.312000 0.466500 0.020000 0.011000
14 0.318500 0.483000 0.019000 0.012000
9 0.320500 0.491000 0.019000 0.012000
9 0.327000 0.507500 0.018000 0.011000
9 0.329500 0.516500 0.019000 0.011000
14 0.334000 0.524500 0.018000 0.011000
9 0.337500 0.532500 0.021000 0.013000
14 0.341000 0.541000 0.020000 0.012000
9 0.343500 0.550000 0.019000 0.012000
9 0.346000 0.559000 0.020000 0.012000
9 0.350000 0.566500 0.020000 0.011000
9 0.353000 0.575000 0.018000 0.010000
14 0.356500 0.584500 0.015000 0.009000
9 0.359500 0.592000 0.019000 0.012000
14 0.365500 0.609000 0.017000 0.010000
9 0.328500 0.634500 0.019000 0.011000
9 0.325000 0.627000 0.020000 0.012000
9 0.317500 0.619500 0.017000 0.011000
14 0.314500 0.611500 0.019000 0.011000
9 0.312000 0.603000 0.020000 0.012000
14 0.306500 0.595500 0.019000 0.013000
12 0.306000 0.586000 0.018000 0.010000
9 0.303500 0.577500 0.019000 0.011000
9 0.293500 0.544500 0.019000 0.011000
9 0.289000 0.526500 0.018000 0.013000
9 0.279000 0.510000 0.020000 0.012000
14 0.270500 0.484500 0.023000 0.013000
14 0.266500 0.467000 0.021000 0.010000
14 0.256000 0.442000 0.018000 0.010000
14 0.247500 0.416000 0.021000 0.012000
14 0.247000 0.404000 0.028000 0.016000
14 0.233500 0.457000 0.021000 0.012000
14 0.238000 0.466000 0.020000 0.012000
14 0.240000 0.475000 0.022000 0.012000
9 0.247000 0.491000 0.020000 0.012000
14 0.253500 0.507500 0.019000 0.011000
9 0.255000 0.516000 0.020000 0.012000
9 0.255500 0.526000 0.015000 0.010000
14 0.257500 0.539000 0.025000 0.014000
14 0.263500 0.551500 0.013000 0.009000
14 0.270000 0.568000 0.030000 0.014000
9 0.275500 0.576500 0.021000 0.011000
14 0.276500 0.585000 0.021000 0.012000
14 0.283000 0.592000 0.018000 0.010000
9 0.286000 0.600000 0.018000 0.010000
9 0.288000 0.609500 0.018000 0.011000
9 0.291500 0.618000 0.017000 0.010000
9 0.293000 0.634500 0.018000 0.011000
9 0.262500 0.674000 0.019000 0.012000
14 0.258000 0.663000 0.022000 0.014000
9 0.248000 0.651000 0.020000 0.012000
14 0.244500 0.642000 0.019000 0.010000
9 0.240500 0.633500 0.019000 0.009000
9 0.239000 0.625500 0.020000 0.011000
9 0.234000 0.616500 0.020000 0.013000
14 0.232500 0.599500 0.017000 0.011000
9 0.229000 0.592000 0.020000 0.012000
14 0.221000 0.575000 0.018000 0.012000
14 0.200500 0.515500 0.019000 0.011000
14 0.194000 0.499500 0.020000 0.013000
14 0.192000 0.489500 0.018000 0.011000
9 0.023500 0.308000 0.013000 0.016000
13 0.812500 0.030000 0.023000 0.016000
13 0.817000 0.020500 0.022000 0.017000
13 0.826500 0.013500 0.027000 0.017000
12 0.924500 0.011000 0.021000 0.020000
9 0.337000 0.044000 0.014000 0.016000
14 0.399000 0.120000 0.016000 0.016000
9 0.468500 0.171000 0.019000 0.016000
9 0.549500 0.178000 0.015000 0.014000
9 0.485500 0.374500 0.011000 0.017000
12 0.550500 0.483500 0.011000 0.015000
14 0.559000 0.501000 0.012000 0.016000
14 0.568500 0.523500 0.013000 0.017000
14 0.576500 0.542500 0.013000 0.017000
14 0.587500 0.565000 0.013000 0.016000
14 0.597500 0.583500 0.011000 0.015000
14 0.605500 0.601500 0.011000 0.015000
9 0.612000 0.620000 0.014000 0.020000
14 0.652000 0.725000 0.010000 0.016000
9 0.664500 0.765500 0.011000 0.017000
9 0.671500 0.786500 0.009000 0.015000
9 0.691500 0.876500 0.009000 0.017000
12 0.771500 0.967500 0.021000 0.007000
9 0.772000 0.958500 0.018000 0.005000
14 0.774000 0.951500 0.014000 0.007000