14 0.298750 0.978333 0.015000 0.023333
9 0.158125 0.717500 0.011250 0.025000
9 0.174375 0.709167 0.013750 0.028333
12 0.189375 0.705833 0.013750 0.035000
12 0.208750 0.695000 0.012500 0.033333
9 0.231875 0.684167 0.011250 0.028333
9 0.248125 0.680000 0.011250 0.030000
9 0.278750 0.675833 0.015000 0.031667
14 0.366875 0.654167 0.031250 0.025000
9 0.415625 0.735000 0.028750 0.023333
14 0.408750 0.749167 0.035000 0.031667
14 0.384375 0.755000 0.021250 0.020000
14 0.350000 0.754167 0.025000 0.021667
14 0.331875 0.763333 0.028750 0.026667
12 0.449375 0.787500 0.016250 0.035000
12 0.420625 0.807500 0.021250 0.038333
12 0.400000 0.811667 0.015000 0.030000
9 0.381875 0.820833 0.013750 0.028333
14 0.304375 0.800000 0.026250 0.020000
14 0.288125 0.808333 0.026250 0.020000
9 0.275000 0.786667 0.025000 0.023333
14 0.262500 0.798333 0.022500 0.020000
9 0.274375 0.822500 0.026250 0.025000
9 0.252500 0.829167 0.025000 0.021667
9 0.246875 0.808333 0.026250 0.020000
12 0.335625 0.845833 0.018750 0.035000
14 0.324375 0.882500 0.023750 0.018333
9 0.316250 0.857500 0.015000 0.028333
9 0.306250 0.890000 0.027500 0.023333
9 0.300000 0.864167 0.015000 0.031667
14 0.290000 0.901667 0.027500 0.023333
9 0.283750 0.875000 0.012500 0.026667
14 0.161250 0.850833 0.025000 0.021667
9 0.091875 0.881667 0.026250 0.023333
12 0.045000 0.908333 0.030000 0.026667