35 0.693333 0.824375 0.163333 0.111250
14 0.245833 0.665000 0.041667 0.020000
9 0.296667 0.680625 0.033333 0.016250
14 0.425000 0.723125 0.040000 0.021250
14 0.553333 0.761875 0.036667 0.018750
9 0.894167 0.476875 0.038333 0.018750
9 0.848333 0.461875 0.040000 0.018750
9 0.806667 0.450625 0.036667 0.018750
9 0.764167 0.436250 0.031667 0.017500
11 0.827500 0.415000 0.058333 0.030000
10 0.648333 0.358125 0.063333 0.031250
12 0.695833 0.414375 0.051667 0.026250
14 0.600000 0.408750 0.046667 0.022500
14 0.610833 0.386875 0.035000 0.018750
9 0.550833 0.395000 0.038333 0.017500
14 0.502500 0.378125 0.038333 0.018750
9 0.559167 0.328750 0.025000 0.015000
9 0.492500 0.308750 0.018333 0.012500
9 0.527500 0.320000 0.031667 0.017500
9 0.446667 0.353750 0.036667 0.020000
14 0.397500 0.345000 0.041667 0.020000
9 0.360000 0.333125 0.030000 0.016250
11 0.330833 0.321250 0.031667 0.020000
14 0.330000 0.303750 0.030000 0.015000
14 0.396667 0.291250 0.040000 0.020000
9 0.401667 0.280000 0.030000 0.017500
9 0.370833 0.271875 0.031667 0.018750
12 0.326667 0.255625 0.060000 0.028750
9 0.268333 0.249375 0.026667 0.016250
9 0.265833 0.236875 0.031667 0.016250
14 0.229167 0.226250 0.038333 0.020000
9 0.222500 0.290000 0.035000 0.017500
14 0.185000 0.278750 0.033333 0.017500
14 0.235000 0.271250 0.036667 0.017500
9 0.192500 0.256250 0.038333 0.020000
9 0.146667 0.266875 0.036667 0.018750
9 0.111667 0.254375 0.036667 0.018750
9 0.138333 0.238750 0.033333 0.017500
9 0.140833 0.225000 0.035000 0.017500
14 0.071667 0.243125 0.036667 0.018750
9 0.090000 0.223750 0.036667 0.020000
12 0.029167 0.226250 0.055000 0.027500
9 0.041667 0.208750 0.036667 0.020000
14 0.036667 0.176250 0.036667 0.017500
14 0.885833 0.064375 0.048333 0.026250
9 0.821667 0.045000 0.026667 0.017500
14 0.830833 0.014375 0.045000 0.021250
14 0.715000 0.011250 0.036667 0.022500
14 0.895833 0.903125 0.035000 0.021250
14 0.582500 0.978125 0.031667 0.026250
9 0.602500 0.954375 0.025000 0.021250
14 0.597500 0.935625 0.028333 0.023750
9 0.585833 0.913125 0.028333 0.023750
9 0.625000 0.933125 0.030000 0.026250
14 0.646667 0.910625 0.030000 0.026250
9 0.670833 0.890000 0.028333 0.025000
9 0.638333 0.888125 0.026667 0.023750
9 0.590000 0.883750 0.026667 0.022500
9 0.690000 0.835000 0.023333 0.022500
9 0.687500 0.811875 0.025000 0.021250
14 0.705833 0.760625 0.025000 0.021250
9 0.727500 0.775625 0.028333 0.023750
9 0.776667 0.749375 0.026667 0.023750
14 0.786667 0.771250 0.030000 0.027500
14 0.811667 0.744375 0.026667 0.023750
14 0.749167 0.715000 0.025000 0.020000
9 0.770000 0.695625 0.026667 0.023750
9 0.775833 0.723125 0.028333 0.023750
14 0.828333 0.726250 0.026667 0.022500
11 0.815833 0.661250 0.051667 0.052500
14 0.830833 0.672500 0.025000 0.022500
14 0.881667 0.671250 0.030000 0.027500
14 0.907500 0.645625 0.031667 0.026250
14 0.894167 0.623750 0.031667 0.027500
14 0.927500 0.621250 0.035000 0.030000
14 0.946667 0.570625 0.030000 0.026250
9 0.961667 0.528750 0.026667 0.022500