7 0.173667 0.980000 0.046000 0.033333
7 0.184667 0.970000 0.049333 0.036000
7 0.183667 0.954333 0.032667 0.024667
7 0.190000 0.942333 0.034667 0.028667
7 0.261333 0.902667 0.032000 0.024000
5 0.274667 0.923333 0.032000 0.024000
7 0.284000 0.918000 0.020000 0.013333
7 0.276000 0.899000 0.041333 0.028667
7 0.215667 0.892000 0.028667 0.021333
7 0.234000 0.888333 0.033333 0.026000
7 0.236667 0.873000 0.052000 0.036667
7 0.276000 0.889333 0.020000 0.014667
7 0.271000 0.876000 0.036667 0.028000
7 0.230667 0.854333 0.028000 0.022000
7 0.212667 0.876333 0.017333 0.016667
7 0.248667 0.865000 0.020000 0.018000
7 0.239333 0.849000 0.030667 0.019333
5 0.246667 0.908667 0.033333 0.025333
7 0.240000 0.921000 0.033333 0.026000
5 0.249333 0.840333 0.037333 0.031333
7 0.277000 0.853000 0.026000 0.019333
7 0.266000 0.831667 0.064000 0.044667
7 0.269000 0.816667 0.042000 0.030667
7 0.307000 0.843667 0.046000 0.038000
5 0.330333 0.843333 0.034000 0.028000
7 0.283000 0.805000 0.070000 0.051333
7 0.310000 0.802333 0.033333 0.022000
7 0.317000 0.721333 0.040667 0.030667
5 0.322000 0.709333 0.032000 0.024000
7 0.328667 0.700000 0.032000 0.025333
7 0.325000 0.689000 0.016667 0.011333
7 0.327667 0.685333 0.018000 0.013333
5 0.347333 0.664333 0.038667 0.032667
7 0.365667 0.655667 0.059333 0.042000
5 0.335667 0.680667 0.031333 0.028000
7 0.348667 0.678667 0.021333 0.014667
7 0.334333 0.669333 0.012667 0.010667
7 0.398333 0.619000 0.079333 0.055333
7 0.318667 0.742333 0.056000 0.048667
5 0.297333 0.747000 0.034667 0.031333
7 0.289000 0.752333 0.015333 0.012667
7 0.293000 0.779000 0.056667 0.032667
7 0.315000 0.773000 0.023333 0.012667
7 0.286333 0.762667 0.030000 0.016000
7 0.291667 0.871000 0.048667 0.030000
7 0.310000 0.859000 0.028000 0.023333
7 0.219333 0.965667 0.041333 0.028667
7 0.279333 0.939667 0.052000 0.036667
7 0.204000 0.914000 0.033333 0.032000
7 0.197667 0.925000 0.030000 0.030000
7 0.238000 0.957333 0.017333 0.010667
7 0.234000 0.949000 0.024000 0.015333
7 0.230667 0.932667 0.028000 0.025333
7 0.217667 0.940000 0.012667 0.020000
7 0.209000 0.972000 0.028667 0.017333
7 0.219667 0.983000 0.024667 0.014000
7 0.228000 0.993333 0.020000 0.013333
3 0.459667 0.526333 0.014000 0.028667
3 0.470333 0.524333 0.016667 0.035333
3 0.478333 0.527667 0.010000 0.028667
3 0.487000 0.524667 0.010000 0.026667
3 0.495667 0.524667 0.010000 0.029333
3 0.506000 0.525667 0.013333 0.024667
3 0.472000 0.555000 0.010667 0.028667
3 0.479667 0.558667 0.011333 0.032000
3 0.489333 0.555000 0.013333 0.036667
3 0.498333 0.551000 0.008667 0.028667
3 0.506333 0.553000 0.011333 0.035333
3 0.515667 0.550333 0.011333 0.027333
1 0.580333 0.534333 0.008667 0.012667
1 0.583333 0.537000 0.009333 0.015333
1 0.588000 0.537667 0.012000 0.018000
1 0.590333 0.541000 0.011333 0.014000
1 0.594000 0.543333 0.012000 0.016000
1 0.597333 0.545000 0.013333 0.016667
1 0.600667 0.549000 0.012000 0.015333
1 0.572667 0.549333 0.012000 0.017333
1 0.576333 0.552000 0.010000 0.012000
1 0.581000 0.553000 0.008667 0.012667
1 0.584000 0.555000 0.010667 0.016667
1 0.563667 0.563667 0.010000 0.014000
1 0.567667 0.565667 0.010000 0.015333
1 0.572000 0.566667 0.012000 0.016000
1 0.574333 0.569333 0.010000 0.012000
1 0.527000 0.586667 0.012667 0.017333
1 0.533000 0.587000 0.015333 0.022000
1 0.535667 0.595000 0.015333 0.022000
1 0.541667 0.596000 0.012667 0.017333
1 0.543667 0.600667 0.014000 0.018667
1 0.548333 0.603667 0.015333 0.020667
1 0.560000 0.536667 0.010667 0.013333
1 0.557000 0.524000 0.010000 0.012000
1 0.571000 0.592333 0.010000 0.022000
1 0.566000 0.590333 0.010667 0.023333
1 0.561667 0.586667 0.010000 0.020000
1 0.557667 0.585667 0.012667 0.022000
1 0.554333 0.582000 0.010000 0.021333
1 0.550000 0.578667 0.009333 0.018667
1 0.545667 0.576333 0.010000 0.018000
1 0.552000 0.551000 0.008000 0.015333
1 0.548000 0.551000 0.008000 0.015333
1 0.543000 0.550667 0.008667 0.014667
1 0.539333 0.549333 0.010667 0.017333
1 0.535333 0.548000 0.009333 0.020000
1 0.538333 0.561333 0.019333 0.006667
1 0.536000 0.566333 0.018667 0.006000
1 0.533333 0.573000 0.021333 0.007333
1 0.643333 0.538333 0.012000 0.006000
1 0.644667 0.542000 0.022667 0.010667
1 0.642333 0.547667 0.018000 0.010000
1 0.510667 0.615000 0.009333 0.012667
2 0.552667 0.714000 0.025333 0.034667
35 0.399333 0.329667 0.052000 0.051333
35 0.179667 0.215667 0.051333 0.051333
35 0.045000 0.143333 0.070000 0.070667
35 0.751000 0.516333 0.051333 0.051333
35 0.951000 0.942000 0.039333 0.038667
35 0.126333 0.824000 0.028667 0.029333
35 0.266333 0.558333 0.032667 0.032667
35 0.044667 0.443333 0.032000 0.033333
35 0.130333 0.294667 0.023333 0.020000
35 0.092000 0.365333 0.022667 0.020000
35 0.302333 0.096333 0.035333 0.035333