30 0.939000 0.422000 0.122000 0.110000
30 0.583500 0.250500 0.113000 0.099000
14 0.894500 0.134000 0.011000 0.018000
9 0.896000 0.116000 0.008000 0.016000
14 0.788500 0.099500 0.009000 0.017000
9 0.784500 0.120500 0.011000 0.019000
14 0.774000 0.102500 0.010000 0.017000
14 0.447500 0.068500 0.009000 0.011000
14 0.087000 0.088500 0.030000 0.011000
14 0.280500 0.207000 0.009000 0.018000
14 0.267000 0.205000 0.010000 0.016000
9 0.096000 0.248000 0.014000 0.020000
14 0.176000 0.315000 0.008000 0.016000
14 0.236500 0.387000 0.009000 0.016000
14 0.362000 0.584000 0.016000 0.016000
14 0.368500 0.576500 0.019000 0.017000
14 0.499500 0.562000 0.019000 0.016000
9 0.494000 0.553500 0.020000 0.017000
14 0.534000 0.654500 0.020000 0.019000
14 0.321500 0.771500 0.015000 0.015000
14 0.235500 0.681000 0.019000 0.018000
14 0.338000 0.953500 0.018000 0.019000
14 0.345500 0.944000 0.023000 0.014000
14 0.551500 0.920000 0.011000 0.018000
14 0.616500 0.902500 0.019000 0.019000
14 0.633500 0.901500 0.013000 0.017000
14 0.700500 0.942000 0.021000 0.012000