32 0.923750 0.069167 0.152500 0.138333
14 0.586250 0.857500 0.025000 0.028333
9 0.107500 0.942500 0.015000 0.028333
9 0.121250 0.932500 0.017500 0.028333
14 0.094375 0.890833 0.016250 0.025000
9 0.148750 0.892500 0.020000 0.031667
9 0.156250 0.785833 0.010000 0.028333
9 0.170000 0.773333 0.012500 0.026667
14 0.158750 0.744167 0.010000 0.028333
9 0.873125 0.558333 0.023750 0.023333
9 0.796875 0.613333 0.021250 0.026667
12 0.683125 0.415000 0.038750 0.030000
14 0.754375 0.207500 0.028750 0.031667
9 0.530625 0.276667 0.026250 0.026667
9 0.390000 0.106667 0.025000 0.030000
14 0.183750 0.370000 0.022500 0.026667