30 0.503500 0.314000 0.175000 0.174000
14 0.634000 0.008500 0.018000 0.017000
9 0.625500 0.015000 0.019000 0.020000
14 0.608500 0.027500 0.019000 0.019000
14 0.572000 0.053500 0.022000 0.023000
12 0.554500 0.066000 0.021000 0.022000
14 0.536500 0.092500 0.023000 0.011000
14 0.554500 0.109500 0.019000 0.011000
14 0.562500 0.118500 0.019000 0.013000
12 0.605500 0.156000 0.029000 0.018000
14 0.636000 0.187500 0.022000 0.013000
9 0.651000 0.204000 0.022000 0.012000
9 0.677000 0.226500 0.022000 0.013000
9 0.693000 0.242000 0.024000 0.014000
14 0.725000 0.272500 0.018000 0.009000
12 0.012000 0.649500 0.024000 0.011000
12 0.724000 0.839500 0.024000 0.023000
12 0.928500 0.032000 0.033000 0.022000
12 0.195500 0.647000 0.015000 0.022000
14 0.020500 0.497500 0.019000 0.015000
14 0.023000 0.548500 0.018000 0.013000
14 0.019500 0.484000 0.021000 0.016000
9 0.700500 0.250000 0.023000 0.014000
14 0.660500 0.211500 0.019000 0.011000
9 0.643500 0.196000 0.019000 0.012000
14 0.678000 0.195000 0.018000 0.018000
14 0.619000 0.172500 0.020000 0.015000
14 0.608000 0.166000 0.022000 0.016000
12 0.547000 0.074500 0.024000 0.023000
14 0.590500 0.040000 0.019000 0.018000
9 0.598500 0.034000 0.019000 0.018000