14 0.852500 0.106875 0.031667 0.018750
14 0.850833 0.123125 0.028333 0.018750
9 0.853333 0.136250 0.033333 0.020000
14 0.856667 0.163750 0.030000 0.017500
14 0.850833 0.189375 0.035000 0.018750
14 0.855000 0.205000 0.030000 0.017500
14 0.848333 0.216875 0.026667 0.016250
14 0.851667 0.231250 0.036667 0.020000
14 0.859167 0.245000 0.035000 0.022500
14 0.854167 0.256250 0.031667 0.020000
9 0.852500 0.283750 0.031667 0.015000
9 0.850000 0.297500 0.033333 0.012500
14 0.936667 0.295000 0.033333 0.017500
14 0.931667 0.282500 0.026667 0.017500
9 0.935000 0.269375 0.036667 0.018750
14 0.937500 0.254375 0.035000 0.018750
14 0.938333 0.241250 0.036667 0.017500
14 0.935000 0.213125 0.040000 0.021250
14 0.936667 0.200625 0.030000 0.018750
14 0.936667 0.174375 0.033333 0.016250
14 0.939167 0.160625 0.031667 0.018750
14 0.940000 0.147500 0.033333 0.017500
14 0.938333 0.133125 0.030000 0.016250
14 0.937500 0.121250 0.031667 0.017500
14 0.943333 0.108125 0.033333 0.021250
14 0.973333 0.111875 0.030000 0.016250
14 0.975000 0.124375 0.033333 0.018750
14 0.978333 0.135625 0.030000 0.016250
9 0.972500 0.150625 0.035000 0.018750
14 0.975833 0.161875 0.031667 0.018750
14 0.975833 0.173750 0.035000 0.020000
14 0.976667 0.188750 0.033333 0.017500
9 0.975833 0.203125 0.038333 0.018750
14 0.975000 0.216250 0.040000 0.022500
14 0.974167 0.230625 0.035000 0.018750
9 0.967500 0.271875 0.038333 0.018750
14 0.972500 0.283125 0.035000 0.021250
14 0.041667 0.067500 0.033333 0.010000
14 0.100000 0.075000 0.010000 0.022500