2 0.026000 0.486000 0.036000 0.008000
2 0.027500 0.496500 0.039000 0.011000
2 0.103500 0.471500 0.037000 0.025000
2 0.108000 0.486000 0.042000 0.010000
2 0.111000 0.496000 0.050000 0.012000
6 0.223500 0.446500 0.059000 0.013000
2 0.968500 0.102000 0.063000 0.050000
5 0.493000 0.478000 0.022000 0.046000
5 0.507000 0.475000 0.020000 0.044000
5 0.524500 0.477500 0.023000 0.055000
5 0.541500 0.472500 0.019000 0.043000
6 0.608000 0.462000 0.060000 0.018000
2 0.604000 0.474000 0.052000 0.016000
5 0.911500 0.453000 0.077000 0.024000
2 0.983500 0.441500 0.033000 0.007000