1 0.101000 0.106000 0.016000 0.022000
4 0.027000 0.148500 0.036000 0.051000
1 0.034500 0.128000 0.021000 0.032000
1 0.055500 0.129500 0.023000 0.033000
1 0.074000 0.120000 0.024000 0.034000
1 0.091000 0.114500 0.030000 0.045000
1 0.107000 0.099500 0.014000 0.019000
1 0.112000 0.128000 0.018000 0.030000
2 0.113500 0.086500 0.017000 0.035000
1 0.128000 0.121500 0.016000 0.027000
1 0.527500 0.005000 0.021000 0.010000
1 0.580000 0.003500 0.024000 0.007000
1 0.595500 0.009000 0.043000 0.018000
1 0.938500 0.204000 0.011000 0.022000
1 0.926000 0.206500 0.008000 0.025000
1 0.902000 0.209000 0.010000 0.020000
1 0.863000 0.215000 0.014000 0.022000
1 0.834500 0.213500 0.017000 0.037000
1 0.808500 0.221500 0.013000 0.025000
1 0.795500 0.220500 0.011000 0.019000
1 0.780500 0.225000 0.015000 0.028000
1 0.727000 0.231500 0.018000 0.035000
1 0.714000 0.241000 0.014000 0.020000
1 0.698000 0.238500 0.016000 0.029000
7 0.657500 0.224000 0.041000 0.072000
0 0.622500 0.232500 0.035000 0.051000
0 0.612500 0.254000 0.025000 0.042000
0 0.592500 0.255000 0.033000 0.048000
5 0.577500 0.268000 0.039000 0.058000
1 0.648000 0.271000 0.018000 0.014000
1 0.766000 0.230000 0.014000 0.024000
1 0.912500 0.210000 0.011000 0.020000
5 0.567500 0.275500 0.023000 0.037000
1 0.753500 0.232500 0.011000 0.017000