1 0.100500 0.778500 0.021000 0.005000
1 0.106500 0.766000 0.033000 0.012000
1 0.068500 0.758000 0.009000 0.020000
1 0.123500 0.712500 0.051000 0.013000
1 0.064500 0.679500 0.015000 0.027000
1 0.101500 0.655000 0.041000 0.026000
1 0.097500 0.621000 0.023000 0.026000
1 0.117500 0.612000 0.021000 0.020000
1 0.135500 0.626000 0.017000 0.016000
1 0.156500 0.643500 0.025000 0.023000
1 0.167500 0.634000 0.025000 0.024000
1 0.315000 0.552500 0.024000 0.045000
1 0.549500 0.728000 0.023000 0.034000
1 0.536500 0.753500 0.017000 0.025000
1 0.523000 0.778000 0.020000 0.030000
1 0.546500 0.785000 0.019000 0.024000
1 0.562000 0.770000 0.024000 0.018000
1 0.568500 0.759000 0.025000 0.014000
1 0.572000 0.735500 0.018000 0.027000
4 0.692500 0.795000 0.027000 0.054000
0 0.776000 0.761500 0.060000 0.071000
4 0.775000 0.709500 0.026000 0.027000
4 0.812000 0.753500 0.028000 0.031000
1 0.839500 0.923500 0.039000 0.039000
1 0.908500 0.818500 0.045000 0.009000
1 0.886000 0.831000 0.030000 0.008000
1 0.888500 0.868000 0.025000 0.010000
1 0.889000 0.878000 0.024000 0.008000
1 0.919500 0.831000 0.027000 0.006000
1 0.921000 0.841000 0.026000 0.010000
1 0.919500 0.860500 0.027000 0.005000
1 0.920000 0.869000 0.026000 0.006000
1 0.921000 0.878500 0.030000 0.007000
1 0.921000 0.888000 0.026000 0.010000
1 0.983500 0.715500 0.027000 0.007000
1 0.982000 0.727000 0.026000 0.006000
1 0.979000 0.740000 0.028000 0.006000
1 0.982000 0.749500 0.030000 0.007000
1 0.977000 0.760500 0.032000 0.005000
1 0.981000 0.783000 0.028000 0.008000
1 0.980000 0.772000 0.032000 0.010000
1 0.980000 0.792500 0.028000 0.005000
1 0.981000 0.812000 0.024000 0.008000
1 0.981000 0.822500 0.028000 0.007000
1 0.983000 0.831500 0.024000 0.007000
1 0.981500 0.841500 0.025000 0.005000
1 0.983500 0.850500 0.021000 0.007000
1 0.984500 0.868000 0.025000 0.006000
1 0.982000 0.881000 0.024000 0.018000
1 0.990500 0.670000 0.019000 0.018000
1 0.844500 0.657000 0.023000 0.008000
36 0.916000 0.466500 0.020000 0.027000
35 0.784000 0.187000 0.052000 0.038000
35 0.712500 0.465000 0.099000 0.094000