14 0.776250 0.013333 0.015000 0.026667
14 0.806250 0.014167 0.012500 0.028333
14 0.820625 0.019167 0.016250 0.028333
9 0.848750 0.025000 0.015000 0.030000
9 0.875625 0.031667 0.016250 0.030000
9 0.918750 0.039167 0.012500 0.028333
14 0.935000 0.046667 0.012500 0.026667
9 0.964375 0.050000 0.013750 0.030000
14 0.158125 0.895000 0.018750 0.013333
14 0.156250 0.919167 0.027500 0.018333
12 0.235000 0.902500 0.030000 0.018333
9 0.193125 0.964167 0.013750 0.031667
14 0.987500 0.250833 0.007500 0.025000
14 0.926875 0.243333 0.011250 0.026667
14 0.912500 0.241667 0.012500 0.023333
14 0.846875 0.338333 0.011250 0.026667
9 0.862500 0.339167 0.010000 0.025000
14 0.878125 0.339167 0.011250 0.025000
14 0.892500 0.340000 0.010000 0.023333
9 0.906250 0.338333 0.010000 0.026667
9 0.920625 0.337500 0.011250 0.028333
9 0.935625 0.336667 0.011250 0.026667
9 0.994375 0.346667 0.011250 0.026667
9 0.353125 0.850000 0.028750 0.020000
11 0.865000 0.366667 0.067500 0.016667
10 0.864375 0.389167 0.068750 0.021667
10 0.866250 0.407500 0.062500 0.015000
11 0.866250 0.429167 0.067500 0.018333
10 0.868750 0.448333 0.062500 0.016667
10 0.866250 0.468333 0.062500 0.016667
10 0.862500 0.530833 0.062500 0.021667
11 0.861250 0.551667 0.067500 0.016667
11 0.859375 0.590000 0.066250 0.016667
11 0.856875 0.611667 0.066250 0.016667
11 0.857500 0.633333 0.067500 0.016667
11 0.853750 0.652500 0.065000 0.015000
10 0.853750 0.672500 0.060000 0.015000
10 0.851875 0.716667 0.063750 0.016667
11 0.860625 0.734167 0.041250 0.015000
10 0.843125 0.813333 0.061250 0.016667
10 0.841875 0.854167 0.061250 0.015000
11 0.839375 0.915833 0.066250 0.018333
11 0.845625 0.937500 0.051250 0.015000
11 0.845000 0.959167 0.052500 0.018333
9 0.045000 0.463333 0.025000 0.013333
12 0.051250 0.434167 0.032500 0.021667
14 0.042500 0.448333 0.020000 0.010000
9 0.055625 0.417500 0.023750 0.018333
9 0.062500 0.405000 0.030000 0.020000
12 0.065000 0.390833 0.032500 0.018333
14 0.365625 0.479167 0.026250 0.018333
9 0.075000 0.343333 0.030000 0.020000
9 0.086250 0.317500 0.025000 0.018333
9 0.088750 0.302500 0.025000 0.015000
9 0.092500 0.286667 0.027500 0.016667
14 0.098750 0.272500 0.027500 0.015000
10 0.088125 0.216667 0.058750 0.030000
12 0.524375 0.340833 0.036250 0.018333
9 0.530000 0.320833 0.030000 0.018333
14 0.543750 0.259167 0.022500 0.015000
14 0.542500 0.244167 0.022500 0.015000
13 0.561250 0.153333 0.057500 0.030000
14 0.561250 0.119167 0.035000 0.021667
10 0.412500 0.171667 0.065000 0.033333
9 0.079375 0.330833 0.028750 0.018333
12 0.056250 0.523333 0.020000 0.040000