35 0.610500 0.723500 0.053000 0.047000
14 0.087000 0.979500 0.018000 0.011000
12 0.018000 0.921000 0.022000 0.010000
14 0.066000 0.914000 0.018000 0.008000
14 0.241000 0.945500 0.020000 0.009000
9 0.750000 0.966000 0.014000 0.014000
9 0.757000 0.968000 0.016000 0.020000
9 0.792000 0.896500 0.022000 0.013000
11 0.921500 0.893000 0.021000 0.008000
11 0.987500 0.877000 0.025000 0.010000
14 0.990000 0.903000 0.020000 0.008000
14 0.954000 0.924000 0.008000 0.016000
16 0.040000 0.272500 0.040000 0.043000
15 0.074000 0.267500 0.036000 0.043000
15 0.012500 0.205000 0.025000 0.024000
15 0.167500 0.011500 0.055000 0.023000
9 0.088500 0.603000 0.015000 0.016000
9 0.023000 0.680500 0.012000 0.017000
10 0.383500 0.571500 0.029000 0.021000
11 0.136500 0.852000 0.011000 0.026000
14 0.226000 0.819000 0.020000 0.018000
9 0.222000 0.834000 0.022000 0.018000
9 0.228000 0.841500 0.020000 0.017000
9 0.233000 0.847500 0.016000 0.015000
14 0.246500 0.863000 0.009000 0.018000
12 0.318500 0.832000 0.019000 0.030000
9 0.312000 0.810000 0.012000 0.018000
12 0.323500 0.802500 0.017000 0.027000
12 0.331000 0.830500 0.016000 0.029000
9 0.450000 0.862500 0.008000 0.015000
9 0.486500 0.831500 0.011000 0.017000
14 0.425500 0.814500 0.023000 0.011000
9 0.424000 0.806500 0.016000 0.009000
9 0.346000 0.789500 0.008000 0.011000
9 0.380000 0.740500 0.020000 0.011000
9 0.397000 0.770500 0.018000 0.009000
9 0.417000 0.767000 0.014000 0.006000
9 0.435000 0.762500 0.014000 0.007000
9 0.501000 0.750000 0.018000 0.008000
9 0.521500 0.746500 0.019000 0.007000
9 0.560500 0.739000 0.021000 0.008000
9 0.640000 0.809000 0.012000 0.018000
9 0.691500 0.823500 0.011000 0.019000
9 0.713000 0.811000 0.012000 0.018000
12 0.725000 0.814500 0.016000 0.029000
9 0.733000 0.807500 0.012000 0.017000
9 0.759000 0.806500 0.012000 0.017000
9 0.649000 0.710500 0.020000 0.009000
14 0.704000 0.727000 0.012000 0.018000
14 0.745000 0.728000 0.012000 0.016000
14 0.720500 0.666500 0.011000 0.017000
12 0.729500 0.666000 0.015000 0.020000
14 0.740500 0.664000 0.011000 0.018000
11 0.774500 0.632500 0.017000 0.027000
9 0.819000 0.628000 0.012000 0.016000
9 0.830500 0.615000 0.011000 0.018000
9 0.843500 0.611500 0.011000 0.015000
9 0.858000 0.610000 0.010000 0.014000
14 0.873000 0.614500 0.010000 0.017000
9 0.890000 0.616500 0.010000 0.017000
14 0.902500 0.610500 0.011000 0.015000
14 0.926000 0.594000 0.012000 0.016000
9 0.938000 0.594000 0.010000 0.016000
14 0.949000 0.593500 0.012000 0.017000
14 0.958000 0.588500 0.010000 0.015000
14 0.950000 0.621000 0.010000 0.016000
9 0.963500 0.620000 0.011000 0.018000
9 0.976500 0.587500 0.013000 0.019000
9 0.987500 0.586000 0.011000 0.018000
12 0.861000 0.700000 0.008000 0.016000
9 0.937500 0.669500 0.023000 0.011000
9 0.974000 0.663000 0.022000 0.010000
17 0.946000 0.711000 0.018000 0.034000
12 0.988000 0.731500 0.018000 0.031000
14 0.627500 0.598500 0.017000 0.007000
11 0.613500 0.585000 0.041000 0.018000
9 0.610500 0.574000 0.019000 0.010000
9 0.637000 0.570000 0.020000 0.010000
9 0.586500 0.559500 0.023000 0.019000
9 0.604000 0.548500 0.020000 0.019000
14 0.625000 0.532500 0.016000 0.013000
9 0.643000 0.522000 0.024000 0.018000
14 0.662000 0.508500 0.020000 0.017000
9 0.682500 0.495000 0.019000 0.016000
14 0.680000 0.544500 0.018000 0.011000
14 0.701000 0.541000 0.018000 0.010000
14 0.696000 0.528000 0.018000 0.016000
12 0.681000 0.523500 0.020000 0.017000
10 0.802000 0.413500 0.020000 0.017000
14 0.822500 0.401000 0.019000 0.016000
9 0.770000 0.536000 0.020000 0.010000
9 0.832000 0.507000 0.012000 0.020000
14 0.818000 0.494000 0.012000 0.020000
12 0.905500 0.499500 0.009000 0.017000
14 0.930500 0.503000 0.021000 0.010000
12 0.899500 0.427000 0.027000 0.030000
12 0.917000 0.422500 0.020000 0.023000
9 0.968500 0.382000 0.017000 0.010000
14 0.948000 0.836500 0.020000 0.007000
9 0.951500 0.819500 0.011000 0.019000
14 0.939000 0.818500 0.012000 0.019000
9 0.930500 0.820500 0.009000 0.015000
9 0.921500 0.821500 0.011000 0.019000
9 0.911500 0.823000 0.013000 0.020000
9 0.938500 0.317500 0.019000 0.017000