14 0.075000 0.163000 0.020000 0.020000
14 0.084500 0.170500 0.019000 0.019000
14 0.127500 0.043000 0.017000 0.018000
14 0.199000 0.090000 0.016000 0.016000
14 0.257000 0.081000 0.026000 0.024000
9 0.274500 0.094500 0.017000 0.017000
14 0.458000 0.023500 0.018000 0.017000
12 0.020000 0.265500 0.022000 0.019000
14 0.829500 0.888500 0.025000 0.025000
9 0.939000 0.842000 0.018000 0.016000
9 0.960000 0.822000 0.022000 0.018000
9 0.892000 0.700500 0.020000 0.019000
14 0.777000 0.717500 0.022000 0.019000
9 0.838000 0.655000 0.020000 0.018000
14 0.845000 0.649000 0.022000 0.020000
14 0.842000 0.626000 0.022000 0.018000
14 0.872000 0.598500 0.020000 0.017000
14 0.879500 0.593000 0.019000 0.016000
14 0.722500 0.672500 0.019000 0.017000
14 0.731000 0.667000 0.024000 0.020000
9 0.843000 0.558000 0.022000 0.018000
14 0.769500 0.534500 0.021000 0.017000
9 0.748500 0.554500 0.021000 0.019000
14 0.707500 0.595500 0.021000 0.017000
9 0.627000 0.644000 0.020000 0.018000
14 0.689000 0.427500 0.026000 0.021000
14 0.733500 0.377500 0.023000 0.019000
14 0.429000 0.397000 0.024000 0.018000
14 0.447000 0.374500 0.020000 0.017000
14 0.460500 0.359500 0.025000 0.019000
14 0.452000 0.344000 0.018000 0.016000
14 0.495000 0.304000 0.024000 0.010000
14 0.497000 0.294000 0.022000 0.008000
14 0.508500 0.282000 0.027000 0.010000
14 0.527500 0.266000 0.027000 0.008000
14 0.546000 0.236500 0.024000 0.007000
9 0.978500 0.044000 0.019000 0.020000
4 0.532500 0.291500 0.029000 0.011000
4 0.546500 0.281000 0.031000 0.012000
4 0.564500 0.265500 0.035000 0.011000
4 0.579500 0.239500 0.031000 0.013000
4 0.569000 0.253000 0.026000 0.010000
12 0.981000 0.178500 0.024000 0.023000
9 0.957000 0.160500 0.016000 0.017000
14 0.933000 0.146000 0.018000 0.018000
9 0.909000 0.132000 0.018000 0.018000
12 0.892000 0.119500 0.022000 0.023000
12 0.874500 0.110000 0.023000 0.024000
9 0.850500 0.093500 0.019000 0.019000
14 0.841500 0.087000 0.017000 0.018000
14 0.824000 0.079000 0.018000 0.018000
13 0.802000 0.062000 0.018000 0.020000
9 0.785000 0.052500 0.016000 0.017000
9 0.755500 0.040500 0.017000 0.019000
14 0.736000 0.080500 0.016000 0.017000
14 0.746500 0.084500 0.021000 0.021000
14 0.769500 0.099500 0.017000 0.019000
14 0.787000 0.109500 0.020000 0.021000
12 0.803500 0.146500 0.025000 0.025000
14 0.828000 0.160500 0.016000 0.017000
9 0.860000 0.155500 0.016000 0.017000
9 0.887500 0.171500 0.017000 0.017000
12 0.908000 0.187000 0.018000 0.018000
9 0.927500 0.196000 0.017000 0.016000
14 0.941000 0.209000 0.020000 0.020000
9 0.958000 0.217000 0.016000 0.016000
9 0.975500 0.229000 0.017000 0.016000
9 0.978500 0.251000 0.013000 0.014000
9 0.961000 0.242000 0.020000 0.020000
9 0.944000 0.232000 0.016000 0.016000
14 0.927000 0.223000 0.020000 0.022000
12 0.910500 0.212000 0.021000 0.020000
14 0.903500 0.206500 0.015000 0.015000
9 0.879500 0.190500 0.019000 0.019000
14 0.757000 0.114500 0.016000 0.017000
9 0.747500 0.108500 0.015000 0.015000
9 0.731500 0.099500 0.017000 0.017000
9 0.723000 0.094000 0.016000 0.016000
9 0.714000 0.090000 0.016000 0.016000
9 0.679500 0.122000 0.017000 0.018000
9 0.697000 0.130000 0.014000 0.016000
9 0.706000 0.135000 0.016000 0.016000
9 0.730500 0.151500 0.017000 0.017000
14 0.745000 0.162500 0.020000 0.019000
9 0.753000 0.169000 0.018000 0.018000
12 0.777000 0.184000 0.016000 0.018000
9 0.810500 0.203500 0.019000 0.021000
9 0.835500 0.218000 0.019000 0.020000
14 0.844000 0.224000 0.016000 0.016000
14 0.861500 0.234000 0.021000 0.020000
14 0.885000 0.248000 0.018000 0.018000
9 0.893000 0.255000 0.018000 0.018000
9 0.934500 0.281500 0.021000 0.021000
14 0.949000 0.292500 0.016000 0.017000
9 0.966500 0.327000 0.019000 0.020000
12 0.950500 0.316500 0.021000 0.021000
9 0.910500 0.291000 0.019000 0.020000
12 0.894500 0.279000 0.021000 0.020000
14 0.860500 0.259500 0.017000 0.019000
14 0.837500 0.244000 0.019000 0.020000
14 0.812000 0.229000 0.016000 0.016000
9 0.804500 0.223500 0.017000 0.017000
14 0.788500 0.213000 0.015000 0.016000
9 0.778500 0.209000 0.017000 0.018000
9 0.771000 0.205000 0.020000 0.020000
14 0.755500 0.190500 0.017000 0.017000
9 0.746500 0.187000 0.019000 0.020000
14 0.722000 0.170000 0.020000 0.020000
9 0.715500 0.165500 0.019000 0.019000
9 0.707500 0.160500 0.017000 0.017000
9 0.691000 0.151000 0.018000 0.018000
14 0.673000 0.140500 0.018000 0.019000
14 0.665000 0.136000 0.018000 0.018000
9 0.672500 0.192500 0.017000 0.017000
9 0.682500 0.196500 0.019000 0.017000
14 0.692500 0.202000 0.017000 0.018000
9 0.704000 0.207500 0.016000 0.015000
14 0.747000 0.266000 0.018000 0.018000
9 0.638000 0.198500 0.018000 0.019000
9 0.629000 0.192000 0.018000 0.018000
14 0.622000 0.185000 0.016000 0.016000
12 0.826000 0.292000 0.020000 0.020000
14 0.915000 0.349500 0.020000 0.019000
9 0.813500 0.494500 0.019000 0.015000
9 0.053000 0.288000 0.020000 0.016000