11 0.635000 0.034167 0.030000 0.051667
11 0.613750 0.024167 0.030000 0.048333
11 0.559375 0.015833 0.026250 0.031667
10 0.513750 0.049167 0.032500 0.055000
10 0.500000 0.034167 0.032500 0.055000
10 0.481875 0.029167 0.033750 0.055000
12 0.511875 0.135833 0.026250 0.025000
12 0.505625 0.147500 0.026250 0.025000
9 0.495000 0.201667 0.012500 0.020000
14 0.518750 0.295833 0.015000 0.021667
14 0.463750 0.270000 0.017500 0.026667
14 0.453750 0.260000 0.017500 0.026667
9 0.429375 0.249167 0.013750 0.025000
9 0.424375 0.165833 0.021250 0.035000
14 0.201875 0.151667 0.018750 0.026667
14 0.313750 0.295833 0.017500 0.028333
9 0.249375 0.255000 0.016250 0.030000
14 0.183125 0.220833 0.018750 0.028333
14 0.163750 0.207500 0.020000 0.031667
14 0.150000 0.196667 0.017500 0.026667
9 0.138750 0.194167 0.017500 0.028333
9 0.128125 0.183333 0.016250 0.026667
9 0.116875 0.177500 0.018750 0.031667
14 0.106250 0.169167 0.017500 0.028333
14 0.095000 0.165000 0.020000 0.030000
9 0.148125 0.096667 0.026250 0.023333
14 0.068750 0.121667 0.022500 0.010000
9 0.070625 0.105000 0.023750 0.013333
9 0.070625 0.091667 0.023750 0.013333
9 0.069375 0.075833 0.021250 0.011667
14 0.070625 0.061667 0.023750 0.013333
14 0.071250 0.049167 0.025000 0.011667
9 0.069375 0.006667 0.021250 0.010000
9 0.844375 0.165833 0.008750 0.028333
9 0.752500 0.279167 0.022500 0.011667
9 0.754375 0.318333 0.021250 0.010000
14 0.753125 0.361667 0.018750 0.010000
12 0.755000 0.384167 0.025000 0.011667
9 0.753750 0.427500 0.025000 0.011667
9 0.753750 0.442500 0.022500 0.011667
14 0.755000 0.458333 0.022500 0.010000
14 0.823750 0.375000 0.010000 0.026667
9 0.596875 0.448333 0.018750 0.010000
9 0.596250 0.552500 0.020000 0.011667
14 0.597500 0.583333 0.022500 0.013333
14 0.595000 0.636667 0.020000 0.010000
14 0.599375 0.651667 0.023750 0.013333
9 0.598750 0.678333 0.022500 0.010000
14 0.597500 0.695000 0.022500 0.013333
9 0.599375 0.719167 0.018750 0.011667
9 0.596250 0.735000 0.025000 0.010000
14 0.598125 0.759167 0.021250 0.011667
9 0.598125 0.787500 0.023750 0.011667
14 0.591250 0.815833 0.015000 0.011667
9 0.600000 0.828333 0.017500 0.010000
14 0.598125 0.842500 0.023750 0.011667
14 0.596875 0.855000 0.018750 0.010000
9 0.598750 0.867500 0.022500 0.011667
14 0.600000 0.883333 0.025000 0.013333
12 0.596250 0.900000 0.030000 0.013333
14 0.576250 0.926667 0.007500 0.026667
14 0.563750 0.930000 0.007500 0.030000
14 0.551875 0.929167 0.008750 0.021667
14 0.539375 0.928333 0.008750 0.030000
9 0.526250 0.930000 0.007500 0.026667
14 0.514375 0.933333 0.008750 0.020000
14 0.502500 0.930000 0.010000 0.030000
9 0.490000 0.927500 0.007500 0.028333
9 0.478125 0.925833 0.008750 0.028333
12 0.466250 0.925833 0.010000 0.031667
9 0.503125 0.714167 0.023750 0.011667
9 0.503750 0.725000 0.022500 0.010000
9 0.504375 0.737500 0.023750 0.011667
9 0.506875 0.755000 0.021250 0.010000
9 0.508125 0.766667 0.021250 0.010000
14 0.505000 0.782500 0.025000 0.011667
9 0.505625 0.795833 0.023750 0.015000
9 0.506250 0.809167 0.025000 0.011667
9 0.505000 0.821667 0.022500 0.013333
14 0.505625 0.838333 0.023750 0.013333
9 0.505000 0.850833 0.025000 0.011667
9 0.534375 0.710833 0.021250 0.008333
14 0.531250 0.725000 0.020000 0.010000
9 0.531875 0.741667 0.023750 0.013333
9 0.531875 0.755000 0.021250 0.010000
14 0.533125 0.767500 0.021250 0.011667
14 0.532500 0.795833 0.022500 0.011667
9 0.531875 0.809167 0.021250 0.011667
9 0.531250 0.823333 0.025000 0.013333
9 0.534375 0.835833 0.023750 0.015000
14 0.533125 0.849167 0.023750 0.011667
14 0.531250 0.616667 0.022500 0.013333
9 0.531250 0.575000 0.022500 0.010000
12 0.050625 0.341667 0.026250 0.010000
9 0.048125 0.355000 0.021250 0.010000
12 0.053125 0.450833 0.026250 0.011667
14 0.054375 0.479167 0.023750 0.011667
9 0.052500 0.505000 0.022500 0.010000
9 0.053125 0.531667 0.021250 0.010000
9 0.053125 0.556667 0.021250 0.010000
14 0.052500 0.570833 0.022500 0.011667
9 0.052500 0.585833 0.022500 0.011667
14 0.050625 0.604167 0.021250 0.011667
14 0.054375 0.629167 0.023750 0.011667
9 0.952500 0.870000 0.010000 0.030000
14 0.050625 0.690000 0.021250 0.013333
14 0.049375 0.656667 0.018750 0.010000
14 0.050625 0.645000 0.018750 0.010000
9 0.521250 0.223333 0.010000 0.023333