9 0.821250 0.473333 0.012500 0.026667
12 0.803125 0.402500 0.028750 0.011667
12 0.970000 0.932500 0.015000 0.035000
9 0.935000 0.759167 0.027500 0.011667
9 0.927500 0.824167 0.025000 0.015000
9 0.851875 0.826667 0.031250 0.016667
9 0.645000 0.843333 0.010000 0.036667
13 0.630000 0.840000 0.017500 0.040000
13 0.612500 0.835000 0.015000 0.040000
12 0.597500 0.891667 0.017500 0.033333
12 0.591250 0.845833 0.017500 0.038333
12 0.611875 0.714167 0.028750 0.015000
13 0.569375 0.519167 0.018750 0.045000
12 0.511250 0.548333 0.017500 0.036667
12 0.546875 0.515000 0.016250 0.033333
9 0.586250 0.453333 0.025000 0.016667
14 0.630000 0.386667 0.012500 0.033333
9 0.678750 0.399167 0.027500 0.015000
9 0.657500 0.377500 0.012500 0.028333
9 0.902500 0.250833 0.032500 0.011667
9 0.961250 0.220000 0.012500 0.030000
12 0.962500 0.125000 0.012500 0.036667
9 0.565000 0.015833 0.017500 0.011667
13 0.549375 0.840000 0.023750 0.096667
9 0.489375 0.350833 0.011250 0.031667
9 0.656875 0.201667 0.011250 0.033333