14 0.976667 0.925625 0.020000 0.023750
14 0.818333 0.075000 0.020000 0.025000
12 0.871667 0.239375 0.036667 0.058750
18 0.920000 0.445625 0.040000 0.096250
12 0.975833 0.456250 0.028333 0.055000
9 0.987500 0.575625 0.015000 0.023750
14 0.941667 0.816250 0.016667 0.022500
14 0.946667 0.317500 0.020000 0.027500
9 0.148333 0.431875 0.036667 0.013750
9 0.190000 0.266250 0.026667 0.025000
9 0.172500 0.260625 0.028333 0.023750
9 0.082500 0.272500 0.021667 0.022500
9 0.062500 0.278125 0.028333 0.021250
14 0.059167 0.295000 0.038333 0.030000
9 0.168333 0.420000 0.040000 0.015000
9 0.304167 0.582500 0.035000 0.012500
14 0.312500 0.658750 0.031667 0.010000
9 0.198333 0.940000 0.016667 0.030000
14 0.929167 0.963125 0.018333 0.031250
11 0.198333 0.912500 0.026667 0.030000