4 0.962333 0.476000 0.059333 0.033333
2 0.959667 0.489000 0.034000 0.018000
2 0.960333 0.465667 0.034000 0.015333
2 0.954667 0.461333 0.041333 0.020000
2 0.918333 0.489667 0.028667 0.015333
2 0.915667 0.483667 0.030000 0.015333
2 0.913333 0.476000 0.033333 0.020000
2 0.901667 0.500000 0.020667 0.040000
3 0.892000 0.506333 0.022667 0.034000
3 0.983333 0.704000 0.026667 0.040000
3 0.965000 0.660667 0.030000 0.044000
3 0.944667 0.619333 0.026667 0.042667
3 0.959333 0.616333 0.026667 0.040667
3 0.925000 0.577333 0.024667 0.038667
3 0.938333 0.572333 0.026000 0.039333
3 0.906333 0.537667 0.022000 0.032667
35 0.077000 0.410667 0.012667 0.013333
35 0.130667 0.415667 0.013333 0.012667
35 0.189667 0.423667 0.012667 0.012667
8 0.356667 0.427667 0.038667 0.040667