3 0.975500 0.056000 0.049000 0.062000
2 0.533000 0.028000 0.034000 0.048000
2 0.520500 0.030000 0.023000 0.032000
2 0.584500 0.110000 0.025000 0.066000
2 0.591500 0.101000 0.021000 0.052000
2 0.515500 0.170000 0.021000 0.060000
2 0.597000 0.214000 0.034000 0.060000
2 0.721000 0.215500 0.028000 0.055000
2 0.671000 0.350500 0.034000 0.061000
2 0.574000 0.387500 0.034000 0.067000
2 0.513000 0.307000 0.022000 0.056000
2 0.522500 0.304000 0.021000 0.052000
2 0.444500 0.248500 0.021000 0.057000
2 0.429000 0.124500 0.012000 0.041000
2 0.436500 0.122000 0.007000 0.032000
2 0.309500 0.214500 0.011000 0.027000
2 0.318500 0.214000 0.011000 0.036000
2 0.325000 0.212000 0.010000 0.036000
2 0.332000 0.210500 0.014000 0.035000
2 0.340000 0.209500 0.014000 0.041000
2 0.347500 0.208500 0.013000 0.041000
2 0.354000 0.207500 0.014000 0.039000
2 0.327000 0.335500 0.024000 0.037000
2 0.364500 0.344500 0.021000 0.039000
2 0.377000 0.348000 0.022000 0.044000
2 0.385500 0.455500 0.013000 0.027000
2 0.393500 0.456000 0.011000 0.026000
2 0.399500 0.453500 0.013000 0.033000
2 0.406000 0.446500 0.016000 0.043000
2 0.413500 0.446500 0.013000 0.031000
2 0.478000 0.376500 0.012000 0.035000
2 0.486500 0.381500 0.013000 0.041000
2 0.495000 0.385000 0.010000 0.034000
2 0.562500 0.531500 0.025000 0.061000
2 0.634000 0.590000 0.042000 0.066000
2 0.759000 0.594500 0.036000 0.069000
2 0.653000 0.758500 0.028000 0.043000
2 0.819500 0.869500 0.027000 0.055000
2 0.445000 0.862000 0.048000 0.020000
2 0.262000 0.881000 0.070000 0.034000
2 0.118000 0.832000 0.056000 0.022000
2 0.367500 0.770500 0.029000 0.011000
2 0.370000 0.764500 0.032000 0.011000
2 0.373500 0.758000 0.029000 0.008000
2 0.377500 0.751500 0.027000 0.009000
2 0.377500 0.745500 0.033000 0.011000
2 0.378000 0.740000 0.034000 0.010000
2 0.376000 0.730500 0.040000 0.017000
2 0.445500 0.618500 0.025000 0.025000
2 0.454000 0.616000 0.024000 0.024000
2 0.454000 0.605000 0.034000 0.034000
2 0.464000 0.607000 0.024000 0.024000
2 0.470500 0.604000 0.023000 0.022000
2 0.474500 0.598500 0.021000 0.023000
2 0.515500 0.975500 0.023000 0.043000
2 0.024500 0.972500 0.047000 0.015000