33 0.119167 0.038750 0.075000 0.077500
33 0.242500 0.038750 0.075000 0.077500
30 0.787500 0.321875 0.245000 0.158750
30 0.678333 0.661875 0.253333 0.186250
30 0.690000 0.943125 0.243333 0.113750
14 0.456667 0.055000 0.030000 0.007500
14 0.455000 0.068125 0.030000 0.008750
9 0.362500 0.070000 0.028333 0.007500
9 0.365000 0.046875 0.033333 0.006250
9 0.367500 0.033125 0.038333 0.008750
14 0.455833 0.006250 0.031667 0.010000
31 0.238333 0.381875 0.203333 0.068750
31 0.240833 0.448125 0.201667 0.063750