14 0.180625 0.488333 0.031250 0.013333
9 0.104375 0.229167 0.016250 0.031667
14 0.090000 0.228333 0.015000 0.033333
14 0.070000 0.226667 0.020000 0.036667
14 0.040000 0.224167 0.017500 0.031667
9 0.008125 0.226667 0.013750 0.030000
9 0.096875 0.525833 0.031250 0.015000
9 0.098125 0.494167 0.028750 0.015000
9 0.095625 0.467500 0.028750 0.015000
9 0.099375 0.434167 0.033750 0.018333
9 0.096875 0.416667 0.026250 0.016667
9 0.093750 0.371667 0.025000 0.016667
14 0.093750 0.356667 0.027500 0.016667
9 0.098125 0.328333 0.028750 0.016667
9 0.175625 0.350000 0.026250 0.013333
14 0.174375 0.363333 0.028750 0.013333
14 0.175000 0.380000 0.025000 0.013333
12 0.175625 0.410833 0.026250 0.015000
9 0.050000 0.555000 0.025000 0.016667
9 0.048750 0.525833 0.025000 0.015000
14 0.051875 0.496667 0.031250 0.013333
9 0.050000 0.481667 0.030000 0.016667
12 0.176875 0.473333 0.031250 0.013333
14 0.180000 0.569167 0.027500 0.015000
14 0.005000 0.657500 0.010000 0.031667
14 0.018750 0.658333 0.015000 0.030000
9 0.080625 0.974167 0.013750 0.035000
9 0.064375 0.942500 0.018750 0.035000
9 0.033125 0.937500 0.018750 0.045000
32 0.874375 0.709167 0.251250 0.581667