12 0.262500 0.119167 0.035000 0.031667
17 0.661875 0.158333 0.048750 0.023333
17 0.621875 0.163333 0.026250 0.033333
17 0.689375 0.243333 0.048750 0.033333
12 0.715000 0.282500 0.057500 0.041667
9 0.423750 0.414167 0.017500 0.025000
9 0.601875 0.465833 0.021250 0.025000
9 0.626250 0.533333 0.015000 0.026667
9 0.645625 0.548333 0.016250 0.026667
9 0.623125 0.581667 0.013750 0.026667
9 0.603750 0.562500 0.015000 0.028333
9 0.591875 0.574167 0.016250 0.028333
14 0.575000 0.592500 0.017500 0.031667
12 0.710625 0.559167 0.036250 0.038333
14 0.690625 0.581667 0.028750 0.030000
14 0.636250 0.655833 0.022500 0.025000
14 0.630000 0.670833 0.025000 0.025000
14 0.619375 0.680000 0.026250 0.026667
12 0.610000 0.690833 0.027500 0.031667
14 0.240000 0.596667 0.025000 0.026667
11 0.307500 0.665000 0.050000 0.066667
14 0.355625 0.742500 0.028750 0.038333
14 0.358125 0.759167 0.018750 0.025000
14 0.385625 0.701667 0.021250 0.023333
14 0.328125 0.731667 0.026250 0.016667
13 0.584375 0.378333 0.018750 0.016667