7 0.826667 0.251333 0.168000 0.076000
7 0.721333 0.135333 0.105333 0.148000
1 0.682667 0.247667 0.010667 0.012667
2 0.689333 0.268667 0.014667 0.012000
2 0.071667 0.054000 0.022000 0.005333
8 0.033000 0.130000 0.036667 0.008000
8 0.032667 0.135667 0.034667 0.007333
8 0.076667 0.136000 0.036000 0.008000
8 0.033000 0.152333 0.031333 0.007333
8 0.071000 0.154667 0.034000 0.006667
2 0.045000 0.233333 0.023333 0.005333
2 0.045000 0.238667 0.023333 0.005333
2 0.070667 0.237667 0.022667 0.004667
2 0.096667 0.237333 0.021333 0.004000
2 0.071333 0.252667 0.022667 0.004000
2 0.044667 0.254333 0.021333 0.004667
2 0.045000 0.258000 0.022000 0.004000
4 0.042667 0.332667 0.026667 0.006667
5 0.048000 0.353333 0.032000 0.010667
0 0.065333 0.486000 0.030667 0.024000
4 0.039000 0.457333 0.030000 0.024000
4 0.032000 0.464667 0.026667 0.022667
4 0.047333 0.438000 0.030667 0.025333
4 0.072000 0.453667 0.029333 0.023333
4 0.016333 0.661000 0.026000 0.012667
2 0.211000 0.554667 0.012667 0.017333
2 0.236333 0.535000 0.015333 0.022000
2 0.242667 0.532333 0.016000 0.022000
2 0.248000 0.530000 0.014667 0.021333
2 0.255333 0.530000 0.014667 0.021333
2 0.259667 0.527333 0.016667 0.021333
2 0.267667 0.526667 0.023333 0.028000
2 0.270000 0.520667 0.014667 0.017333
2 0.273667 0.517000 0.014000 0.016667
2 0.278000 0.515333 0.010667 0.012000
4 0.272000 0.565333 0.025333 0.018667
2 0.335000 0.435000 0.014000 0.012667
2 0.330000 0.437000 0.014667 0.012667
2 0.324333 0.441333 0.015333 0.014667
2 0.320000 0.444667 0.014667 0.016000
2 0.356667 0.451667 0.022667 0.020667
2 0.352333 0.456667 0.023333 0.020000
2 0.376667 0.428333 0.021333 0.018000
2 0.371333 0.432667 0.024000 0.020000
2 0.367000 0.438000 0.024667 0.020000
2 0.398333 0.378667 0.022000 0.021333
2 0.394667 0.382333 0.021333 0.022000
2 0.391000 0.385667 0.020667 0.022000
2 0.389333 0.391000 0.020000 0.022000
2 0.384667 0.396000 0.021333 0.021333
2 0.418000 0.397667 0.022667 0.020667
2 0.415667 0.402667 0.023333 0.021333
2 0.412000 0.407667 0.024000 0.023333
2 0.408667 0.410333 0.021333 0.020667
2 0.409000 0.368667 0.015333 0.014667
2 0.427333 0.385667 0.022667 0.022000
2 0.432000 0.382000 0.024000 0.022667
2 0.436000 0.378667 0.014667 0.014667
2 0.439667 0.376000 0.018000 0.017333
2 0.447667 0.414000 0.014000 0.012000
2 0.433667 0.413333 0.012667 0.013333
5 0.455000 0.372333 0.024667 0.026000
1 0.413333 0.368000 0.013333 0.013333
1 0.417000 0.366000 0.011333 0.013333
1 0.420333 0.363667 0.011333 0.011333
1 0.424000 0.363333 0.012000 0.010667
1 0.441000 0.349000 0.015333 0.019333
1 0.444000 0.345333 0.014667 0.017333
1 0.448667 0.343333 0.010667 0.014667
1 0.456333 0.340333 0.011333 0.012667
1 0.457667 0.349667 0.015333 0.012667
1 0.458667 0.353000 0.016000 0.012667
1 0.462333 0.356333 0.014000 0.011333
1 0.478333 0.338333 0.015333 0.016667
1 0.481000 0.335667 0.015333 0.015333
5 0.594333 0.320000 0.035333 0.034667
5 0.586667 0.306667 0.032000 0.032000
5 0.488000 0.457667 0.030667 0.026000
5 0.532000 0.438667 0.042667 0.025333
4 0.542333 0.458333 0.046000 0.032667
5 0.555333 0.466667 0.029333 0.025333
4 0.531333 0.484333 0.034667 0.031333
2 0.540667 0.426000 0.020000 0.010667
2 0.516333 0.458667 0.035333 0.016000
2 0.507333 0.468667 0.024000 0.013333
2 0.504333 0.479333 0.036667 0.024000
2 0.503000 0.487000 0.015333 0.011333
2 0.507667 0.488667 0.012667 0.009333
5 0.538667 0.497333 0.030667 0.028000
2 0.535667 0.518000 0.008667 0.020000
2 0.564667 0.491667 0.021333 0.012667
2 0.566667 0.499000 0.033333 0.019333
2 0.568667 0.505000 0.032000 0.018000
5 0.571000 0.515000 0.043333 0.030000
2 0.575000 0.523667 0.022000 0.016667
2 0.582333 0.527667 0.027333 0.018000
5 0.593000 0.532667 0.031333 0.026667
2 0.656333 0.582000 0.012667 0.016000
2 0.671000 0.602667 0.015333 0.013333
2 0.568333 0.632333 0.006000 0.016667
2 0.564000 0.632000 0.005333 0.014667
2 0.560000 0.632667 0.006667 0.017333
2 0.556333 0.634667 0.006000 0.013333
2 0.553333 0.636333 0.006667 0.016667
2 0.549333 0.639000 0.009333 0.018000
2 0.544667 0.640667 0.010667 0.018667
2 0.535333 0.641333 0.010667 0.014667
2 0.540000 0.641667 0.009333 0.011333
2 0.516333 0.595000 0.015333 0.015333
2 0.518333 0.599333 0.015333 0.014667
2 0.520333 0.602667 0.016667 0.013333
2 0.523667 0.606000 0.018000 0.014667
2 0.525000 0.611000 0.016667 0.015333
2 0.528000 0.613667 0.018667 0.014000
2 0.529000 0.618667 0.015333 0.010667
2 0.531333 0.622667 0.016000 0.010667
2 0.535667 0.625000 0.018000 0.011333
2 0.507667 0.643000 0.016667 0.014000
2 0.509000 0.646333 0.018000 0.014000
2 0.512667 0.649333 0.014667 0.013333
2 0.517000 0.653000 0.010000 0.012667
2 0.519333 0.656667 0.012000 0.016000
2 0.522000 0.661000 0.012000 0.016667
2 0.533333 0.665333 0.010667 0.014667
2 0.530000 0.667000 0.012000 0.015333
2 0.476333 0.643000 0.020667 0.015333
2 0.478000 0.648667 0.021333 0.014667
2 0.478333 0.654667 0.022000 0.016000
2 0.495000 0.662000 0.010000 0.016000
2 0.474667 0.690000 0.010667 0.013333
2 0.467667 0.671000 0.011333 0.016667
2 0.478000 0.686333 0.010667 0.012667
2 0.482333 0.685667 0.007333 0.011333
2 0.486000 0.685333 0.008000 0.012000
2 0.489333 0.683333 0.009333 0.014667
2 0.480333 0.705000 0.014000 0.016667
2 0.485333 0.703667 0.013333 0.016667
2 0.488333 0.700333 0.012667 0.015333
2 0.498333 0.694333 0.008667 0.014000
2 0.462333 0.673000 0.011333 0.016667
2 0.435333 0.673667 0.020000 0.022000
2 0.450000 0.689667 0.014667 0.015333
2 0.443667 0.694333 0.016667 0.012667
0 0.452000 0.715667 0.016000 0.018000
4 0.413667 0.734000 0.023333 0.028000
0 0.342667 0.764333 0.028000 0.035333
0 0.300667 0.737000 0.022667 0.028667
0 0.326333 0.779000 0.022000 0.028667
7 0.211000 0.766667 0.107333 0.074667
7 0.076000 0.726333 0.114667 0.080667
34 0.556000 0.155333 0.022667 0.021333
7 0.034333 0.853333 0.068667 0.100000
35 0.325000 0.917333 0.046000 0.048000
35 0.837667 0.858667 0.046000 0.045333
35 0.963667 0.630667 0.046000 0.045333
35 0.833000 0.560000 0.062000 0.061333
35 0.918333 0.712667 0.034000 0.025333
35 0.880333 0.785000 0.034000 0.024667