36 0.178000 0.125500 0.356000 0.113000
11 0.216500 0.556500 0.047000 0.113000
3 0.208500 0.483500 0.019000 0.039000
14 0.409500 0.034500 0.013000 0.017000
13 0.923000 0.429500 0.016000 0.011000
9 0.899000 0.424000 0.022000 0.014000
9 0.920000 0.417000 0.022000 0.014000
11 0.893000 0.412000 0.028000 0.014000
11 0.896000 0.399500 0.036000 0.021000
13 0.878500 0.390000 0.005000 0.008000
9 0.949500 0.342500 0.017000 0.007000
13 0.949000 0.335500 0.014000 0.005000
9 0.948500 0.328000 0.017000 0.006000
14 0.947000 0.314000 0.014000 0.006000
10 0.881500 0.335500 0.041000 0.011000
9 0.945500 0.290000 0.021000 0.008000
9 0.907500 0.299500 0.019000 0.007000
14 0.909500 0.307500 0.019000 0.007000
14 0.504000 0.329000 0.018000 0.010000
9 0.644500 0.255000 0.019000 0.008000
14 0.448500 0.160000 0.017000 0.006000
14 0.448000 0.153000 0.016000 0.006000
14 0.448000 0.146500 0.014000 0.007000
14 0.446000 0.137500 0.018000 0.007000
14 0.445500 0.130000 0.019000 0.006000
14 0.446500 0.123500 0.013000 0.005000
9 0.445000 0.115000 0.020000 0.006000
13 0.443500 0.108000 0.015000 0.006000
9 0.441500 0.078000 0.019000 0.008000
14 0.439500 0.055500 0.017000 0.007000
14 0.439500 0.046500 0.017000 0.007000
14 0.444000 0.031000 0.014000 0.006000
14 0.444000 0.024000 0.014000 0.006000
14 0.443000 0.016500 0.014000 0.005000
17 0.486000 0.778500 0.020000 0.035000
9 0.528000 0.748500 0.020000 0.009000
14 0.527500 0.756500 0.019000 0.007000