11 0.508000 0.920500 0.024000 0.031000
11 0.491000 0.914500 0.024000 0.029000
11 0.524500 0.892000 0.023000 0.028000
11 0.540000 0.867500 0.022000 0.027000
11 0.491500 0.890500 0.025000 0.031000
11 0.451000 0.900500 0.028000 0.037000
10 0.434500 0.892000 0.027000 0.034000
10 0.422000 0.885000 0.026000 0.034000
11 0.508500 0.859500 0.025000 0.031000
11 0.473000 0.864500 0.028000 0.037000
10 0.454000 0.859500 0.028000 0.033000
10 0.443000 0.850500 0.024000 0.033000
10 0.411000 0.929500 0.026000 0.033000
10 0.400000 0.920500 0.026000 0.033000
10 0.385500 0.917500 0.027000 0.033000
10 0.353500 0.916000 0.027000 0.034000
10 0.347500 0.899000 0.027000 0.032000
10 0.333000 0.895000 0.028000 0.034000
10 0.387000 0.889500 0.032000 0.041000
10 0.378000 0.876500 0.032000 0.043000
10 0.369500 0.864500 0.027000 0.033000
10 0.356500 0.858000 0.025000 0.032000
10 0.414000 0.844500 0.032000 0.041000
10 0.403000 0.835000 0.026000 0.032000
10 0.392500 0.827500 0.027000 0.033000
10 0.380500 0.821000 0.027000 0.034000
10 0.316500 0.883500 0.029000 0.039000
10 0.337500 0.849500 0.027000 0.033000
10 0.360500 0.812000 0.027000 0.032000
11 0.338500 0.821500 0.021000 0.027000
10 0.297500 0.861500 0.027000 0.033000
10 0.284000 0.855000 0.028000 0.034000
10 0.251500 0.883000 0.029000 0.036000
10 0.269500 0.846500 0.031000 0.041000
10 0.318000 0.827000 0.028000 0.034000
10 0.305000 0.820000 0.028000 0.034000
10 0.292000 0.811500 0.030000 0.037000
10 0.256500 0.822500 0.027000 0.035000
10 0.341000 0.792000 0.028000 0.034000
10 0.329000 0.784000 0.028000 0.036000
10 0.316000 0.779000 0.030000 0.038000
12 0.409500 0.981500 0.021000 0.015000
12 0.404500 0.988500 0.021000 0.015000
14 0.161500 0.991000 0.015000 0.016000
9 0.169500 0.834000 0.015000 0.012000
9 0.118500 0.958000 0.021000 0.014000
14 0.055000 0.973000 0.018000 0.006000
9 0.056500 0.963000 0.019000 0.008000
9 0.056500 0.955000 0.019000 0.008000
9 0.055500 0.945500 0.017000 0.007000
14 0.056500 0.937000 0.019000 0.008000
14 0.057000 0.929500 0.020000 0.007000
9 0.128000 0.900500 0.016000 0.013000
14 0.143500 0.785500 0.019000 0.015000
9 0.055500 0.904000 0.017000 0.006000
12 0.056000 0.894000 0.020000 0.008000
14 0.142000 0.747500 0.018000 0.013000
14 0.158500 0.718500 0.019000 0.015000
9 0.096500 0.729000 0.019000 0.014000
9 0.113500 0.699000 0.019000 0.014000
14 0.118000 0.691000 0.018000 0.014000
9 0.119000 0.682500 0.010000 0.009000
9 0.137000 0.658500 0.018000 0.013000
14 0.873000 0.337500 0.014000 0.015000
14 0.911000 0.271500 0.018000 0.019000
9 0.865500 0.262500 0.017000 0.017000
35 0.423000 0.251500 0.190000 0.193000
9 0.811500 0.297000 0.011000 0.020000
9 0.792500 0.288500 0.009000 0.011000
9 0.783500 0.282500 0.011000 0.019000
9 0.774500 0.279500 0.009000 0.015000
14 0.760000 0.264500 0.012000 0.017000
14 0.751000 0.261500 0.012000 0.017000
9 0.712000 0.228500 0.014000 0.013000
9 0.672500 0.177500 0.015000 0.015000
14 0.693000 0.173500 0.018000 0.019000
14 0.743500 0.517500 0.019000 0.015000
9 0.723500 0.490500 0.019000 0.015000
9 0.516000 0.311500 0.016000 0.015000
9 0.496500 0.298500 0.019000 0.017000
14 0.447500 0.295500 0.019000 0.017000
14 0.414000 0.284000 0.018000 0.016000
9 0.337000 0.256000 0.014000 0.018000
9 0.351000 0.217500 0.018000 0.017000
9 0.560500 0.159500 0.013000 0.017000
9 0.590000 0.107500 0.012000 0.017000
9 0.600500 0.080500 0.013000 0.019000
9 0.613500 0.051000 0.011000 0.018000
9 0.618500 0.031000 0.009000 0.016000
9 0.476500 0.023000 0.017000 0.014000
12 0.455500 0.051000 0.019000 0.018000
9 0.440000 0.067000 0.018000 0.020000
9 0.332000 0.033000 0.018000 0.016000
9 0.321500 0.017000 0.019000 0.016000
9 0.369000 0.008500 0.018000 0.017000
14 0.613500 0.782500 0.017000 0.015000
14 0.616000 0.752500 0.014000 0.017000
12 0.766000 0.746000 0.016000 0.020000
9 0.732500 0.804000 0.015000 0.018000
9 0.841500 0.806000 0.015000 0.018000
12 0.978000 0.846500 0.016000 0.021000
9 0.147500 0.732000 0.019000 0.014000
14 0.120500 0.785500 0.017000 0.013000