14 0.260500 0.407500 0.025000 0.011000
12 0.231000 0.379500 0.014000 0.025000
9 0.264500 0.418000 0.023000 0.008000
12 0.361500 0.266000 0.023000 0.010000
9 0.289000 0.050500 0.024000 0.011000
9 0.016500 0.194000 0.019000 0.010000
14 0.025000 0.218500 0.020000 0.011000
9 0.050500 0.328500 0.011000 0.019000
11 0.870500 0.437000 0.021000 0.030000
14 0.921500 0.421500 0.023000 0.009000
12 0.916500 0.410000 0.025000 0.010000
14 0.895000 0.382500 0.018000 0.009000
14 0.889500 0.371000 0.023000 0.010000
14 0.945000 0.426500 0.014000 0.017000
14 0.958500 0.424000 0.015000 0.018000
12 0.972000 0.421500 0.020000 0.023000
15 0.903500 0.485000 0.021000 0.034000
11 0.885000 0.479000 0.024000 0.054000
14 0.942000 0.491000 0.018000 0.022000
14 0.954000 0.487000 0.016000 0.022000
9 0.965000 0.484000 0.018000 0.022000
14 0.976500 0.478500 0.017000 0.023000
9 0.992000 0.458500 0.016000 0.013000
14 0.947500 0.521000 0.021000 0.026000
9 0.978000 0.577500 0.014000 0.017000
14 0.984000 0.628500 0.014000 0.019000
14 0.989500 0.687500 0.013000 0.019000
14 0.955500 0.699000 0.015000 0.020000
14 0.795500 0.200500 0.021000 0.015000
9 0.952500 0.064500 0.011000 0.019000
14 0.976500 0.058500 0.011000 0.013000
14 0.917500 0.018500 0.019000 0.011000
14 0.349500 0.142000 0.019000 0.008000
14 0.368500 0.191500 0.023000 0.013000
14 0.480000 0.124000 0.012000 0.018000
32 0.659500 0.631500 0.443000 0.403000
30 0.356000 0.638500 0.200000 0.185000