9 0.892500 0.031667 0.027500 0.026667
9 0.826875 0.602500 0.023750 0.031667
9 0.958750 0.750833 0.025000 0.031667
12 0.978750 0.787500 0.030000 0.031667
14 0.770000 0.600000 0.022500 0.033333
9 0.810000 0.646667 0.022500 0.033333
9 0.855000 0.722500 0.025000 0.031667
9 0.773125 0.905000 0.028750 0.026667
14 0.502500 0.762500 0.022500 0.031667
14 0.185625 0.935833 0.021250 0.031667
9 0.286875 0.662500 0.023750 0.035000
9 0.229375 0.760000 0.023750 0.033333
14 0.064375 0.836667 0.021250 0.033333
9 0.082500 0.869167 0.022500 0.035000
1 0.216875 0.675000 0.033750 0.033333
33 0.795000 0.388333 0.145000 0.116667
33 0.834375 0.316667 0.146250 0.116667
33 0.875000 0.242500 0.147500 0.118333