9 0.158000 0.349000 0.020000 0.020000
14 0.304500 0.107000 0.013000 0.022000
30 0.320000 0.382000 0.300000 0.226000
9 0.943500 0.099000 0.017000 0.006000
14 0.907500 0.170000 0.011000 0.022000
14 0.910000 0.198000 0.010000 0.008000
14 0.973000 0.318500 0.022000 0.023000
11 0.938000 0.277000 0.026000 0.036000
9 0.921000 0.239000 0.014000 0.018000
14 0.805500 0.017500 0.019000 0.011000
9 0.741000 0.013500 0.026000 0.007000
9 0.849000 0.022000 0.028000 0.010000
14 0.548500 0.595000 0.027000 0.010000
9 0.611000 0.627000 0.012000 0.018000
14 0.738000 0.177500 0.020000 0.009000