2 0.789500 0.011500 0.031000 0.023000
2 0.786500 0.017000 0.023000 0.020000
2 0.783000 0.022500 0.024000 0.019000
2 0.570500 0.006000 0.085000 0.012000
2 0.565000 0.018000 0.080000 0.018000
2 0.570000 0.033000 0.082000 0.020000
2 0.757500 0.156500 0.063000 0.075000
7 0.958500 0.127500 0.083000 0.081000
2 0.957000 0.146000 0.058000 0.052000
2 0.949000 0.159500 0.058000 0.051000
2 0.942500 0.173000 0.055000 0.046000
7 0.929500 0.180000 0.063000 0.054000
7 0.921000 0.193500 0.062000 0.053000
7 0.916500 0.210000 0.061000 0.052000
2 0.906000 0.216000 0.040000 0.036000