14 0.953750 0.598333 0.027500 0.013333
14 0.920000 0.594167 0.030000 0.015000
14 0.847500 0.589167 0.027500 0.011667
9 0.814375 0.590000 0.026250 0.016667
14 0.773125 0.592500 0.031250 0.015000
14 0.740000 0.592500 0.027500 0.018333
9 0.699375 0.596667 0.023750 0.013333
14 0.655000 0.605833 0.027500 0.018333
14 0.700625 0.635000 0.031250 0.020000
12 0.643125 0.649167 0.031250 0.021667
18 0.163125 0.751667 0.051250 0.033333
9 0.167500 0.371667 0.020000 0.030000
14 0.186875 0.369167 0.021250 0.028333
9 0.212500 0.354167 0.022500 0.028333
14 0.281250 0.365000 0.030000 0.020000
14 0.416250 0.309167 0.015000 0.035000
9 0.372500 0.291667 0.020000 0.030000
9 0.451250 0.320000 0.027500 0.023333
9 0.479375 0.305000 0.018750 0.040000
14 0.494375 0.304167 0.013750 0.028333
14 0.602500 0.300000 0.025000 0.016667
12 0.316250 0.021667 0.027500 0.030000
14 0.411875 0.024167 0.031250 0.025000
6 0.468125 0.101667 0.026250 0.020000
14 0.525625 0.065833 0.028750 0.018333
9 0.526875 0.115833 0.018750 0.015000
14 0.636875 0.087500 0.026250 0.015000
14 0.668750 0.121667 0.027500 0.016667
9 0.747500 0.115000 0.027500 0.023333
9 0.860000 0.120000 0.027500 0.026667
9 0.898750 0.215000 0.027500 0.026667