9 0.433500 0.971000 0.015000 0.020000
14 0.551500 0.921500 0.013000 0.019000
9 0.656500 0.869500 0.011000 0.017000
9 0.681500 0.833000 0.029000 0.012000
9 0.355500 0.876500 0.027000 0.011000
9 0.146000 0.925500 0.022000 0.011000
14 0.489000 0.731000 0.012000 0.018000
9 0.402500 0.741500 0.011000 0.017000
9 0.343500 0.751000 0.013000 0.020000
9 0.268500 0.761000 0.011000 0.018000
14 0.581000 0.507500 0.010000 0.013000
14 0.568000 0.509000 0.010000 0.012000
14 0.555000 0.510000 0.010000 0.016000
9 0.543500 0.510500 0.013000 0.019000
14 0.530500 0.513500 0.011000 0.017000
14 0.463500 0.514500 0.023000 0.019000
9 0.590000 0.457000 0.012000 0.016000
9 0.563500 0.443000 0.011000 0.018000
9 0.552500 0.444000 0.009000 0.016000
9 0.514000 0.445000 0.012000 0.018000
9 0.702500 0.420500 0.021000 0.015000
9 0.633000 0.442000 0.020000 0.014000
14 0.625000 0.433500 0.022000 0.015000
14 0.615500 0.427000 0.017000 0.014000
14 0.608500 0.418500 0.019000 0.017000
14 0.598500 0.411000 0.019000 0.018000
9 0.316000 0.405000 0.012000 0.018000
9 0.300000 0.407000 0.012000 0.020000
14 0.286000 0.411000 0.014000 0.022000
9 0.273000 0.412000 0.014000 0.022000
9 0.232500 0.411500 0.011000 0.019000
12 0.341500 0.337000 0.015000 0.022000
14 0.714500 0.979000 0.021000 0.008000