32 0.120000 0.293500 0.230000 0.341000
14 0.150000 0.803000 0.018000 0.008000
12 0.274000 0.891000 0.020000 0.008000
14 0.275500 0.903500 0.021000 0.009000
12 0.637000 0.695000 0.026000 0.008000
9 0.633500 0.685500 0.021000 0.007000
9 0.520500 0.745000 0.023000 0.008000
12 0.614500 0.856000 0.021000 0.010000
9 0.852500 0.787500 0.023000 0.007000
14 0.945500 0.639500 0.009000 0.017000
14 0.946000 0.660500 0.012000 0.017000
30 0.696500 0.301500 0.201000 0.145000
12 0.967500 0.253500 0.023000 0.009000
13 0.963000 0.271500 0.016000 0.009000