32 0.118750 0.781667 0.237500 0.436667
32 0.440625 0.781667 0.276250 0.436667
32 0.785625 0.786667 0.276250 0.426667
9 0.948750 0.010000 0.027500 0.013333
9 0.945000 0.053333 0.030000 0.016667
12 0.949375 0.085000 0.031250 0.016667
14 0.918125 0.085833 0.028750 0.015000
9 0.948125 0.100833 0.028750 0.015000
9 0.917500 0.115833 0.030000 0.015000
14 0.949375 0.131667 0.031250 0.016667
9 0.918750 0.132500 0.027500 0.015000
14 0.950625 0.178333 0.031250 0.013333
9 0.915625 0.193333 0.028750 0.013333
14 0.947500 0.193333 0.027500 0.016667
14 0.918125 0.208333 0.028750 0.013333
14 0.915625 0.224167 0.026250 0.015000
9 0.915000 0.239167 0.030000 0.015000
14 0.913750 0.254167 0.025000 0.015000
9 0.909375 0.269167 0.018750 0.011667
9 0.950625 0.210000 0.028750 0.016667
14 0.925000 0.475000 0.015000 0.036667
9 0.955000 0.480000 0.015000 0.030000
14 0.946875 0.025833 0.026250 0.015000