9 0.151667 0.780000 0.020000 0.010000
12 0.557500 0.486250 0.038333 0.007500
14 0.640000 0.256250 0.033333 0.010000
9 0.551667 0.071875 0.033333 0.008750
14 0.755000 0.276250 0.010000 0.017500
9 0.734167 0.276250 0.015000 0.012500
14 0.818333 0.383750 0.030000 0.007500
9 0.774167 0.382500 0.038333 0.010000
14 0.766667 0.425000 0.030000 0.007500
14 0.845833 0.471875 0.035000 0.008750
14 0.755833 0.461875 0.031667 0.008750
9 0.764167 0.651875 0.015000 0.018750
14 0.810000 0.755000 0.013333 0.020000
35 0.959167 0.470000 0.081667 0.055000
14 0.899167 0.486875 0.035000 0.011250
14 0.942500 0.333125 0.011667 0.018750
9 0.913333 0.300000 0.036667 0.007500
14 0.945833 0.268125 0.011667 0.018750
14 0.946667 0.240625 0.013333 0.018750
9 0.844167 0.105625 0.031667 0.008750
9 0.795833 0.105625 0.038333 0.011250
32 0.255833 0.645000 0.511667 0.217500
30 0.151667 0.862500 0.270000 0.165000