35 0.050000 0.063500 0.040000 0.025000
35 0.688000 0.253500 0.018000 0.021000
35 0.318500 0.042000 0.029000 0.044000
35 0.177500 0.939500 0.081000 0.035000
35 0.396500 0.920000 0.027000 0.042000
36 0.222500 0.047500 0.163000 0.059000
36 0.298500 0.925500 0.161000 0.071000
35 0.521500 0.261000 0.041000 0.018000
35 0.626500 0.256000 0.049000 0.022000
35 0.660500 0.887000 0.049000 0.040000
14 0.183000 0.939000 0.020000 0.010000
14 0.006000 0.958000 0.012000 0.010000
14 0.465000 0.003000 0.016000 0.006000
14 0.358500 0.014000 0.013000 0.006000
11 0.474000 0.028000 0.020000 0.008000
11 0.515500 0.025000 0.027000 0.010000
14 0.576000 0.021000 0.018000 0.008000
10 0.638000 0.013000 0.044000 0.012000
14 0.694000 0.012500 0.016000 0.007000
14 0.737500 0.007500 0.023000 0.009000
12 0.817500 0.023000 0.023000 0.024000
14 0.860000 0.100500 0.018000 0.021000
10 0.860000 0.082500 0.018000 0.023000
14 0.045500 0.140500 0.015000 0.005000
9 0.081500 0.179000 0.023000 0.014000
14 0.013500 0.394500 0.019000 0.007000
9 0.048500 0.388500 0.015000 0.009000
14 0.048500 0.545000 0.017000 0.010000
9 0.008500 0.680500 0.017000 0.007000
9 0.008500 0.699500 0.017000 0.007000
14 0.062000 0.677000 0.018000 0.008000
14 0.094000 0.671000 0.022000 0.008000
14 0.132500 0.653500 0.013000 0.007000
14 0.133000 0.606500 0.020000 0.007000
14 0.097500 0.733000 0.019000 0.010000
14 0.018000 0.807000 0.016000 0.006000
14 0.019500 0.816500 0.021000 0.009000
14 0.058000 0.834500 0.008000 0.015000
14 0.109000 0.812500 0.010000 0.017000
14 0.146000 0.791000 0.020000 0.008000
14 0.110500 0.886500 0.019000 0.007000
14 0.463500 0.063500 0.017000 0.007000
14 0.503500 0.052500 0.021000 0.007000
14 0.504000 0.060500 0.018000 0.009000
9 0.525500 0.052500 0.019000 0.009000
14 0.528500 0.069000 0.021000 0.006000
14 0.569000 0.050000 0.018000 0.006000
14 0.570500 0.066000 0.019000 0.010000
14 0.609000 0.244000 0.010000 0.016000
14 0.631000 0.239000 0.010000 0.018000
14 0.640500 0.220000 0.009000 0.016000
14 0.503500 0.175000 0.017000 0.008000
14 0.509500 0.208500 0.017000 0.007000
14 0.536000 0.194000 0.012000 0.020000
14 0.705000 0.170000 0.016000 0.006000
14 0.706000 0.178000 0.020000 0.008000
14 0.708500 0.185500 0.019000 0.009000
9 0.675500 0.230000 0.011000 0.018000
14 0.660000 0.267500 0.016000 0.007000
14 0.661000 0.293000 0.010000 0.016000
14 0.670000 0.292000 0.010000 0.016000
14 0.601000 0.347500 0.018000 0.007000
14 0.590000 0.293000 0.018000 0.004000
14 0.573000 0.432000 0.008000 0.016000
14 0.583000 0.430000 0.010000 0.018000
9 0.624000 0.426500 0.010000 0.017000
14 0.590500 0.511500 0.017000 0.007000
14 0.576500 0.524000 0.019000 0.010000
9 0.698500 0.475500 0.009000 0.017000
9 0.709000 0.474500 0.010000 0.017000
14 0.720000 0.474000 0.008000 0.016000
14 0.731000 0.474500 0.008000 0.013000
14 0.739500 0.472500 0.009000 0.017000
14 0.613500 0.600500 0.011000 0.017000
14 0.634000 0.597500 0.008000 0.013000
14 0.643000 0.596000 0.010000 0.018000
14 0.673500 0.594500 0.011000 0.019000
14 0.684500 0.594000 0.011000 0.018000
14 0.715000 0.590500 0.012000 0.017000
11 0.521500 0.587000 0.023000 0.018000
14 0.500500 0.329500 0.017000 0.007000
14 0.450000 0.426500 0.020000 0.007000
9 0.458500 0.495000 0.023000 0.008000
14 0.436500 0.552500 0.009000 0.013000
14 0.850000 0.225500 0.012000 0.015000
14 0.895500 0.215500 0.015000 0.011000
11 0.702000 0.311000 0.006000 0.016000
11 0.791000 0.399000 0.020000 0.010000
14 0.926000 0.270000 0.014000 0.016000
9 0.954000 0.249500 0.016000 0.019000
9 0.978500 0.289500 0.017000 0.019000
14 0.809500 0.367000 0.009000 0.016000
14 0.856000 0.582500 0.022000 0.017000
14 0.776500 0.694500 0.017000 0.019000
14 0.788000 0.676500 0.018000 0.023000
14 0.808500 0.681000 0.017000 0.018000
14 0.792500 0.753000 0.019000 0.018000
14 0.800000 0.759000 0.016000 0.016000
14 0.806500 0.765500 0.019000 0.017000
14 0.814000 0.771000 0.018000 0.016000
14 0.858500 0.767000 0.017000 0.016000
14 0.893000 0.774000 0.014000 0.014000
14 0.523500 0.884000 0.011000 0.018000
14 0.576000 0.881000 0.010000 0.012000
15 0.593000 0.879500 0.020000 0.013000
14 0.675000 0.715000 0.018000 0.012000
14 0.942500 0.574500 0.015000 0.015000
9 0.963000 0.584000 0.020000 0.018000
9 0.985000 0.521500 0.022000 0.019000
14 0.946000 0.552000 0.016000 0.014000
14 0.934000 0.736000 0.018000 0.016000
14 0.843000 0.027000 0.010000 0.012000
14 0.851500 0.021500 0.013000 0.017000
14 0.860500 0.018000 0.015000 0.018000
12 0.508000 0.941500 0.010000 0.017000
14 0.598500 0.931500 0.009000 0.015000
14 0.600500 0.956500 0.009000 0.015000
9 0.685000 0.955000 0.018000 0.016000
14 0.695000 0.994000 0.014000 0.012000
14 0.802500 0.932000 0.017000 0.016000