9 0.951500 0.269000 0.011000 0.018000
9 0.597000 0.600000 0.014000 0.020000
14 0.569500 0.636000 0.013000 0.018000
9 0.556000 0.634500 0.012000 0.019000
9 0.544000 0.631000 0.012000 0.016000
12 0.993500 0.224500 0.009000 0.015000
14 0.981500 0.224000 0.009000 0.014000
9 0.970000 0.224500 0.008000 0.015000
9 0.946000 0.222000 0.010000 0.016000
9 0.925000 0.220500 0.008000 0.017000
14 0.915000 0.221000 0.008000 0.014000
9 0.892500 0.265500 0.009000 0.015000
14 0.994000 0.268000 0.008000 0.016000
14 0.786000 0.608500 0.018000 0.007000
12 0.379500 0.992000 0.023000 0.010000
9 0.558000 0.973000 0.010000 0.014000
14 0.507000 0.992500 0.016000 0.015000
14 0.539000 0.912500 0.010000 0.017000
9 0.583500 0.716500 0.009000 0.013000
9 0.661000 0.625500 0.014000 0.015000
9 0.597500 0.640000 0.009000 0.010000
9 0.567000 0.655500 0.010000 0.015000
9 0.583000 0.595000 0.010000 0.016000
9 0.086500 0.304500 0.013000 0.013000
9 0.064000 0.402500 0.010000 0.015000
9 0.046000 0.523000 0.008000 0.014000
14 0.011000 0.566500 0.008000 0.013000
9 0.039500 0.575500 0.007000 0.017000
9 0.003000 0.675500 0.006000 0.015000
14 0.027000 0.721000 0.012000 0.016000
14 0.585500 0.636000 0.007000 0.012000