35 0.601250 0.110000 0.150000 0.160000
35 0.406875 0.478333 0.151250 0.170000
35 0.210625 0.845000 0.141250 0.150000
14 0.532500 0.535000 0.030000 0.030000
9 0.539375 0.578333 0.023750 0.023333
14 0.560625 0.563333 0.026250 0.026667
14 0.562500 0.592500 0.027500 0.025000
14 0.600000 0.580000 0.025000 0.023333
9 0.626875 0.593333 0.026250 0.026667
14 0.657500 0.591667 0.030000 0.030000
14 0.662500 0.618333 0.032500 0.030000
9 0.718750 0.648333 0.027500 0.026667
14 0.755000 0.674167 0.025000 0.025000
9 0.786250 0.690833 0.027500 0.025000
9 0.789375 0.670833 0.026250 0.025000
14 0.851250 0.700833 0.032500 0.028333
9 0.829375 0.739167 0.018750 0.018333
14 0.831250 0.715000 0.030000 0.026667
11 0.905625 0.735833 0.041250 0.035000
9 0.946875 0.687500 0.021250 0.031667
9 0.945625 0.715000 0.021250 0.033333
14 0.908750 0.305833 0.020000 0.018333
9 0.720000 0.199167 0.025000 0.021667
9 0.163750 0.816667 0.025000 0.023333
9 0.016250 0.755833 0.020000 0.021667
9 0.043750 0.772500 0.025000 0.021667
14 0.073125 0.788333 0.023750 0.020000
11 0.116250 0.813333 0.037500 0.033333
14 0.095625 0.780000 0.028750 0.026667
14 0.130000 0.776667 0.027500 0.026667
9 0.102500 0.759167 0.027500 0.025000
9 0.073125 0.743333 0.028750 0.026667
9 0.287500 0.509167 0.020000 0.031667
9 0.261875 0.495833 0.018750 0.028333
14 0.238750 0.483333 0.017500 0.026667
9 0.279375 0.470000 0.018750 0.030000
9 0.263125 0.466667 0.018750 0.026667
9 0.238750 0.457500 0.020000 0.031667
14 0.206250 0.467500 0.017500 0.028333
9 0.217500 0.445833 0.020000 0.031667
9 0.195000 0.460000 0.020000 0.030000
9 0.233750 0.416667 0.022500 0.023333
14 0.191250 0.383333 0.032500 0.030000
14 0.157500 0.364167 0.032500 0.028333
9 0.125625 0.346667 0.023750 0.023333
9 0.065625 0.310833 0.023750 0.021667
9 0.009375 0.280000 0.018750 0.023333
14 0.030625 0.241667 0.031250 0.030000
9 0.508750 0.056667 0.027500 0.026667
14 0.504375 0.030833 0.031250 0.028333
14 0.466875 0.035000 0.028750 0.026667
9 0.428750 0.013333 0.027500 0.026667
12 0.396250 0.021667 0.037500 0.033333
14 0.630625 0.030000 0.021250 0.033333
14 0.636250 0.059167 0.025000 0.038333
14 0.715000 0.017500 0.020000 0.028333
14 0.700625 0.045833 0.018750 0.028333
9 0.682500 0.078333 0.020000 0.033333
9 0.602500 0.112500 0.020000 0.031667
14 0.623125 0.121667 0.031250 0.050000
14 0.530000 0.188333 0.022500 0.033333
9 0.562500 0.191667 0.020000 0.030000
9 0.587500 0.215833 0.020000 0.031667
9 0.493750 0.248333 0.020000 0.030000
14 0.522500 0.270833 0.020000 0.031667
11 0.488125 0.296667 0.053750 0.090000
14 0.364375 0.553333 0.021250 0.033333
14 0.400000 0.566667 0.020000 0.033333
11 0.380625 0.565833 0.028750 0.045000
11 0.247500 0.705833 0.025000 0.038333
11 0.227500 0.738333 0.030000 0.046667
10 0.301875 0.772500 0.043750 0.071667
9 0.171250 0.910833 0.017500 0.028333
9 0.200625 0.925000 0.021250 0.033333
14 0.177500 0.930833 0.020000 0.031667
11 0.120625 0.929167 0.033750 0.055000
14 0.192500 0.976667 0.017500 0.026667
14 0.207500 0.948333 0.020000 0.033333