1 0.176250 0.095000 0.027500 0.033333
1 0.151875 0.076667 0.026250 0.033333
1 0.187500 0.031667 0.027500 0.033333
1 0.208750 0.054167 0.027500 0.035000
1 0.210000 0.023333 0.055000 0.046667
32 0.576875 0.545833 0.623750 0.608333
9 0.702500 0.978333 0.022500 0.023333
12 0.715000 0.966667 0.030000 0.033333
14 0.734375 0.945000 0.023750 0.026667
14 0.743750 0.930833 0.025000 0.028333
14 0.751875 0.918333 0.026250 0.030000
14 0.761875 0.905833 0.023750 0.025000
9 0.770625 0.896667 0.023750 0.026667
14 0.779375 0.883333 0.023750 0.026667
9 0.789375 0.872500 0.021250 0.025000
14 0.801250 0.861667 0.027500 0.030000
12 0.860625 0.870000 0.023750 0.033333
14 0.816875 0.835000 0.023750 0.026667
14 0.881250 0.810833 0.022500 0.028333
14 0.846250 0.802500 0.022500 0.025000
14 0.857500 0.790833 0.025000 0.028333
14 0.875000 0.763333 0.022500 0.026667
14 0.938750 0.775000 0.020000 0.026667
12 0.894375 0.740833 0.031250 0.035000
14 0.912500 0.716667 0.025000 0.026667
14 0.951875 0.669167 0.026250 0.031667
9 0.971250 0.644167 0.027500 0.031667
32 0.735000 0.294167 0.530000 0.588333