9 0.976667 0.473750 0.020000 0.020000
14 0.908333 0.221875 0.033333 0.016250
9 0.785833 0.320000 0.028333 0.017500
14 0.476667 0.035000 0.036667 0.015000
30 0.298333 0.623125 0.270000 0.198750
14 0.311667 0.985625 0.030000 0.023750
14 0.302500 0.960000 0.035000 0.025000
14 0.337500 0.946875 0.035000 0.026250
14 0.341667 0.970000 0.036667 0.027500
14 0.362500 0.965625 0.031667 0.023750
14 0.433333 0.992500 0.026667 0.015000
14 0.468333 0.983750 0.030000 0.022500
9 0.509167 0.910000 0.035000 0.015000
9 0.516667 0.920625 0.033333 0.016250
9 0.544167 0.950625 0.035000 0.016250
12 0.552500 0.961875 0.038333 0.016250
12 0.725000 0.989375 0.030000 0.021250
14 0.753333 0.988125 0.030000 0.023750
14 0.772500 0.984375 0.028333 0.026250
14 0.795000 0.981250 0.026667 0.025000
14 0.661667 0.949375 0.033333 0.028750
14 0.694167 0.943125 0.025000 0.023750
14 0.712500 0.936250 0.025000 0.022500
14 0.730833 0.931875 0.021667 0.021250
12 0.752500 0.928750 0.028333 0.025000
12 0.776667 0.923750 0.030000 0.030000
12 0.796667 0.918125 0.033333 0.031250
13 0.830000 0.910000 0.040000 0.035000
12 0.856667 0.906250 0.040000 0.035000
14 0.903333 0.886875 0.026667 0.026250
12 0.912500 0.946250 0.048333 0.020000
12 0.960000 0.915625 0.043333 0.021250
12 0.959167 0.903125 0.041667 0.018750
12 0.988333 0.882500 0.023333 0.015000