11 0.105000 0.818333 0.115000 0.053333
14 0.425000 0.910000 0.025000 0.016667
11 0.573125 0.788333 0.041250 0.126667
11 0.557500 0.756667 0.030000 0.066667
11 0.423750 0.682500 0.025000 0.065000
11 0.373125 0.735833 0.033750 0.068333
14 0.349375 0.196667 0.018750 0.043333
14 0.362500 0.203333 0.017500 0.036667
11 0.380625 0.205833 0.023750 0.045000
9 0.279375 0.067500 0.016250 0.031667
9 0.645625 0.697500 0.013750 0.028333
14 0.695000 0.713333 0.017500 0.030000
9 0.725625 0.721667 0.016250 0.030000
12 0.741250 0.725000 0.017500 0.036667
12 0.758750 0.723333 0.017500 0.036667
12 0.784375 0.728333 0.023750 0.050000
14 0.799375 0.740833 0.018750 0.031667
9 0.815625 0.748333 0.016250 0.030000
9 0.665000 0.628333 0.015000 0.030000
12 0.693750 0.640833 0.012500 0.031667
9 0.708750 0.650000 0.015000 0.033333
9 0.724375 0.658333 0.013750 0.026667
12 0.751875 0.640000 0.021250 0.046667
14 0.730000 0.627500 0.015000 0.028333
12 0.706875 0.583333 0.041250 0.030000
11 0.955625 0.762500 0.061250 0.035000
11 0.868125 0.195833 0.061250 0.111667