9 0.976500 0.256000 0.023000 0.008000
9 0.421500 0.460000 0.009000 0.014000
14 0.475000 0.483500 0.024000 0.015000
14 0.449000 0.486000 0.030000 0.014000
14 0.477000 0.491000 0.028000 0.012000
14 0.476000 0.503000 0.030000 0.014000
12 0.479000 0.512500 0.036000 0.013000
14 0.237000 0.555500 0.018000 0.021000
12 0.284000 0.545000 0.016000 0.024000
9 0.901500 0.161500 0.013000 0.021000
9 0.878000 0.156000 0.016000 0.022000
9 0.906500 0.185500 0.017000 0.023000
9 0.912500 0.205000 0.013000 0.020000
14 0.876500 0.335000 0.021000 0.026000
14 0.949500 0.337500 0.015000 0.019000
9 0.978500 0.445000 0.015000 0.022000
9 0.986000 0.463500 0.014000 0.023000
11 0.948500 0.997000 0.015000 0.006000
14 0.326500 0.377500 0.023000 0.011000
14 0.336000 0.439000 0.020000 0.010000
14 0.338000 0.428000 0.028000 0.012000
9 0.333000 0.412500 0.024000 0.011000
12 0.328000 0.386000 0.024000 0.012000
9 0.321000 0.369500 0.026000 0.013000
9 0.320500 0.360500 0.023000 0.015000
14 0.028000 0.513500 0.014000 0.021000
14 0.039000 0.513000 0.012000 0.020000
14 0.060500 0.509000 0.015000 0.022000
9 0.050000 0.511000 0.016000 0.022000
9 0.072000 0.508500 0.014000 0.021000
9 0.092500 0.503000 0.017000 0.022000
9 0.082000 0.505000 0.014000 0.020000
14 0.105000 0.503000 0.016000 0.022000
9 0.114500 0.502000 0.017000 0.024000
9 0.134500 0.496500 0.015000 0.021000
14 0.148500 0.494500 0.017000 0.023000
9 0.169000 0.492000 0.012000 0.020000
9 0.156500 0.492500 0.017000 0.023000
9 0.178000 0.490500 0.014000 0.021000
13 0.189000 0.486500 0.018000 0.023000
9 0.201500 0.485500 0.015000 0.021000
9 0.211500 0.482000 0.019000 0.024000
9 0.233000 0.479000 0.018000 0.024000
14 0.256000 0.477000 0.012000 0.018000
9 0.278000 0.471500 0.016000 0.019000
14 0.311000 0.465000 0.014000 0.020000
9 0.279000 0.428500 0.018000 0.023000
12 0.222000 0.439500 0.016000 0.021000
9 0.200500 0.443500 0.015000 0.019000
14 0.179000 0.446500 0.014000 0.021000
14 0.170000 0.450000 0.016000 0.022000
9 0.157500 0.451000 0.013000 0.022000
14 0.148000 0.453000 0.014000 0.022000
9 0.137000 0.455500 0.016000 0.021000
9 0.125000 0.457500 0.016000 0.021000
14 0.114500 0.458500 0.013000 0.017000
9 0.103000 0.457500 0.016000 0.021000
9 0.093000 0.462000 0.014000 0.022000
14 0.060500 0.467500 0.015000 0.019000
9 0.051500 0.470500 0.015000 0.021000
14 0.039000 0.473500 0.014000 0.021000
14 0.026500 0.473000 0.015000 0.022000
12 0.086500 0.439500 0.013000 0.021000
12 0.066000 0.445500 0.016000 0.025000
9 0.055500 0.445000 0.017000 0.024000
9 0.045000 0.446500 0.018000 0.023000
9 0.023000 0.451000 0.016000 0.022000
9 0.005000 0.455000 0.010000 0.024000
9 0.033500 0.408000 0.015000 0.020000
9 0.011500 0.412500 0.017000 0.023000
9 0.003500 0.415000 0.007000 0.020000
9 0.000500 0.400000 0.001000 0.006000
9 0.007000 0.392500 0.014000 0.021000
9 0.016500 0.390500 0.013000 0.021000
9 0.028500 0.389000 0.013000 0.022000
9 0.039000 0.387000 0.016000 0.024000
9 0.060500 0.384500 0.015000 0.021000
10 0.061000 0.671000 0.024000 0.048000
10 0.117500 0.733500 0.027000 0.047000
10 0.134500 0.791500 0.021000 0.047000
10 0.030000 0.789000 0.022000 0.046000
10 0.015000 0.739500 0.024000 0.049000
32 0.783000 0.597000 0.264000 0.342000
32 0.610500 0.173000 0.275000 0.340000