14 0.446667 0.074375 0.020000 0.016250
14 0.650000 0.052500 0.026667 0.022500
35 0.390000 0.513125 0.136667 0.106250
9 0.980833 0.045625 0.035000 0.023750
12 0.860000 0.640625 0.030000 0.021250
9 0.963333 0.415625 0.036667 0.023750
9 0.909167 0.411250 0.031667 0.020000
9 0.890833 0.401250 0.031667 0.022500
9 0.880000 0.385625 0.033333 0.021250
9 0.170000 0.028750 0.026667 0.022500
9 0.515000 0.012500 0.033333 0.020000
9 0.376667 0.075000 0.033333 0.022500
9 0.316667 0.100625 0.033333 0.021250
9 0.275000 0.120000 0.033333 0.022500
14 0.256667 0.079375 0.040000 0.023750
9 0.310833 0.026875 0.035000 0.021250
9 0.242500 0.056875 0.031667 0.018750
9 0.150833 0.096875 0.031667 0.018750
12 0.114167 0.112500 0.041667 0.025000
9 0.021667 0.561250 0.023333 0.015000
9 0.028333 0.573125 0.033333 0.021250
12 0.048333 0.721250 0.036667 0.022500
9 0.089167 0.701250 0.035000 0.020000
12 0.310833 0.473750 0.035000 0.027500
12 0.387500 0.395625 0.068333 0.013750
12 0.405833 0.378125 0.051667 0.008750
9 0.317500 0.688750 0.015000 0.022500
9 0.334167 0.696875 0.011667 0.018750
9 0.346667 0.708750 0.013333 0.020000
9 0.361667 0.723125 0.013333 0.018750
9 0.377500 0.733750 0.015000 0.022500
9 0.392500 0.743750 0.015000 0.020000
12 0.425000 0.730625 0.030000 0.023750
14 0.440000 0.725625 0.030000 0.023750
14 0.455000 0.717500 0.026667 0.020000
14 0.468333 0.708750 0.030000 0.022500
9 0.480833 0.700625 0.031667 0.023750
9 0.512500 0.685625 0.028333 0.021250
9 0.386667 0.683750 0.033333 0.025000
9 0.400833 0.676250 0.028333 0.022500
14 0.415833 0.670000 0.028333 0.022500
14 0.427500 0.661250 0.028333 0.022500
14 0.444167 0.654375 0.031667 0.023750
14 0.218333 0.825625 0.030000 0.026250
12 0.259167 0.863750 0.028333 0.027500
12 0.183333 0.905000 0.033333 0.020000
14 0.091667 0.862500 0.033333 0.022500
14 0.105000 0.871250 0.033333 0.020000
9 0.070000 0.958750 0.030000 0.020000
14 0.080833 0.968125 0.031667 0.021250
9 0.295000 0.564375 0.033333 0.021250
9 0.515000 0.595625 0.026667 0.021250
14 0.679167 0.597500 0.028333 0.017500
14 0.689167 0.606875 0.031667 0.018750
12 0.722500 0.557500 0.025000 0.017500
9 0.740833 0.568125 0.028333 0.018750
12 0.526667 0.465000 0.030000 0.020000
14 0.461667 0.805625 0.030000 0.018750
14 0.471667 0.815625 0.030000 0.018750
9 0.540000 0.946250 0.030000 0.020000
14 0.576667 0.927500 0.036667 0.022500
14 0.596667 0.972500 0.030000 0.017500
9 0.685833 0.872500 0.031667 0.020000
14 0.714167 0.856875 0.028333 0.018750
9 0.965000 0.729375 0.033333 0.021250
9 0.186667 0.268125 0.030000 0.023750
9 0.247500 0.245000 0.021667 0.022500
12 0.233333 0.231875 0.023333 0.023750
14 0.207500 0.209375 0.018333 0.018750
14 0.260833 0.265000 0.021667 0.027500
9 0.367500 0.246875 0.035000 0.021250
9 0.803333 0.126250 0.030000 0.022500
9 0.828333 0.307500 0.033333 0.022500
14 0.877500 0.225625 0.035000 0.026250
12 0.990000 0.145000 0.020000 0.020000
14 0.979167 0.211875 0.035000 0.026250
35 0.807500 0.830000 0.131667 0.097500