29 0.725000 0.550000 0.080000 0.080000
25 0.679500 0.266500 0.061000 0.061000
19 0.596000 0.032500 0.070000 0.065000
19 0.242000 0.684500 0.068000 0.067000
25 0.274000 0.395500 0.066000 0.065000
25 0.167500 0.517500 0.065000 0.065000
25 0.132500 0.557000 0.065000 0.066000
19 0.448500 0.595500 0.069000 0.069000
25 0.915000 0.085000 0.066000 0.066000
19 0.355500 0.602000 0.051000 0.056000
19 0.315000 0.891500 0.074000 0.071000
19 0.270500 0.797000 0.069000 0.062000
19 0.245500 0.739500 0.059000 0.057000
25 0.509500 0.729000 0.057000 0.056000