9 0.980833 0.694375 0.035000 0.011250
9 0.213333 0.206875 0.023333 0.021250
9 0.186667 0.203125 0.023333 0.023750
9 0.233333 0.245000 0.026667 0.025000
14 0.204167 0.238125 0.021667 0.023750
14 0.255833 0.278750 0.028333 0.025000
12 0.220833 0.269375 0.025000 0.023750
9 0.234167 0.299375 0.025000 0.023750
14 0.270833 0.311250 0.025000 0.025000
12 0.253333 0.332500 0.023333 0.025000
9 0.267500 0.363750 0.021667 0.022500
14 0.287500 0.344375 0.025000 0.026250
14 0.304167 0.376250 0.021667 0.022500
14 0.281667 0.395000 0.026667 0.027500
14 0.300833 0.425000 0.021667 0.022500
12 0.315000 0.458750 0.026667 0.030000
14 0.334167 0.493750 0.025000 0.022500
14 0.345000 0.523125 0.020000 0.023750
12 0.357500 0.552500 0.021667 0.022500
13 0.385000 0.616875 0.033333 0.031250
9 0.368333 0.586875 0.033333 0.031250
14 0.430000 0.715625 0.023333 0.023750
9 0.399167 0.648750 0.021667 0.022500
14 0.416667 0.691875 0.023333 0.023750
9 0.044167 0.618125 0.018333 0.023750
14 0.056667 0.745000 0.023333 0.025000
14 0.301667 0.856250 0.036667 0.015000
14 0.220833 0.870625 0.041667 0.013750
14 0.026667 0.941250 0.020000 0.020000
14 0.064167 0.937500 0.018333 0.022500
14 0.044167 0.819375 0.015000 0.011250
14 0.083333 0.820000 0.020000 0.022500
14 0.292500 0.154375 0.031667 0.023750
11 0.174167 0.110000 0.101667 0.030000
11 0.050000 0.136250 0.083333 0.057500
9 0.226667 0.048125 0.036667 0.011250
9 0.244167 0.061875 0.035000 0.011250
11 0.275000 0.045000 0.046667 0.012500
9 0.354167 0.041875 0.035000 0.011250
14 0.429167 0.087500 0.035000 0.010000
9 0.400833 0.038750 0.035000 0.010000
14 0.450000 0.036875 0.030000 0.008750
14 0.560000 0.033750 0.036667 0.022500
14 0.535833 0.102500 0.035000 0.010000
9 0.898333 0.061875 0.030000 0.008750
1 0.962500 0.240000 0.028333 0.032500
35 0.443333 0.830000 0.256667 0.222500
14 0.295000 0.875000 0.043333 0.017500
14 0.164167 0.926875 0.021667 0.018750