14 0.183000 0.297000 0.018000 0.006000
9 0.062500 0.349500 0.017000 0.017000
9 0.928500 0.981500 0.019000 0.017000
12 0.912500 0.967000 0.019000 0.018000
14 0.890000 0.950000 0.022000 0.020000
14 0.864000 0.933500 0.018000 0.017000
12 0.237500 0.839500 0.019000 0.021000
9 0.215000 0.837500 0.018000 0.017000
9 0.198500 0.820500 0.015000 0.015000
9 0.186000 0.807000 0.016000 0.016000
9 0.168500 0.789500 0.015000 0.015000
9 0.144000 0.767000 0.016000 0.016000
9 0.066500 0.935000 0.017000 0.018000
9 0.051000 0.941500 0.016000 0.019000
9 0.041500 0.947500 0.015000 0.017000
9 0.032000 0.952000 0.014000 0.016000
9 0.022500 0.956000 0.015000 0.018000
14 0.014500 0.962500 0.013000 0.015000
9 0.068500 0.989000 0.015000 0.018000
9 0.077500 0.984500 0.015000 0.017000
14 0.006000 0.967500 0.012000 0.013000
31 0.571500 0.577500 0.099000 0.089000
31 0.623000 0.550500 0.102000 0.093000
31 0.675000 0.522500 0.100000 0.091000
31 0.726500 0.494000 0.101000 0.092000
31 0.777000 0.466000 0.102000 0.092000
31 0.829000 0.438500 0.102000 0.095000
31 0.880500 0.409000 0.105000 0.096000