14 0.840500 0.500000 0.015000 0.016000
14 0.795500 0.455500 0.019000 0.019000
14 0.777500 0.468500 0.021000 0.011000
14 0.765000 0.454000 0.016000 0.008000
14 0.755000 0.448500 0.018000 0.009000
14 0.746000 0.438000 0.016000 0.008000
12 0.680000 0.407500 0.022000 0.021000
12 0.671500 0.399000 0.021000 0.020000
12 0.654000 0.386000 0.022000 0.020000
12 0.637000 0.372000 0.022000 0.022000
12 0.600500 0.361500 0.025000 0.021000
12 0.579000 0.376000 0.020000 0.018000
14 0.544500 0.408000 0.019000 0.016000
14 0.535000 0.420500 0.018000 0.017000
14 0.504000 0.414500 0.016000 0.015000
9 0.530000 0.346000 0.016000 0.016000
12 0.982000 0.901000 0.020000 0.018000
9 0.900000 0.843000 0.020000 0.018000
14 0.850500 0.822000 0.019000 0.018000
12 0.816500 0.776000 0.021000 0.018000
14 0.926500 0.951500 0.021000 0.019000
12 0.943500 0.937500 0.023000 0.021000
9 0.889000 0.907500 0.018000 0.017000
12 0.845000 0.903500 0.022000 0.021000
14 0.732500 0.818000 0.015000 0.014000
14 0.606500 0.723500 0.019000 0.017000
14 0.647000 0.662000 0.018000 0.018000
14 0.534500 0.650500 0.015000 0.015000
14 0.484500 0.592500 0.023000 0.021000
9 0.320000 0.466000 0.020000 0.018000
12 0.308500 0.402500 0.023000 0.021000
14 0.215500 0.400000 0.017000 0.016000
12 0.084000 0.299500 0.024000 0.023000
12 0.036500 0.282500 0.023000 0.021000
9 0.930000 0.247500 0.020000 0.019000
9 0.826000 0.065500 0.018000 0.019000
12 0.305500 0.011000 0.021000 0.022000
12 0.317000 0.020500 0.022000 0.021000
14 0.356500 0.054500 0.017000 0.017000
14 0.371500 0.067500 0.017000 0.017000
12 0.388000 0.078500 0.018000 0.019000
14 0.304000 0.075500 0.020000 0.019000
9 0.314000 0.083000 0.018000 0.018000
12 0.330500 0.095000 0.017000 0.018000
14 0.383000 0.138500 0.020000 0.021000
14 0.445000 0.007000 0.014000 0.014000
12 0.449500 0.026500 0.021000 0.019000
12 0.473500 0.008500 0.023000 0.017000
9 0.519500 0.057500 0.019000 0.019000
14 0.482500 0.246000 0.017000 0.018000
14 0.492500 0.347500 0.015000 0.015000
14 0.511500 0.364000 0.017000 0.018000