19 0.042214 0.795143 0.009286 0.009714
29 0.014000 0.495143 0.013429 0.013143
21 0.007786 0.484571 0.015571 0.015714
29 0.036071 0.338500 0.015000 0.015000
27 0.059214 0.360143 0.015571 0.016000
29 0.078214 0.303714 0.015286 0.015429
27 0.104214 0.334071 0.016714 0.016714
19 0.113571 0.341000 0.010000 0.010000
28 0.118786 0.355429 0.017857 0.017143
29 0.100071 0.421643 0.015000 0.015286
19 0.105286 0.433357 0.009429 0.009571
29 0.125429 0.466929 0.014857 0.015286
25 0.130857 0.478357 0.009143 0.009000
25 0.137071 0.489214 0.009000 0.009286
20 0.150429 0.511214 0.016286 0.015286
19 0.186000 0.523714 0.009429 0.009714
29 0.195714 0.518929 0.012571 0.013000
29 0.209929 0.544286 0.008714 0.008571
21 0.199929 0.550286 0.016143 0.017143
22 0.186500 0.559929 0.013571 0.013571
21 0.193571 0.575929 0.017143 0.016143
27 0.200000 0.586786 0.014286 0.014429
22 0.205714 0.597643 0.015714 0.015286
27 0.212214 0.608714 0.014429 0.014571
27 0.218286 0.619429 0.015143 0.015429
29 0.224357 0.630500 0.013000 0.012429
26 0.241714 0.656929 0.007714 0.009571
26 0.253571 0.653357 0.010000 0.010429
29 0.280071 0.669286 0.012714 0.012857
19 0.263714 0.680500 0.009429 0.009571
21 0.252071 0.685286 0.015571 0.015714
21 0.240571 0.691357 0.016000 0.016429
29 0.170071 0.731571 0.009857 0.010286
19 0.149357 0.745000 0.008714 0.009143
19 0.138357 0.749143 0.009286 0.009714
29 0.129357 0.732500 0.006429 0.005857
29 0.131500 0.720643 0.010143 0.009286
29 0.127500 0.707143 0.013286 0.012857
29 0.120571 0.694643 0.013143 0.012714
21 0.093143 0.671571 0.014857 0.014571
29 0.095286 0.661357 0.012000 0.010714
21 0.075214 0.625714 0.015286 0.015714
19 0.065286 0.622143 0.009429 0.009143
19 0.058286 0.612857 0.008571 0.008000
19 0.054643 0.604429 0.009286 0.008857
19 0.068500 0.593786 0.009000 0.009571
29 0.134714 0.412857 0.009143 0.009143
29 0.154714 0.452143 0.013429 0.012857
29 0.229857 0.582500 0.013143 0.012714
19 0.264714 0.610000 0.009429 0.010000
19 0.254786 0.636071 0.007286 0.007857
19 0.322000 0.739786 0.009714 0.009571
22 0.473214 0.873929 0.015286 0.015571
19 0.270286 0.583357 0.009429 0.009571
36 0.417214 0.966429 0.051571 0.067143
36 0.441071 0.961143 0.057000 0.077714
1 0.186214 0.124929 0.002429 0.002143