14 0.991000 0.456500 0.018000 0.011000
9 0.988500 0.439000 0.023000 0.012000
14 0.986000 0.430000 0.024000 0.010000
9 0.982000 0.420500 0.028000 0.013000
9 0.975500 0.403000 0.023000 0.010000
9 0.975000 0.394500 0.026000 0.011000
14 0.970500 0.370000 0.025000 0.008000
14 0.969500 0.360500 0.027000 0.007000
9 0.971500 0.321000 0.029000 0.010000
14 0.972000 0.333000 0.024000 0.010000
9 0.017500 0.665000 0.023000 0.008000
9 0.786000 0.966000 0.010000 0.016000
14 0.496500 0.858000 0.029000 0.010000
9 0.485000 0.717500 0.026000 0.009000
14 0.067000 0.564500 0.012000 0.021000
14 0.225000 0.535500 0.018000 0.017000
14 0.584500 0.432500 0.023000 0.009000
12 0.416000 0.428000 0.012000 0.020000
14 0.268500 0.375000 0.019000 0.026000
9 0.312000 0.535500 0.016000 0.019000