0 0.389000 0.325000 0.010000 0.018000
4 0.304667 0.365333 0.005333 0.009333
0 0.093667 0.635667 0.074000 0.012667
7 0.250333 0.340333 0.039333 0.018000
7 0.279333 0.328000 0.066667 0.009333
1 0.265333 0.355333 0.016000 0.022667
1 0.274000 0.355333 0.014667 0.022667
1 0.282333 0.356000 0.011333 0.021333
1 0.290667 0.355667 0.010667 0.022000
1 0.299667 0.357000 0.011333 0.023333
1 0.310667 0.355000 0.010667 0.018000
3 0.337667 0.354333 0.015333 0.028667
1 0.353333 0.351333 0.010667 0.020000
1 0.362333 0.351667 0.012667 0.023333
1 0.372667 0.350667 0.012000 0.021333
4 0.320667 0.328333 0.013333 0.019333
1 0.345667 0.326000 0.015333 0.022667
1 0.356667 0.327667 0.006667 0.015333
1 0.363333 0.328000 0.006667 0.013333
1 0.370667 0.326333 0.006667 0.012667
1 0.379000 0.327000 0.010000 0.016667
7 0.398667 0.317333 0.018667 0.030667
7 0.409000 0.341000 0.047333 0.007333
4 0.463333 0.326000 0.041333 0.008000
1 0.444667 0.347667 0.012000 0.027333
1 0.460000 0.345667 0.009333 0.020667
1 0.471333 0.344667 0.012000 0.024000
1 0.489333 0.346000 0.012000 0.029333
1 0.505333 0.342000 0.009333 0.021333
1 0.514000 0.341333 0.009333 0.021333
7 0.541333 0.339333 0.022667 0.024000
7 0.554667 0.340333 0.025333 0.028667
6 0.574333 0.330333 0.031333 0.007333
1 0.502667 0.318000 0.008000 0.018667
0 0.690667 0.621000 0.122667 0.022000
7 0.631000 0.603667 0.024667 0.007333
7 0.686333 0.598333 0.024667 0.006000
7 0.770333 0.590667 0.023333 0.005333
7 0.860333 0.584333 0.020667 0.006000
7 0.889000 0.581667 0.024667 0.004667
7 0.844667 0.605000 0.032000 0.007333
0 0.891000 0.602333 0.047333 0.011333
0 0.888000 0.610333 0.033333 0.008667
7 0.985333 0.570333 0.029333 0.007333
7 0.944667 0.602000 0.046667 0.012000
36 0.194667 0.191333 0.081333 0.056000
36 0.190667 0.296667 0.125333 0.101333
36 0.120667 0.402667 0.078667 0.073333
36 0.064000 0.434000 0.102667 0.072000
36 0.195000 0.511333 0.050000 0.044000
36 0.387000 0.642333 0.042000 0.082000
36 0.955333 0.333667 0.040000 0.051333
36 0.984667 0.441333 0.030667 0.030667
36 0.877667 0.070333 0.036667 0.058000
36 0.663667 0.591667 0.014000 0.026000
36 0.623000 0.468333 0.024667 0.027333