12 0.926667 0.986250 0.040000 0.025000
14 0.916667 0.977500 0.036667 0.022500
14 0.906667 0.967500 0.030000 0.020000
12 0.963333 0.972500 0.040000 0.025000
9 0.940000 0.954375 0.040000 0.023750
14 0.565833 0.976875 0.038333 0.028750
14 0.085833 0.857500 0.035000 0.030000
9 0.064167 0.853750 0.038333 0.030000
12 0.035000 0.835000 0.033333 0.025000
9 0.104167 0.795000 0.038333 0.030000
12 0.046667 0.760000 0.053333 0.032500
9 0.032500 0.746875 0.038333 0.021250
12 0.201667 0.823750 0.036667 0.035000
14 0.337500 0.778125 0.038333 0.026250
11 0.225000 0.691250 0.070000 0.057500
14 0.636667 0.516250 0.043333 0.027500
35 0.431667 0.855625 0.076667 0.048750
35 0.860833 0.699375 0.061667 0.023750
35 0.824167 0.150000 0.038333 0.030000