31 0.745000 0.658000 0.050000 0.062000
31 0.654000 0.591000 0.052000 0.070000
14 0.042500 0.648500 0.019000 0.013000
14 0.082500 0.693500 0.023000 0.017000
14 0.229000 0.711500 0.022000 0.017000
9 0.247000 0.701500 0.022000 0.015000
14 0.183500 0.786500 0.017000 0.021000
12 0.202500 0.829500 0.011000 0.023000
12 0.248500 0.810000 0.027000 0.014000
9 0.238500 0.841500 0.011000 0.017000
14 0.243000 0.902000 0.012000 0.018000
12 0.242000 0.935500 0.010000 0.015000
9 0.240500 0.953500 0.011000 0.019000
14 0.074000 0.311000 0.018000 0.008000
14 0.109000 0.345000 0.020000 0.008000
14 0.172000 0.312500 0.018000 0.009000
14 0.208000 0.335000 0.022000 0.008000
9 0.221500 0.311000 0.019000 0.008000
9 0.279000 0.349500 0.020000 0.009000
9 0.117000 0.377500 0.010000 0.017000
9 0.126500 0.379500 0.009000 0.017000
14 0.241500 0.448000 0.007000 0.012000
14 0.010500 0.588500 0.013000 0.017000
12 0.532500 0.555000 0.021000 0.028000
9 0.376000 0.403500 0.012000 0.019000
9 0.305000 0.381000 0.008000 0.016000
14 0.314500 0.366500 0.009000 0.017000
9 0.446500 0.321000 0.023000 0.010000
9 0.543500 0.345000 0.021000 0.010000
9 0.505500 0.400000 0.011000 0.020000
9 0.990000 0.356000 0.020000 0.010000
14 0.972000 0.318000 0.016000 0.010000
30 0.533500 0.865000 0.205000 0.180000