2 0.444500 0.219000 0.021000 0.050000
2 0.436000 0.275000 0.022000 0.050000
5 0.567500 0.415500 0.067000 0.077000
2 0.587500 0.428500 0.033000 0.047000
2 0.554500 0.486500 0.025000 0.033000
2 0.486000 0.587500 0.034000 0.047000
2 0.457500 0.630500 0.031000 0.041000
2 0.629500 0.661000 0.047000 0.034000
2 0.613000 0.691500 0.040000 0.025000
2 0.604500 0.734000 0.039000 0.044000
2 0.764000 0.504500 0.024000 0.031000
5 0.778000 0.516000 0.048000 0.058000
2 0.886500 0.588500 0.027000 0.035000
5 0.908000 0.593500 0.064000 0.075000
2 0.885500 0.677500 0.029000 0.037000
2 0.849000 0.730000 0.034000 0.040000
2 0.815500 0.780000 0.035000 0.048000
2 0.782500 0.831500 0.035000 0.043000
2 0.961500 0.853500 0.045000 0.033000
2 0.945000 0.882500 0.052000 0.025000