9 0.941667 0.041875 0.023333 0.023750
9 0.605833 0.021875 0.038333 0.016250
9 0.543333 0.059375 0.030000 0.016250
9 0.018333 0.061250 0.016667 0.022500
9 0.149167 0.185625 0.018333 0.021250
9 0.267500 0.265000 0.025000 0.025000
9 0.526667 0.220000 0.023333 0.025000
9 0.595833 0.138750 0.035000 0.015000
9 0.760000 0.175000 0.023333 0.022500
9 0.793333 0.190000 0.023333 0.022500
9 0.918333 0.152500 0.023333 0.025000
9 0.930000 0.283125 0.023333 0.023750
9 0.853333 0.323125 0.026667 0.026250
14 0.867500 0.351250 0.028333 0.030000
9 0.733333 0.371875 0.040000 0.016250
14 0.650000 0.337500 0.026667 0.025000
9 0.489167 0.312500 0.035000 0.015000
9 0.408333 0.397500 0.026667 0.027500
9 0.040000 0.480000 0.026667 0.025000
14 0.285833 0.808750 0.031667 0.022500
9 0.349167 0.763750 0.035000 0.025000
12 0.421667 0.673125 0.036667 0.023750
9 0.470000 0.650625 0.033333 0.021250
9 0.500833 0.631250 0.028333 0.017500
9 0.521667 0.626250 0.023333 0.017500
9 0.530833 0.612500 0.028333 0.020000
9 0.546667 0.601875 0.030000 0.021250
9 0.559167 0.593750 0.031667 0.022500
9 0.575833 0.586250 0.025000 0.017500
9 0.548333 0.686250 0.030000 0.020000
9 0.561667 0.677500 0.026667 0.017500
9 0.572500 0.666875 0.031667 0.021250
14 0.589167 0.657500 0.031667 0.020000
14 0.605000 0.648750 0.030000 0.020000
9 0.620000 0.637500 0.033333 0.022500
14 0.636667 0.630000 0.030000 0.017500
14 0.655000 0.620000 0.030000 0.022500
14 0.671667 0.610625 0.033333 0.023750
9 0.710833 0.596875 0.025000 0.021250
9 0.731667 0.591875 0.026667 0.023750
9 0.780000 0.579375 0.023333 0.023750
9 0.845000 0.570625 0.020000 0.021250
9 0.875000 0.569375 0.020000 0.021250
14 0.854167 0.517500 0.021667 0.025000
14 0.875000 0.511250 0.020000 0.020000
14 0.960833 0.553750 0.021667 0.022500