13 0.039167 0.398125 0.071667 0.016250
9 0.711667 0.256250 0.020000 0.022500
14 0.802500 0.096250 0.038333 0.010000
9 0.795833 0.123750 0.038333 0.012500
9 0.106667 0.685000 0.026667 0.030000
9 0.135833 0.685000 0.021667 0.022500
12 0.192500 0.668750 0.025000 0.040000
12 0.166667 0.673125 0.026667 0.036250
12 0.243333 0.662500 0.036667 0.030000
12 0.328333 0.305000 0.106667 0.030000
12 0.420833 0.449375 0.045000 0.013750
17 0.428333 0.434375 0.070000 0.013750
12 0.419167 0.420625 0.048333 0.013750
12 0.315833 0.431875 0.025000 0.031250
12 0.264167 0.445000 0.058333 0.015000
14 0.263333 0.430000 0.050000 0.010000
12 0.238333 0.399375 0.056667 0.013750
12 0.150833 0.483750 0.031667 0.060000
12 0.145833 0.422500 0.025000 0.050000
12 0.096667 0.436250 0.033333 0.057500
12 0.405000 0.561875 0.040000 0.036250
12 0.500000 0.558750 0.030000 0.032500
12 0.743333 0.537500 0.020000 0.025000
12 0.465000 0.483125 0.023333 0.028750
12 0.461667 0.456875 0.026667 0.028750
12 0.561667 0.413750 0.043333 0.010000
12 0.569167 0.426250 0.051667 0.012500
12 0.564167 0.439375 0.051667 0.011250
14 0.570833 0.451875 0.035000 0.008750
14 0.573333 0.464375 0.050000 0.011250
14 0.581667 0.476875 0.036667 0.008750
9 0.580000 0.503125 0.033333 0.011250
12 0.610833 0.513125 0.048333 0.011250
12 0.627500 0.498125 0.048333 0.013750
12 0.625833 0.474375 0.048333 0.011250
9 0.623333 0.462500 0.040000 0.010000
9 0.616667 0.449375 0.046667 0.011250
12 0.614167 0.435000 0.045000 0.010000
14 0.618333 0.422500 0.033333 0.010000
12 0.610833 0.410000 0.048333 0.010000
12 0.607500 0.396250 0.055000 0.010000
17 0.754167 0.397500 0.051667 0.015000
14 0.760000 0.455625 0.050000 0.013750
12 0.940833 0.460625 0.055000 0.028750
12 0.985833 0.457500 0.025000 0.027500
12 0.941667 0.483125 0.046667 0.011250
12 0.943333 0.496250 0.050000 0.012500
12 0.945833 0.509375 0.045000 0.013750
14 0.945000 0.521250 0.036667 0.010000
12 0.932500 0.543125 0.048333 0.013750
9 0.960833 0.615625 0.025000 0.011250
9 0.943333 0.598750 0.030000 0.007500
9 0.940833 0.588750 0.038333 0.010000
12 0.957500 0.630625 0.048333 0.011250
12 0.590833 0.878750 0.021667 0.025000
9 0.514167 0.918125 0.035000 0.011250
9 0.620000 0.965000 0.040000 0.015000
9 0.617500 0.978750 0.038333 0.017500
9 0.695000 0.968750 0.036667 0.025000