0 0.078333 0.284333 0.047333 0.015333
1 0.217000 0.320000 0.022000 0.013333
1 0.193000 0.423000 0.018000 0.014000
1 0.359000 0.331333 0.016667 0.012000
7 0.472667 0.449667 0.125333 0.079333
1 0.726667 0.481333 0.025333 0.009333
1 0.676000 0.468000 0.032000 0.018667
4 0.451000 0.672333 0.043333 0.027333
1 0.245333 0.332333 0.026667 0.016667
4 0.280333 0.347333 0.023333 0.016000
7 0.292667 0.325000 0.070667 0.038000
1 0.583667 0.479000 0.024667 0.016667
1 0.635333 0.504333 0.030667 0.020667
0 0.610667 0.514000 0.034667 0.022667
0 0.655000 0.550667 0.054000 0.034667
0 0.571333 0.507000 0.028000 0.018000
0 0.667333 0.542667 0.033333 0.022667
1 0.781667 0.520333 0.020667 0.024667
36 0.960000 0.556667 0.038667 0.061333