35 0.613500 0.912000 0.055000 0.034000
35 0.166000 0.520500 0.038000 0.053000
35 0.456500 0.261000 0.025000 0.024000
35 0.852500 0.268000 0.043000 0.042000
35 0.230000 0.076000 0.026000 0.026000
35 0.672000 0.430000 0.024000 0.024000
35 0.753000 0.745000 0.034000 0.032000
35 0.908500 0.617000 0.037000 0.034000
35 0.890500 0.864000 0.041000 0.028000
14 0.009000 0.181000 0.018000 0.016000
14 0.010000 0.235500 0.018000 0.017000
15 0.018000 0.230500 0.018000 0.017000
14 0.039000 0.207000 0.014000 0.014000
12 0.090000 0.864000 0.032000 0.032000
17 0.136500 0.910500 0.037000 0.023000
17 0.283500 0.856000 0.023000 0.014000
9 0.251500 0.991500 0.025000 0.015000
14 0.324000 0.859500 0.014000 0.015000
14 0.541000 0.029500 0.020000 0.017000
9 0.587500 0.052000 0.021000 0.020000
14 0.618000 0.051500 0.020000 0.017000
11 0.637000 0.091000 0.034000 0.030000
14 0.677000 0.123000 0.016000 0.016000
11 0.772500 0.197000 0.027000 0.024000
14 0.121500 0.485000 0.015000 0.016000
9 0.106500 0.528000 0.019000 0.018000
14 0.079000 0.315000 0.014000 0.014000
14 0.145000 0.330000 0.016000 0.016000
14 0.171000 0.338500 0.018000 0.019000
14 0.209000 0.307000 0.018000 0.012000
14 0.208500 0.339000 0.017000 0.016000
14 0.214500 0.344500 0.021000 0.019000
14 0.213500 0.371000 0.013000 0.016000
9 0.235000 0.383500 0.018000 0.017000
9 0.255500 0.407000 0.021000 0.020000
14 0.247000 0.392000 0.020000 0.020000
12 0.229500 0.458500 0.015000 0.015000
14 0.365000 0.504000 0.016000 0.014000
14 0.348500 0.517000 0.017000 0.016000
14 0.349500 0.659000 0.017000 0.016000
14 0.466500 0.633000 0.015000 0.014000
14 0.480500 0.642500 0.009000 0.013000
9 0.515500 0.654500 0.019000 0.019000
14 0.521000 0.672000 0.008000 0.018000
14 0.562500 0.824000 0.015000 0.014000
14 0.577000 0.836000 0.016000 0.014000
14 0.585000 0.842000 0.014000 0.014000
14 0.591500 0.847500 0.017000 0.015000
14 0.579500 0.795500 0.017000 0.017000
14 0.584500 0.802500 0.019000 0.017000
14 0.591000 0.810000 0.018000 0.016000
14 0.597000 0.815000 0.020000 0.018000
14 0.604000 0.821000 0.020000 0.018000
9 0.617500 0.774000 0.019000 0.018000
14 0.612500 0.769000 0.017000 0.016000
14 0.624000 0.781500 0.018000 0.017000
14 0.637500 0.792500 0.015000 0.013000
14 0.652500 0.804000 0.017000 0.016000
14 0.690000 0.978500 0.018000 0.009000
14 0.690500 0.988000 0.019000 0.008000
14 0.684000 0.825000 0.012000 0.016000
14 0.699500 0.875000 0.011000 0.016000
14 0.688000 0.843000 0.012000 0.016000
14 0.697500 0.841000 0.013000 0.016000
14 0.707000 0.839500 0.014000 0.017000
14 0.715500 0.837000 0.013000 0.016000
14 0.726000 0.835000 0.012000 0.018000
14 0.734500 0.868000 0.013000 0.018000
14 0.743000 0.865500 0.012000 0.015000
14 0.659500 0.647500 0.021000 0.021000
14 0.689500 0.670000 0.021000 0.020000
14 0.704000 0.681500 0.018000 0.017000
14 0.711500 0.688000 0.017000 0.016000
14 0.719000 0.693500 0.020000 0.019000
14 0.733500 0.705500 0.017000 0.017000
9 0.668500 0.602000 0.021000 0.018000
9 0.728500 0.625000 0.019000 0.018000
9 0.737000 0.630500 0.018000 0.017000
9 0.750500 0.643000 0.021000 0.018000
9 0.758000 0.648500 0.020000 0.017000
14 0.690500 0.619000 0.017000 0.016000
14 0.719500 0.644000 0.019000 0.018000
14 0.741000 0.662000 0.016000 0.016000
14 0.706500 0.606000 0.019000 0.018000
14 0.713000 0.612000 0.016000 0.016000
14 0.721500 0.618000 0.019000 0.018000
14 0.744000 0.636000 0.018000 0.016000
9 0.760500 0.598000 0.021000 0.020000
9 0.775000 0.609000 0.020000 0.018000
9 0.782500 0.616000 0.021000 0.018000
14 0.745000 0.585500 0.020000 0.019000
14 0.752500 0.592000 0.019000 0.018000
14 0.768500 0.603500 0.019000 0.017000
14 0.791000 0.623000 0.018000 0.016000
9 0.799500 0.602000 0.019000 0.018000
14 0.807000 0.608000 0.018000 0.016000
9 0.839500 0.637000 0.019000 0.018000
14 0.825500 0.649000 0.017000 0.016000
14 0.831000 0.641500 0.018000 0.017000
14 0.845500 0.629000 0.019000 0.018000
14 0.854000 0.624500 0.020000 0.019000
11 0.870500 0.648500 0.027000 0.025000
14 0.900000 0.615000 0.020000 0.016000
14 0.850500 0.593500 0.021000 0.019000
14 0.835500 0.581500 0.017000 0.017000
9 0.820000 0.570500 0.020000 0.019000
14 0.774500 0.533500 0.019000 0.017000
14 0.790500 0.546500 0.019000 0.019000
14 0.798000 0.552500 0.018000 0.017000
14 0.805000 0.559000 0.018000 0.016000
14 0.976000 0.848000 0.014000 0.008000
14 0.082500 0.073000 0.015000 0.014000
14 0.105500 0.090500 0.023000 0.021000
14 0.143500 0.072000 0.017000 0.016000
14 0.175500 0.097000 0.021000 0.018000
14 0.187000 0.069000 0.016000 0.016000
14 0.149500 0.042000 0.019000 0.018000
14 0.134000 0.030500 0.016000 0.015000
14 0.239500 0.021000 0.021000 0.020000
14 0.242000 0.186000 0.016000 0.016000
9 0.224500 0.196500 0.019000 0.019000
14 0.202500 0.215500 0.017000 0.017000
14 0.219000 0.202000 0.020000 0.018000
14 0.196000 0.221500 0.018000 0.017000
14 0.258500 0.310500 0.021000 0.019000
14 0.318000 0.420000 0.022000 0.022000
14 0.384500 0.463000 0.017000 0.016000
14 0.434500 0.488000 0.017000 0.016000
14 0.544000 0.450500 0.020000 0.019000
14 0.521500 0.476500 0.019000 0.017000
14 0.507500 0.419000 0.017000 0.016000
14 0.506500 0.187500 0.019000 0.019000
14 0.510500 0.314000 0.019000 0.018000
14 0.503000 0.243500 0.016000 0.015000
14 0.510500 0.236000 0.021000 0.018000
14 0.531500 0.219500 0.015000 0.015000
14 0.536500 0.205500 0.021000 0.019000
14 0.542000 0.212000 0.014000 0.012000
14 0.550500 0.217000 0.017000 0.016000
14 0.569000 0.233500 0.018000 0.017000
14 0.577000 0.239000 0.018000 0.018000
9 0.578000 0.197500 0.020000 0.019000
14 0.624500 0.233500 0.023000 0.021000
9 0.662000 0.221500 0.018000 0.017000
14 0.684500 0.240000 0.019000 0.018000
14 0.587500 0.204500 0.021000 0.019000
13 0.608000 0.221500 0.022000 0.021000
14 0.615500 0.227000 0.019000 0.018000
14 0.626500 0.252500 0.021000 0.017000
11 0.797500 0.355000 0.015000 0.014000
14 0.761500 0.382500 0.017000 0.015000
14 0.767500 0.377500 0.015000 0.015000
14 0.787000 0.360000 0.016000 0.016000
14 0.803500 0.349500 0.015000 0.015000
14 0.811000 0.343000 0.016000 0.014000
9 0.838500 0.472500 0.021000 0.021000
11 0.870000 0.500500 0.020000 0.021000
9 0.893000 0.475000 0.018000 0.018000
9 0.903000 0.467000 0.020000 0.020000
14 0.885500 0.480500 0.019000 0.019000
9 0.932500 0.489500 0.017000 0.017000
14 0.926500 0.518500 0.017000 0.015000
14 0.933000 0.525000 0.018000 0.016000
14 0.947000 0.501500 0.018000 0.019000
12 0.838500 0.251500 0.017000 0.017000
14 0.885000 0.287000 0.020000 0.018000
14 0.925500 0.320500 0.015000 0.015000
14 0.973500 0.358000 0.015000 0.016000
14 0.713500 0.030500 0.017000 0.013000
14 0.704000 0.035000 0.020000 0.012000
14 0.804500 0.092500 0.017000 0.017000
9 0.821500 0.077500 0.019000 0.019000
14 0.888500 0.045500 0.019000 0.015000
14 0.894000 0.052500 0.018000 0.015000
14 0.925500 0.041500 0.017000 0.017000
14 0.898500 0.061500 0.015000 0.015000
14 0.965500 0.077000 0.021000 0.022000
14 0.984000 0.094500 0.020000 0.017000
14 0.990000 0.086000 0.020000 0.016000
12 0.931000 0.191000 0.020000 0.020000
12 0.946500 0.175500 0.021000 0.021000
9 0.007000 0.243500 0.014000 0.017000