9 0.242000 0.113500 0.010000 0.017000
14 0.361000 0.134000 0.010000 0.018000
14 0.287000 0.165000 0.010000 0.018000
12 0.525000 0.257000 0.028000 0.008000
9 0.606500 0.023500 0.023000 0.007000
9 0.607500 0.033000 0.025000 0.008000
14 0.606000 0.059000 0.028000 0.010000
14 0.605000 0.069000 0.024000 0.008000
14 0.609000 0.085500 0.030000 0.011000
9 0.602000 0.096000 0.020000 0.006000
14 0.605000 0.113500 0.024000 0.007000
9 0.667000 0.142000 0.020000 0.008000
14 0.669000 0.114000 0.020000 0.006000
9 0.669500 0.124000 0.021000 0.008000
9 0.624500 0.143000 0.011000 0.018000
9 0.617500 0.168500 0.025000 0.007000
9 0.618000 0.181500 0.022000 0.007000
9 0.786500 0.139500 0.025000 0.007000
9 0.987500 0.055000 0.025000 0.008000
9 0.985000 0.065000 0.022000 0.006000
9 0.988000 0.074000 0.024000 0.006000
14 0.986000 0.108500 0.028000 0.009000
14 0.984000 0.118000 0.022000 0.006000
14 0.986500 0.127000 0.027000 0.008000
14 0.984000 0.148500 0.026000 0.007000
11 0.920500 0.167000 0.073000 0.034000
12 0.940000 0.256500 0.028000 0.007000
9 0.964500 0.610000 0.009000 0.016000
14 0.990500 0.610500 0.009000 0.017000
14 0.955000 0.964000 0.020000 0.006000
30 0.343500 0.473000 0.171000 0.114000
30 0.530000 0.773500 0.200000 0.149000
14 0.281000 0.864500 0.010000 0.021000
14 0.260500 0.859500 0.011000 0.021000
14 0.250500 0.888000 0.011000 0.020000
12 0.249000 0.864000 0.014000 0.022000
14 0.287000 0.896500 0.010000 0.019000
9 0.300000 0.895500 0.010000 0.017000
9 0.315000 0.893500 0.008000 0.015000
12 0.331500 0.898500 0.013000 0.021000
11 0.008000 0.584000 0.016000 0.012000
11 0.012000 0.570500 0.024000 0.015000
9 0.004500 0.665500 0.009000 0.017000
12 0.017000 0.665000 0.022000 0.022000
12 0.034500 0.667500 0.019000 0.021000
14 0.050000 0.667000 0.016000 0.018000
11 0.110500 0.727500 0.015000 0.025000
12 0.032000 0.498500 0.012000 0.019000
14 0.013000 0.480000 0.012000 0.016000
9 0.004500 0.427500 0.009000 0.015000