14 0.882000 0.073500 0.020000 0.015000
9 0.861000 0.107500 0.020000 0.015000
9 0.852500 0.114000 0.017000 0.012000
14 0.845500 0.122500 0.023000 0.017000
9 0.865000 0.131500 0.020000 0.015000
14 0.894000 0.139000 0.018000 0.020000
14 0.926500 0.174500 0.019000 0.013000
12 0.894000 0.180500 0.024000 0.017000
9 0.889000 0.190500 0.020000 0.015000
9 0.980000 0.190000 0.018000 0.014000
12 0.961500 0.213000 0.021000 0.016000
9 0.959500 0.223500 0.021000 0.015000
12 0.896000 0.241500 0.024000 0.019000
14 0.753000 0.079000 0.016000 0.018000
9 0.866500 0.008000 0.019000 0.014000
9 0.847000 0.044000 0.016000 0.012000
14 0.828000 0.068500 0.020000 0.015000
14 0.809500 0.092000 0.019000 0.012000
14 0.801500 0.100000 0.019000 0.014000
14 0.794500 0.073500 0.021000 0.015000
14 0.788500 0.081500 0.021000 0.015000
9 0.752500 0.043000 0.019000 0.014000
14 0.765500 0.027000 0.025000 0.018000
9 0.743500 0.060500 0.019000 0.015000
14 0.734500 0.068000 0.025000 0.018000
9 0.714000 0.056500 0.022000 0.017000
9 0.795000 0.109000 0.018000 0.014000
12 0.761000 0.117000 0.022000 0.016000
9 0.775000 0.099500 0.020000 0.015000
9 0.744500 0.106500 0.015000 0.015000
12 0.735000 0.102000 0.016000 0.018000
12 0.720500 0.127500 0.023000 0.015000
9 0.666500 0.090000 0.013000 0.018000
14 0.677500 0.027500 0.019000 0.013000
9 0.671500 0.037000 0.019000 0.014000
14 0.666000 0.045500 0.018000 0.013000
9 0.659000 0.052500 0.020000 0.015000
14 0.653500 0.061000 0.021000 0.016000
12 0.646000 0.034000 0.022000 0.016000
14 0.641000 0.044500 0.020000 0.015000
14 0.632500 0.052000 0.019000 0.016000
14 0.889500 0.652500 0.021000 0.017000
9 0.873500 0.649500 0.019000 0.013000
14 0.866000 0.642000 0.018000 0.012000
9 0.855000 0.637000 0.022000 0.014000
14 0.845000 0.631500 0.022000 0.015000
9 0.821000 0.621000 0.022000 0.014000
9 0.812500 0.615000 0.021000 0.014000
9 0.803000 0.609000 0.024000 0.016000
9 0.792000 0.603500 0.022000 0.015000
9 0.779500 0.597500 0.019000 0.013000
14 0.768500 0.593000 0.019000 0.012000
9 0.759000 0.586000 0.022000 0.014000
14 0.751000 0.579000 0.018000 0.012000
14 0.737500 0.574000 0.019000 0.014000
9 0.725500 0.568000 0.019000 0.012000
9 0.714500 0.563500 0.021000 0.013000
9 0.701500 0.558000 0.025000 0.014000
9 0.692500 0.551000 0.021000 0.016000
9 0.606500 0.507500 0.015000 0.017000
9 0.595000 0.502000 0.014000 0.018000
12 0.576500 0.493000 0.019000 0.022000
9 0.557500 0.483500 0.015000 0.017000
9 0.537000 0.472000 0.016000 0.020000
12 0.520500 0.463500 0.019000 0.021000
9 0.508000 0.458000 0.016000 0.016000
9 0.571500 0.548500 0.017000 0.019000
9 0.561000 0.543500 0.016000 0.019000
9 0.543000 0.534000 0.016000 0.018000
12 0.517000 0.551500 0.018000 0.021000
33 0.446500 0.707500 0.087000 0.087000
33 0.383000 0.676000 0.088000 0.088000
33 0.320000 0.644000 0.088000 0.088000
33 0.256000 0.612500 0.088000 0.087000
14 0.108000 0.291500 0.016000 0.019000
14 0.082000 0.293500 0.020000 0.017000
14 0.032500 0.285000 0.021000 0.016000
14 0.012500 0.262000 0.025000 0.018000
14 0.073500 0.246500 0.015000 0.017000
9 0.036500 0.190000 0.023000 0.016000
9 0.043500 0.129000 0.023000 0.016000
12 0.059000 0.105000 0.024000 0.016000
9 0.085500 0.065000 0.019000 0.014000
14 0.077500 0.082500 0.019000 0.015000
14 0.145500 0.100000 0.019000 0.014000
9 0.142500 0.033000 0.009000 0.016000
12 0.319500 0.210500 0.017000 0.019000
12 0.348000 0.207000 0.020000 0.014000
9 0.427000 0.209000 0.020000 0.008000
14 0.447500 0.179500 0.021000 0.007000
14 0.453000 0.170000 0.018000 0.006000
12 0.486500 0.121500 0.023000 0.007000
14 0.389000 0.090000 0.012000 0.014000
12 0.498000 0.062000 0.018000 0.020000
9 0.868000 0.704000 0.010000 0.018000
9 0.849500 0.694000 0.009000 0.018000
9 0.818500 0.681000 0.009000 0.018000
14 0.771000 0.654500 0.014000 0.019000
12 0.577000 0.665500 0.020000 0.017000
9 0.582500 0.657000 0.019000 0.014000
9 0.594000 0.641500 0.020000 0.015000
9 0.600000 0.633000 0.020000 0.016000
9 0.604500 0.625000 0.019000 0.014000
9 0.611500 0.617000 0.021000 0.016000
14 0.617000 0.608500 0.020000 0.015000
12 0.523000 0.614500 0.016000 0.017000
30 0.379000 0.959500 0.158000 0.081000