14 0.928333 0.132500 0.020000 0.022500
15 0.715000 0.272500 0.163333 0.042500
15 0.730000 0.361875 0.173333 0.013750
12 0.988333 0.420000 0.016667 0.030000
14 0.948333 0.421875 0.016667 0.018750
9 0.912500 0.420625 0.018333 0.023750
9 0.889167 0.417500 0.021667 0.027500
9 0.855000 0.416250 0.016667 0.022500
17 0.788333 0.468750 0.023333 0.027500
17 0.821667 0.462500 0.033333 0.042500
17 0.846667 0.463750 0.036667 0.045000
17 0.875833 0.463125 0.038333 0.056250
17 0.901667 0.466875 0.036667 0.043750
17 0.924167 0.467500 0.035000 0.042500
11 0.076667 0.463125 0.023333 0.033750
9 0.072500 0.521875 0.011667 0.013750
12 0.093333 0.573750 0.010000 0.015000
12 0.186667 0.543750 0.040000 0.035000
12 0.232500 0.566875 0.055000 0.013750
14 0.218333 0.589375 0.036667 0.018750
15 0.585833 0.562500 0.161667 0.017500
9 0.985833 0.653125 0.018333 0.023750
9 0.890833 0.878750 0.041667 0.012500
9 0.652500 0.871875 0.041667 0.008750
14 0.556667 0.891875 0.036667 0.011250
12 0.776667 0.651250 0.020000 0.030000
12 0.722500 0.676875 0.015000 0.023750
12 0.310000 0.875000 0.043333 0.010000
14 0.064167 0.885000 0.038333 0.010000
16 0.300833 0.790000 0.028333 0.035000
12 0.531667 0.648125 0.020000 0.031250
14 0.332500 0.670000 0.025000 0.032500
16 0.297500 0.668125 0.021667 0.031250
16 0.273333 0.670625 0.020000 0.021250
14 0.067500 0.506875 0.015000 0.016250