26 0.012750 0.558875 0.022500 0.023750
25 0.037125 0.550625 0.025250 0.025250
26 0.057875 0.567625 0.028250 0.026250
26 0.083000 0.600875 0.026500 0.025250
22 0.031000 0.633500 0.042000 0.042500
28 0.202250 0.682375 0.057500 0.056750
22 0.153000 0.736625 0.032500 0.022250
26 0.039250 0.983750 0.025500 0.026500
22 0.049625 0.925625 0.033250 0.030750
22 0.098625 0.882250 0.036750 0.033000
20 0.181875 0.829625 0.044750 0.037250
22 0.187875 0.859375 0.035750 0.031250
20 0.209250 0.885625 0.048000 0.043250
29 0.347750 0.922625 0.043000 0.042250
27 0.381875 0.932000 0.043750 0.044000
29 0.399375 0.953625 0.028250 0.019250
28 0.428375 0.826875 0.048750 0.048750
21 0.303500 0.692875 0.042000 0.041250
27 0.503500 0.817750 0.043000 0.042000
25 0.568125 0.767000 0.027250 0.027000
21 0.240125 0.619000 0.041750 0.042500
27 0.055875 0.190875 0.039250 0.038750
29 0.934750 0.086375 0.038000 0.038250
20 0.943750 0.215250 0.047000 0.046000
20 0.870375 0.255625 0.049250 0.049250
20 0.768250 0.313875 0.046000 0.046750
27 0.708125 0.349750 0.044250 0.043500
20 0.616125 0.305000 0.047750 0.042000
20 0.660875 0.245250 0.045750 0.046000
21 0.731625 0.204375 0.044250 0.043750
29 0.761250 0.184750 0.035000 0.035000
27 0.794125 0.168375 0.044250 0.043750
29 0.832625 0.145000 0.035250 0.035500
27 0.865125 0.128375 0.044250 0.043750
20 0.896750 0.111000 0.046000 0.046000