14 0.864000 0.531000 0.008000 0.016000
14 0.970500 0.963500 0.021000 0.007000
14 0.947500 0.965500 0.019000 0.007000
14 0.897500 0.745500 0.013000 0.017000
14 0.872500 0.707500 0.013000 0.019000
14 0.965500 0.630500 0.027000 0.021000
9 0.978500 0.612000 0.023000 0.016000
9 0.954000 0.600500 0.024000 0.015000
9 0.991500 0.387500 0.017000 0.005000
35 0.882000 0.593500 0.158000 0.127000
14 0.897000 0.251000 0.022000 0.008000
9 0.849500 0.203500 0.011000 0.019000
14 0.898000 0.065500 0.022000 0.007000
9 0.866000 0.049500 0.010000 0.015000
9 0.863500 0.022500 0.011000 0.017000
14 0.668000 0.183500 0.008000 0.015000
9 0.663000 0.149500 0.008000 0.015000
9 0.722500 0.121000 0.021000 0.006000
14 0.720000 0.102000 0.020000 0.008000
14 0.734000 0.034000 0.018000 0.006000
14 0.540500 0.096000 0.021000 0.008000
9 0.641500 0.242000 0.017000 0.008000
14 0.668000 0.240000 0.018000 0.006000
14 0.723000 0.273000 0.010000 0.020000
9 0.629000 0.357500 0.024000 0.007000
9 0.611500 0.388500 0.021000 0.007000
9 0.560000 0.415500 0.020000 0.015000
14 0.555000 0.394500 0.022000 0.007000
14 0.554000 0.383500 0.026000 0.009000
14 0.560500 0.347500 0.021000 0.009000
14 0.618000 0.457500 0.018000 0.013000
14 0.246000 0.143500 0.022000 0.007000
14 0.244500 0.116000 0.021000 0.008000
9 0.294000 0.124000 0.018000 0.008000
9 0.296500 0.046500 0.021000 0.007000
9 0.190000 0.120000 0.012000 0.016000
9 0.189000 0.092500 0.010000 0.017000
9 0.189000 0.074000 0.014000 0.018000
14 0.155500 0.064500 0.017000 0.007000
9 0.050000 0.106500 0.020000 0.009000
14 0.224500 0.320500 0.021000 0.013000
14 0.184000 0.739500 0.024000 0.009000
9 0.032500 0.665000 0.021000 0.018000
35 0.202000 0.186500 0.060000 0.045000
35 0.504500 0.192500 0.073000 0.041000
35 0.854000 0.238000 0.094000 0.060000
9 0.890500 0.812500 0.011000 0.017000
9 0.846000 0.462500 0.008000 0.017000
9 0.310500 0.266500 0.019000 0.007000
14 0.757000 0.122500 0.018000 0.007000