26 0.012500 0.051875 0.022500 0.023750
25 0.037125 0.043625 0.025250 0.025250
26 0.057875 0.060625 0.028250 0.026250
26 0.083000 0.093875 0.026500 0.025250
22 0.030875 0.126500 0.041750 0.042500
28 0.202250 0.175375 0.057500 0.056750
22 0.152875 0.229625 0.032750 0.022250
22 0.018500 0.687125 0.035000 0.030750
26 0.039125 0.476750 0.025250 0.026500
22 0.049625 0.418625 0.033250 0.030750
22 0.098500 0.375250 0.037000 0.033000
20 0.181625 0.322625 0.044750 0.037250
22 0.187875 0.352375 0.035750 0.031250
20 0.209125 0.378625 0.048250 0.043250
29 0.347500 0.415625 0.043000 0.042250
27 0.381750 0.425000 0.044000 0.044000
29 0.399375 0.446625 0.028250 0.019250
28 0.428375 0.319875 0.048750 0.048750
21 0.303375 0.185875 0.041750 0.041250
27 0.503375 0.310750 0.043250 0.042000
25 0.568000 0.260000 0.027000 0.027000
21 0.239875 0.112000 0.041750 0.042500
35 0.538125 0.946625 0.018750 0.018250
32 0.699500 0.880375 0.034000 0.044250
31 0.715625 0.827750 0.014250 0.012500
30 0.783125 0.844625 0.021250 0.018250
35 0.649750 0.965250 0.016000 0.011500