9 0.918333 0.974375 0.026667 0.021250
11 0.953333 0.310000 0.060000 0.040000
11 0.934167 0.305625 0.058333 0.038750
11 0.906667 0.303125 0.056667 0.038750
11 0.883333 0.300625 0.060000 0.041250
11 0.858333 0.298750 0.053333 0.040000
11 0.837500 0.295000 0.058333 0.040000
11 0.813333 0.291875 0.056667 0.038750
11 0.788333 0.286875 0.056667 0.041250
11 0.764167 0.283750 0.058333 0.042500
11 0.726667 0.278125 0.063333 0.036250
11 0.695833 0.276250 0.061667 0.035000
11 0.673333 0.271875 0.060000 0.036250
11 0.652500 0.266875 0.061667 0.036250
11 0.622500 0.265000 0.065000 0.037500
11 0.593333 0.260625 0.066667 0.033750
11 0.493333 0.256250 0.066667 0.020000
9 0.231667 0.092500 0.020000 0.022500
9 0.197500 0.178750 0.018333 0.022500
9 0.188333 0.200625 0.016667 0.018750
14 0.181667 0.222500 0.020000 0.020000
11 0.396667 0.142500 0.036667 0.040000
14 0.012500 0.960625 0.025000 0.016250
9 0.019167 0.938125 0.028333 0.021250
9 0.048333 0.951250 0.030000 0.020000
12 0.330833 0.943125 0.045000 0.031250
9 0.377500 0.926875 0.025000 0.021250
12 0.365000 0.921875 0.030000 0.026250
9 0.342500 0.918125 0.028333 0.021250
9 0.333333 0.863125 0.030000 0.023750
9 0.347500 0.792500 0.035000 0.022500
14 0.103333 0.753125 0.026667 0.011250
14 0.098333 0.743125 0.030000 0.016250
14 0.086667 0.320625 0.030000 0.018750
9 0.051667 0.310000 0.023333 0.017500
9 0.720000 0.883750 0.036667 0.017500
9 0.626667 0.858750 0.033333 0.017500
14 0.608333 0.816875 0.033333 0.018750
14 0.565833 0.797500 0.031667 0.020000
14 0.406667 0.733125 0.023333 0.021250
9 0.389167 0.715625 0.021667 0.018750
14 0.330833 0.627500 0.021667 0.022500
14 0.244167 0.403750 0.021667 0.025000
14 0.191667 0.350625 0.026667 0.023750
9 0.165000 0.327500 0.030000 0.022500
9 0.143333 0.278125 0.030000 0.021250
31 0.476667 0.515625 0.066667 0.066250