9 0.970000 0.905625 0.026667 0.026250
9 0.830833 0.070000 0.028333 0.025000
14 0.631667 0.021250 0.036667 0.015000
14 0.636667 0.030625 0.040000 0.013750
9 0.645000 0.049375 0.040000 0.016250
9 0.508333 0.090625 0.036667 0.023750
14 0.489167 0.081875 0.035000 0.021250
14 0.471667 0.071250 0.036667 0.022500
14 0.437500 0.057500 0.031667 0.022500
14 0.421667 0.047500 0.033333 0.025000
14 0.389167 0.036875 0.031667 0.023750
9 0.374167 0.031250 0.028333 0.025000
9 0.354167 0.025625 0.028333 0.026250
9 0.320833 0.015000 0.028333 0.025000
9 0.551667 0.476250 0.036667 0.025000
14 0.572500 0.453125 0.038333 0.021250
14 0.592500 0.433750 0.038333 0.020000
9 0.611667 0.416250 0.040000 0.020000
9 0.620833 0.405000 0.038333 0.017500
9 0.627500 0.395625 0.038333 0.016250
14 0.631667 0.383125 0.036667 0.016250
14 0.636667 0.371250 0.040000 0.017500
14 0.640833 0.360625 0.038333 0.016250
9 0.658333 0.326875 0.023333 0.011250
9 0.719167 0.474375 0.028333 0.026250
9 0.760000 0.438125 0.043333 0.016250
9 0.754167 0.425625 0.041667 0.016250
9 0.750833 0.415625 0.041667 0.013750
14 0.744167 0.403750 0.041667 0.015000
14 0.815833 0.357500 0.031667 0.012500
14 0.823333 0.368125 0.036667 0.016250
14 0.826667 0.389375 0.030000 0.013750
14 0.835833 0.400625 0.038333 0.013750
14 0.841667 0.411250 0.036667 0.012500
14 0.849167 0.420000 0.038333 0.015000
14 0.853333 0.431875 0.036667 0.016250
14 0.859167 0.449375 0.038333 0.016250
9 0.871667 0.464375 0.040000 0.018750
9 0.883333 0.484375 0.040000 0.016250
14 0.842500 0.509375 0.021667 0.023750
14 0.805000 0.516250 0.023333 0.022500
9 0.764167 0.519375 0.025000 0.023750
9 0.481667 0.921250 0.033333 0.025000