14 0.045500 0.925500 0.019000 0.005000
9 0.068500 0.840500 0.021000 0.007000
14 0.046000 0.699000 0.022000 0.006000
14 0.063000 0.537000 0.020000 0.006000
12 0.059000 0.522000 0.024000 0.008000
9 0.058000 0.512500 0.020000 0.009000
14 0.065000 0.497000 0.022000 0.006000
14 0.065500 0.488000 0.021000 0.006000
14 0.066000 0.472000 0.020000 0.006000
14 0.067000 0.456500 0.022000 0.007000
12 0.065500 0.447500 0.025000 0.007000
12 0.047000 0.438500 0.024000 0.007000
9 0.123000 0.439000 0.016000 0.006000
9 0.127500 0.448000 0.017000 0.006000
9 0.121000 0.464000 0.018000 0.006000
14 0.118000 0.480500 0.018000 0.007000
12 0.124500 0.505000 0.023000 0.006000
9 0.123500 0.522500 0.017000 0.007000
14 0.045000 0.365500 0.020000 0.007000
9 0.045500 0.169000 0.017000 0.006000
9 0.046500 0.111500 0.023000 0.007000
14 0.041500 0.102500 0.019000 0.007000
14 0.066000 0.087500 0.026000 0.009000
14 0.045000 0.070000 0.024000 0.006000
9 0.069000 0.053500 0.020000 0.007000
9 0.068000 0.045000 0.020000 0.006000
14 0.068500 0.028500 0.021000 0.007000
9 0.046500 0.037500 0.023000 0.007000
9 0.046500 0.021500 0.023000 0.007000
12 0.974000 0.564000 0.024000 0.008000
9 0.865000 0.564000 0.022000 0.008000
12 0.836000 0.537500 0.034000 0.009000
12 0.835000 0.528000 0.034000 0.008000
14 0.773000 0.563500 0.020000 0.007000
12 0.749000 0.555000 0.026000 0.010000
12 0.665000 0.563000 0.030000 0.008000
9 0.662000 0.572000 0.024000 0.008000
12 0.625500 0.565500 0.025000 0.007000
12 0.597000 0.565500 0.026000 0.007000
12 0.532500 0.565000 0.031000 0.008000
9 0.502000 0.564000 0.018000 0.006000
9 0.448000 0.564000 0.020000 0.006000
12 0.263000 0.554000 0.026000 0.022000
17 0.340000 0.579000 0.044000 0.018000
17 0.460000 0.520500 0.040000 0.015000