35 0.514000 0.165500 0.068000 0.033000
14 0.981000 0.098000 0.020000 0.022000
35 0.224000 0.708500 0.036000 0.027000
9 0.909000 0.952500 0.010000 0.017000
14 0.921000 0.955500 0.010000 0.015000
9 0.934000 0.953000 0.010000 0.018000
9 0.944500 0.953000 0.009000 0.014000
9 0.956500 0.953000 0.011000 0.018000
9 0.968000 0.951500 0.010000 0.017000
9 0.935000 0.824500 0.024000 0.011000
9 0.935000 0.805500 0.022000 0.009000
14 0.935500 0.796000 0.021000 0.008000
9 0.934000 0.778000 0.020000 0.008000
9 0.934500 0.769500 0.019000 0.009000
9 0.935000 0.759500 0.020000 0.009000
9 0.814500 0.818000 0.009000 0.016000
12 0.802000 0.818500 0.010000 0.019000
12 0.774000 0.818500 0.010000 0.019000
12 0.737000 0.816500 0.010000 0.019000
9 0.724000 0.817000 0.010000 0.018000
14 0.838000 0.768500 0.010000 0.019000
14 0.814000 0.766500 0.010000 0.017000
14 0.800000 0.768500 0.012000 0.021000
9 0.769000 0.768000 0.010000 0.018000
9 0.755000 0.767500 0.012000 0.019000
9 0.738500 0.769000 0.011000 0.020000
9 0.689000 0.769000 0.010000 0.018000
14 0.474500 0.831500 0.023000 0.011000
9 0.534500 0.863500 0.011000 0.019000
14 0.281000 0.855000 0.028000 0.010000
12 0.061500 0.174500 0.025000 0.011000
18 0.574500 0.375500 0.053000 0.023000
14 0.975000 0.143000 0.028000 0.026000
35 0.527000 0.710000 0.084000 0.028000
9 0.515500 0.670000 0.013000 0.022000