9 0.095500 0.833500 0.013000 0.019000
9 0.111000 0.794000 0.014000 0.018000
14 0.117500 0.771000 0.013000 0.018000
14 0.127000 0.749000 0.012000 0.018000
14 0.135000 0.723000 0.014000 0.020000
14 0.140500 0.704000 0.013000 0.018000
14 0.151000 0.683000 0.014000 0.020000
14 0.157000 0.657000 0.012000 0.016000
14 0.170500 0.630000 0.013000 0.018000
14 0.178000 0.606500 0.012000 0.017000
14 0.193000 0.560500 0.014000 0.019000
14 0.203000 0.535000 0.012000 0.016000
14 0.216000 0.509500 0.012000 0.017000
9 0.179000 0.514000 0.012000 0.018000
14 0.223500 0.484000 0.013000 0.016000
14 0.230500 0.460500 0.015000 0.019000
9 0.238500 0.436000 0.013000 0.018000
14 0.250000 0.411000 0.014000 0.018000
9 0.261500 0.383500 0.011000 0.017000
14 0.267500 0.363500 0.013000 0.019000
14 0.275500 0.337000 0.013000 0.018000
14 0.244000 0.330500 0.014000 0.019000
14 0.283000 0.313500 0.014000 0.019000
14 0.291500 0.290500 0.011000 0.017000
14 0.301500 0.268000 0.013000 0.016000
9 0.317000 0.223000 0.014000 0.018000
14 0.324000 0.204000 0.014000 0.020000
14 0.296000 0.189000 0.014000 0.020000
9 0.331500 0.184000 0.013000 0.018000
14 0.344000 0.158500 0.014000 0.017000
14 0.352500 0.131500 0.013000 0.019000
14 0.361000 0.108500 0.014000 0.019000
14 0.368500 0.085000 0.015000 0.018000
9 0.319500 0.122000 0.013000 0.018000
9 0.376500 0.065000 0.015000 0.020000
9 0.385500 0.040000 0.013000 0.018000
14 0.352500 0.038500 0.013000 0.019000
14 0.390500 0.023000 0.013000 0.018000
14 0.953000 0.375500 0.014000 0.017000
9 0.952500 0.405500 0.013000 0.019000
9 0.908500 0.326000 0.015000 0.020000
14 0.920500 0.310500 0.015000 0.019000
9 0.892500 0.291500 0.013000 0.017000
9 0.877500 0.263000 0.015000 0.018000
14 0.881500 0.228500 0.015000 0.019000
14 0.808500 0.042500 0.011000 0.015000
14 0.789000 0.011000 0.016000 0.018000
14 0.107000 0.293000 0.018000 0.012000
9 0.097500 0.320000 0.019000 0.012000
14 0.092500 0.338500 0.019000 0.013000
14 0.144000 0.350000 0.020000 0.012000
9 0.148500 0.342500 0.021000 0.011000
9 0.036000 0.563500 0.020000 0.011000
33 0.496000 0.029500 0.066000 0.059000
33 0.506500 0.175000 0.073000 0.090000
33 0.567500 0.190000 0.071000 0.088000
33 0.674000 0.214500 0.074000 0.089000
33 0.737000 0.229500 0.074000 0.089000
33 0.686000 0.367000 0.074000 0.090000
33 0.622000 0.352500 0.074000 0.089000
33 0.517500 0.327000 0.073000 0.088000
33 0.455000 0.313000 0.074000 0.088000
33 0.394000 0.297500 0.074000 0.089000
14 0.357500 0.432500 0.019000 0.013000
9 0.309000 0.457500 0.014000 0.017000
14 0.634000 0.858000 0.022000 0.016000
14 0.757000 0.798000 0.026000 0.016000
12 0.948000 0.827000 0.014000 0.020000
9 0.894000 0.755000 0.014000 0.018000
9 0.956500 0.736500 0.011000 0.013000
14 0.965500 0.730500 0.013000 0.015000
14 0.975500 0.728000 0.013000 0.016000
14 0.433000 0.918500 0.016000 0.021000
14 0.448000 0.919000 0.016000 0.022000
14 0.461500 0.919000 0.015000 0.020000
14 0.472500 0.924000 0.015000 0.020000
9 0.489500 0.931000 0.017000 0.018000
9 0.224500 0.208000 0.023000 0.012000
9 0.914500 0.747000 0.011000 0.016000
33 0.624000 0.042000 0.072000 0.084000
33 0.563000 0.034500 0.070000 0.069000