14 0.105833 0.444375 0.028333 0.031250
12 0.540833 0.165625 0.028333 0.031250
12 0.583333 0.150625 0.023333 0.023750
14 0.601667 0.146250 0.023333 0.022500
14 0.621667 0.143750 0.023333 0.022500
14 0.681667 0.132500 0.023333 0.025000
9 0.716667 0.125625 0.026667 0.026250
11 0.496667 0.306250 0.070000 0.082500
14 0.909167 0.174375 0.021667 0.023750
12 0.854167 0.251250 0.038333 0.035000
14 0.873333 0.286250 0.026667 0.027500
9 0.677500 0.376875 0.035000 0.018750
12 0.627500 0.426875 0.048333 0.023750
14 0.514167 0.452500 0.041667 0.020000
12 0.405833 0.461875 0.045000 0.023750
12 0.276667 0.510000 0.043333 0.020000
9 0.323333 0.556875 0.016667 0.021250
9 0.022500 0.563750 0.038333 0.017500
12 0.049167 0.763125 0.028333 0.028750
9 0.066667 0.758750 0.023333 0.025000
9 0.083333 0.754375 0.023333 0.023750
14 0.100000 0.750625 0.023333 0.023750
14 0.115833 0.744375 0.021667 0.023750
9 0.135833 0.744375 0.028333 0.026250
9 0.155000 0.740625 0.030000 0.028750
9 0.221667 0.721875 0.026667 0.026250
14 0.240000 0.717500 0.026667 0.025000
14 0.255833 0.712500 0.025000 0.025000
12 0.273333 0.708125 0.026667 0.026250
9 0.375833 0.696875 0.018333 0.023750
12 0.345833 0.768750 0.041667 0.020000
9 0.351667 0.780625 0.036667 0.018750
9 0.359167 0.789375 0.031667 0.016250
9 0.369167 0.800000 0.035000 0.017500
9 0.375000 0.810625 0.033333 0.016250
9 0.376667 0.822500 0.033333 0.017500
9 0.386667 0.833750 0.036667 0.017500
9 0.392500 0.844375 0.031667 0.018750
14 0.400000 0.854375 0.033333 0.016250
12 0.405000 0.864375 0.043333 0.018750
14 0.415833 0.875625 0.031667 0.016250
14 0.418333 0.888125 0.030000 0.016250
9 0.425000 0.898125 0.030000 0.016250
9 0.428333 0.910000 0.036667 0.017500
12 0.435000 0.920625 0.040000 0.016250
9 0.441667 0.930625 0.033333 0.013750
9 0.447500 0.941875 0.031667 0.016250
14 0.458333 0.951875 0.033333 0.016250
14 0.465833 0.961875 0.028333 0.013750
9 0.470833 0.973750 0.035000 0.017500
9 0.261667 0.802500 0.036667 0.017500
9 0.256667 0.790625 0.033333 0.016250
9 0.265000 0.813125 0.030000 0.016250
14 0.270833 0.824375 0.031667 0.016250
9 0.279167 0.833750 0.031667 0.017500
14 0.280833 0.846250 0.038333 0.020000
9 0.289167 0.856875 0.035000 0.016250
9 0.298333 0.866250 0.033333 0.017500
9 0.306667 0.876875 0.036667 0.018750
14 0.306667 0.889375 0.033333 0.016250
14 0.315833 0.900000 0.035000 0.017500
14 0.323333 0.911250 0.033333 0.015000
14 0.335000 0.920625 0.026667 0.013750
9 0.340833 0.930625 0.035000 0.016250
14 0.346667 0.941250 0.033333 0.017500
12 0.352500 0.953750 0.035000 0.017500
12 0.364167 0.974375 0.045000 0.021250
9 0.371667 0.983750 0.036667 0.015000
14 0.198333 0.803750 0.040000 0.020000
14 0.210833 0.812500 0.028333 0.015000
14 0.220000 0.824375 0.036667 0.018750
9 0.220833 0.835625 0.038333 0.018750
9 0.226667 0.848125 0.036667 0.018750
14 0.240000 0.855625 0.033333 0.016250
9 0.238333 0.868750 0.036667 0.020000
14 0.250833 0.877500 0.031667 0.017500
9 0.256667 0.889375 0.033333 0.016250
9 0.263333 0.899375 0.033333 0.016250
9 0.267500 0.910625 0.031667 0.016250
14 0.274167 0.921250 0.035000 0.017500
9 0.280833 0.932500 0.035000 0.017500
14 0.287500 0.943125 0.031667 0.016250
14 0.295000 0.955000 0.033333 0.017500
14 0.304167 0.964375 0.031667 0.016250
14 0.312500 0.974375 0.031667 0.016250
9 0.314167 0.985625 0.035000 0.016250
12 0.158333 0.827500 0.023333 0.025000
12 0.030833 0.808750 0.031667 0.030000
9 0.109167 0.825625 0.035000 0.016250
9 0.112500 0.836250 0.035000 0.017500
14 0.124167 0.846875 0.035000 0.018750
9 0.130000 0.857500 0.033333 0.017500
12 0.138333 0.866875 0.033333 0.016250
14 0.140833 0.880000 0.035000 0.017500
14 0.161667 0.913125 0.036667 0.021250
12 0.102500 0.908750 0.035000 0.017500
14 0.020833 0.894375 0.025000 0.026250
12 0.036667 0.920625 0.030000 0.031250
12 0.116667 0.930625 0.040000 0.018750
9 0.126667 0.953750 0.036667 0.017500
9 0.135000 0.963125 0.040000 0.018750
14 0.141667 0.974375 0.033333 0.016250
14 0.151667 0.985000 0.033333 0.017500
14 0.197500 0.976250 0.035000 0.020000
9 0.206667 0.987500 0.033333 0.017500
14 0.820833 0.416250 0.031667 0.012500
12 0.933333 0.371250 0.043333 0.025000
12 0.918333 0.453750 0.036667 0.032500
14 0.956667 0.558750 0.026667 0.032500
11 0.985833 0.655625 0.021667 0.028750
9 0.466667 0.738125 0.026667 0.026250
14 0.485000 0.732500 0.026667 0.025000
9 0.502500 0.730000 0.025000 0.025000
9 0.520000 0.728125 0.023333 0.023750
14 0.555000 0.720625 0.023333 0.023750
9 0.573333 0.713750 0.026667 0.027500
14 0.590000 0.710000 0.026667 0.025000
9 0.606667 0.706250 0.026667 0.025000
14 0.622500 0.702500 0.025000 0.025000
9 0.642500 0.697500 0.025000 0.025000
9 0.675833 0.691250 0.025000 0.025000
9 0.694167 0.687500 0.028333 0.027500
9 0.710833 0.681250 0.025000 0.025000
12 0.889167 0.720000 0.031667 0.012500
9 0.894167 0.732500 0.035000 0.012500
9 0.897500 0.753125 0.035000 0.011250
9 0.901667 0.764375 0.030000 0.011250
14 0.908333 0.788125 0.036667 0.013750
9 0.906667 0.801875 0.033333 0.013750
9 0.504167 0.799375 0.025000 0.023750
14 0.520833 0.796250 0.025000 0.025000
9 0.540833 0.795000 0.025000 0.025000
9 0.559167 0.785625 0.025000 0.023750
9 0.575833 0.784375 0.025000 0.023750
9 0.593333 0.783125 0.026667 0.026250
9 0.610000 0.777500 0.026667 0.027500
9 0.627500 0.773750 0.025000 0.025000
12 0.711667 0.750000 0.030000 0.030000
12 0.538333 0.857500 0.030000 0.027500
9 0.555833 0.852500 0.028333 0.027500
14 0.573333 0.847500 0.026667 0.025000
14 0.590833 0.842500 0.025000 0.027500
14 0.607500 0.840000 0.028333 0.027500
9 0.625833 0.832500 0.025000 0.025000
9 0.660833 0.827500 0.028333 0.027500
14 0.695000 0.821875 0.026667 0.026250
14 0.713333 0.815000 0.026667 0.027500
9 0.557500 0.887500 0.028333 0.027500
9 0.575000 0.880625 0.030000 0.026250
9 0.645000 0.866250 0.023333 0.022500
9 0.694167 0.852500 0.025000 0.025000
9 0.712500 0.850625 0.028333 0.026250
9 0.730000 0.842500 0.026667 0.025000
9 0.765000 0.837500 0.026667 0.025000
14 0.785000 0.835000 0.023333 0.025000
14 0.916667 0.846875 0.033333 0.011250
12 0.918333 0.870000 0.040000 0.017500
9 0.925000 0.890625 0.036667 0.013750
9 0.925833 0.901875 0.035000 0.011250
14 0.929167 0.925000 0.038333 0.012500
12 0.622500 0.931250 0.025000 0.025000
14 0.607500 0.971250 0.021667 0.025000
9 0.660000 0.960000 0.026667 0.027500
9 0.678333 0.955625 0.026667 0.026250
9 0.730833 0.943750 0.025000 0.025000
14 0.782500 0.931875 0.025000 0.023750
14 0.930000 0.937500 0.030000 0.010000
14 0.888333 0.971250 0.026667 0.025000