35 0.567500 0.952500 0.093000 0.095000
11 0.930500 0.455500 0.037000 0.027000
11 0.906000 0.425500 0.038000 0.029000
9 0.047000 0.760500 0.018000 0.013000
14 0.150000 0.914000 0.020000 0.016000
12 0.845500 0.060500 0.017000 0.021000
12 0.898500 0.126500 0.023000 0.017000
9 0.941500 0.190000 0.021000 0.016000
9 0.867500 0.382000 0.019000 0.014000
9 0.966000 0.491500 0.022000 0.017000
9 0.757000 0.443500 0.018000 0.015000
14 0.674500 0.238500 0.017000 0.007000
14 0.671500 0.247500 0.023000 0.007000
30 0.436000 0.088500 0.170000 0.167000
14 0.569000 0.222500 0.010000 0.017000
14 0.452500 0.364500 0.017000 0.019000
12 0.510000 0.358000 0.022000 0.012000
14 0.451000 0.386000 0.020000 0.016000
14 0.493000 0.488500 0.020000 0.013000
12 0.660500 0.463500 0.023000 0.025000
9 0.680000 0.462500 0.016000 0.019000
12 0.734500 0.496500 0.019000 0.021000
14 0.783500 0.505500 0.017000 0.013000
9 0.766500 0.515000 0.015000 0.012000
14 0.785000 0.561000 0.016000 0.016000
9 0.735000 0.562000 0.024000 0.026000
9 0.512000 0.659000 0.014000 0.012000
9 0.495000 0.667500 0.018000 0.013000
9 0.176000 0.466000 0.018000 0.016000
14 0.194500 0.462500 0.007000 0.015000
14 0.221000 0.480000 0.018000 0.006000
14 0.243000 0.480000 0.018000 0.006000
14 0.110000 0.531000 0.024000 0.008000
14 0.194000 0.558500 0.018000 0.015000
12 0.159000 0.596000 0.022000 0.018000
14 0.279500 0.524500 0.011000 0.015000
9 0.275500 0.545000 0.009000 0.018000
9 0.281500 0.564000 0.015000 0.018000
9 0.292000 0.579000 0.016000 0.018000
9 0.306500 0.597500 0.015000 0.017000
9 0.299500 0.642500 0.015000 0.017000
9 0.339000 0.744500 0.018000 0.015000
14 0.340500 0.639000 0.013000 0.014000
9 0.826500 0.703000 0.019000 0.022000
12 0.762500 0.778500 0.021000 0.023000
14 0.651000 0.897500 0.018000 0.013000
14 0.537000 0.885500 0.016000 0.019000
9 0.416500 0.736500 0.017000 0.019000
9 0.368500 0.755500 0.021000 0.017000
9 0.350000 0.765000 0.020000 0.016000
11 0.224500 0.961500 0.025000 0.029000
11 0.241000 0.984000 0.026000 0.024000
12 0.047500 0.829500 0.017000 0.021000
30 0.049500 0.122000 0.099000 0.134000