30 0.449500 0.823500 0.149000 0.111000
32 0.638500 0.074500 0.443000 0.149000
30 0.511500 0.116000 0.207000 0.162000
14 0.170000 0.974000 0.010000 0.016000
9 0.328500 0.964000 0.009000 0.016000
9 0.328000 0.986500 0.012000 0.019000
14 0.436500 0.959500 0.019000 0.019000
9 0.455000 0.961500 0.012000 0.021000
14 0.815000 0.982000 0.010000 0.016000
14 0.900000 0.964000 0.012000 0.018000
14 0.981500 0.906500 0.019000 0.007000
9 0.958500 0.068500 0.021000 0.009000
32 0.673500 0.420000 0.531000 0.244000
14 0.169000 0.990000 0.010000 0.016000