9 0.753500 0.455000 0.021000 0.012000
14 0.728500 0.460500 0.021000 0.011000
9 0.732500 0.472000 0.023000 0.012000
14 0.757000 0.466000 0.020000 0.010000
9 0.762500 0.472500 0.021000 0.013000
9 0.737500 0.479500 0.021000 0.011000
9 0.743000 0.495500 0.022000 0.011000
9 0.772000 0.508000 0.024000 0.012000
9 0.774500 0.517000 0.021000 0.010000
9 0.748500 0.513500 0.021000 0.011000
9 0.754500 0.538500 0.023000 0.009000
9 0.776000 0.526000 0.024000 0.012000
9 0.779000 0.534500 0.024000 0.011000
9 0.781500 0.543500 0.019000 0.011000
9 0.763000 0.572000 0.020000 0.010000
9 0.787500 0.569000 0.023000 0.010000
9 0.791000 0.586500 0.020000 0.009000
14 0.769500 0.597000 0.021000 0.008000
14 0.794000 0.604000 0.020000 0.010000
9 0.795500 0.622500 0.019000 0.007000
14 0.772500 0.633000 0.021000 0.006000
14 0.796000 0.631500 0.020000 0.007000
14 0.797500 0.640500 0.023000 0.007000
9 0.775500 0.650000 0.021000 0.006000
9 0.775500 0.667500 0.023000 0.007000
9 0.799000 0.666500 0.020000 0.007000
9 0.777500 0.676000 0.021000 0.008000
9 0.802500 0.684000 0.021000 0.008000
9 0.801500 0.702500 0.021000 0.007000
14 0.777000 0.703000 0.020000 0.008000
9 0.777500 0.720000 0.019000 0.006000
14 0.801000 0.719500 0.018000 0.007000
11 0.803000 0.729000 0.022000 0.008000
14 0.801500 0.738500 0.017000 0.007000
14 0.800500 0.747000 0.021000 0.008000
14 0.666000 0.512000 0.022000 0.010000
14 0.670000 0.521000 0.020000 0.010000
14 0.663500 0.504000 0.025000 0.010000
14 0.689000 0.498000 0.024000 0.012000
14 0.692000 0.518000 0.020000 0.010000
14 0.672000 0.538500 0.022000 0.011000
14 0.676500 0.548000 0.023000 0.010000
9 0.679500 0.556500 0.021000 0.009000
14 0.682000 0.564500 0.020000 0.009000
14 0.682000 0.574000 0.022000 0.008000
14 0.684000 0.582500 0.022000 0.009000
14 0.711000 0.597000 0.020000 0.008000
9 0.689500 0.608000 0.021000 0.008000
14 0.694000 0.634000 0.018000 0.008000
9 0.693000 0.625500 0.022000 0.007000
9 0.715000 0.623500 0.020000 0.007000
9 0.716500 0.632000 0.021000 0.008000
14 0.697000 0.660500 0.022000 0.007000
9 0.720500 0.668500 0.023000 0.007000
14 0.697000 0.695500 0.020000 0.007000
14 0.696000 0.686500 0.020000 0.007000
9 0.721000 0.695000 0.020000 0.006000
9 0.721000 0.704500 0.022000 0.007000
14 0.697000 0.722500 0.018000 0.007000
14 0.816500 0.457500 0.021000 0.011000
14 0.823000 0.474000 0.020000 0.012000
9 0.833000 0.508000 0.020000 0.010000
9 0.831000 0.499500 0.020000 0.011000
9 0.835500 0.525000 0.019000 0.010000
9 0.845500 0.551500 0.021000 0.009000
14 0.846500 0.568500 0.021000 0.009000
14 0.849500 0.577000 0.019000 0.008000
14 0.852000 0.595500 0.022000 0.009000
9 0.856000 0.613000 0.022000 0.008000
14 0.857000 0.621500 0.020000 0.009000
14 0.860000 0.664500 0.020000 0.007000
14 0.858500 0.682500 0.019000 0.007000
14 0.860000 0.691500 0.020000 0.007000
9 0.863000 0.736000 0.024000 0.008000
9 0.602000 0.510500 0.022000 0.013000
14 0.608000 0.519500 0.020000 0.013000
9 0.573000 0.527500 0.022000 0.013000
9 0.569500 0.518000 0.021000 0.012000
9 0.566500 0.510500 0.021000 0.013000
14 0.599000 0.502000 0.020000 0.014000
9 0.614000 0.537000 0.022000 0.012000
9 0.578500 0.544500 0.021000 0.011000
14 0.617500 0.554500 0.017000 0.009000
9 0.582000 0.562000 0.024000 0.010000
14 0.621500 0.563000 0.021000 0.010000
14 0.586500 0.579500 0.023000 0.011000
9 0.621500 0.572000 0.023000 0.010000
14 0.628000 0.615500 0.022000 0.009000
14 0.631000 0.641500 0.022000 0.007000
10 0.596500 0.641500 0.021000 0.007000
9 0.599000 0.668000 0.022000 0.008000
14 0.638000 0.677000 0.020000 0.008000
14 0.602500 0.686000 0.021000 0.008000
14 0.636000 0.685000 0.020000 0.008000
9 0.637500 0.703000 0.021000 0.008000
9 0.501000 0.575000 0.024000 0.010000
9 0.505000 0.584000 0.022000 0.010000
9 0.504500 0.592500 0.023000 0.009000
9 0.508000 0.601000 0.022000 0.010000
9 0.518500 0.543500 0.021000 0.013000
14 0.514500 0.626500 0.019000 0.007000
14 0.535500 0.624500 0.019000 0.007000
14 0.537500 0.633500 0.019000 0.009000
14 0.515000 0.635500 0.018000 0.007000
14 0.516000 0.644000 0.020000 0.008000
14 0.516500 0.654000 0.021000 0.008000
14 0.515000 0.662500 0.022000 0.007000
9 0.540000 0.652000 0.020000 0.008000
9 0.515000 0.688000 0.024000 0.008000
11 0.543500 0.705500 0.023000 0.007000
12 0.544500 0.724000 0.025000 0.008000
9 0.517500 0.733000 0.021000 0.008000
9 0.430000 0.538500 0.020000 0.013000
14 0.409000 0.551500 0.022000 0.013000
14 0.428500 0.612000 0.021000 0.010000
14 0.430000 0.621000 0.020000 0.008000
9 0.454000 0.637000 0.022000 0.008000
9 0.431500 0.656500 0.023000 0.007000
14 0.460500 0.672500 0.021000 0.007000
14 0.435000 0.674000 0.022000 0.008000
9 0.435000 0.683000 0.024000 0.008000
14 0.460500 0.691000 0.021000 0.008000
14 0.438000 0.700500 0.020000 0.007000
14 0.461000 0.700500 0.022000 0.007000
14 0.461500 0.709000 0.021000 0.008000
9 0.435000 0.718500 0.022000 0.007000
9 0.460000 0.727500 0.020000 0.007000
14 0.007500 0.195000 0.015000 0.018000
14 0.026500 0.184000 0.021000 0.022000
14 0.036000 0.180500 0.020000 0.021000
9 0.044500 0.174000 0.019000 0.020000
9 0.030500 0.748500 0.015000 0.017000
9 0.063000 0.759000 0.016000 0.020000
9 0.029000 0.816500 0.014000 0.019000
9 0.041000 0.821000 0.014000 0.020000
9 0.053000 0.824000 0.014000 0.018000
9 0.064500 0.827000 0.015000 0.018000
9 0.086500 0.835000 0.013000 0.018000
11 0.381000 0.205500 0.016000 0.009000
9 0.465500 0.061500 0.023000 0.009000
9 0.230500 0.800500 0.011000 0.017000
9 0.244000 0.802500 0.012000 0.019000
9 0.255000 0.803000 0.010000 0.018000
9 0.265000 0.804000 0.008000 0.014000
14 0.291000 0.807500 0.010000 0.017000
9 0.314500 0.805500 0.009000 0.015000
9 0.371500 0.806000 0.009000 0.016000
9 0.383500 0.806500 0.011000 0.017000
14 0.394500 0.805000 0.011000 0.018000
9 0.431000 0.806000 0.010000 0.018000
9 0.509000 0.803000 0.010000 0.018000
9 0.546500 0.803500 0.009000 0.017000
9 0.591500 0.800000 0.009000 0.016000
13 0.603500 0.804000 0.007000 0.014000
14 0.568500 0.803500 0.009000 0.017000
9 0.719500 0.797500 0.009000 0.017000
9 0.767000 0.801000 0.008000 0.016000
14 0.754000 0.800000 0.010000 0.016000
14 0.823500 0.797500 0.007000 0.013000
9 0.834500 0.797000 0.009000 0.016000
14 0.856500 0.772500 0.019000 0.007000
14 0.858000 0.763000 0.018000 0.006000
14 0.859000 0.752500 0.020000 0.007000
9 0.011500 0.560500 0.021000 0.011000
9 0.091000 0.549500 0.022000 0.013000
9 0.065000 0.547500 0.022000 0.013000
9 0.088000 0.540000 0.022000 0.012000
9 0.081500 0.522000 0.025000 0.016000
9 0.056000 0.531000 0.020000 0.012000
14 0.062000 0.482500 0.024000 0.013000
14 0.041500 0.497000 0.023000 0.014000
14 0.046000 0.505500 0.022000 0.013000
9 0.070500 0.498000 0.021000 0.012000
9 0.073500 0.506000 0.023000 0.014000
12 0.014000 0.373000 0.028000 0.016000
9 0.065500 0.361000 0.023000 0.014000
14 0.074500 0.387000 0.027000 0.014000
14 0.108500 0.397500 0.027000 0.015000
14 0.079500 0.404000 0.027000 0.014000
14 0.122000 0.431500 0.024000 0.015000
14 0.120500 0.485000 0.029000 0.016000
9 0.140500 0.526500 0.023000 0.013000
11 0.151000 0.549500 0.030000 0.017000
14 0.039000 0.657500 0.020000 0.009000
9 0.043000 0.667000 0.022000 0.008000
9 0.105000 0.658500 0.020000 0.007000
14 0.132500 0.713500 0.019000 0.007000
9 0.134000 0.693500 0.022000 0.007000
9 0.129000 0.655000 0.020000 0.010000
9 0.129000 0.664500 0.020000 0.011000
9 0.122500 0.626500 0.021000 0.011000
9 0.190000 0.674500 0.022000 0.009000
14 0.212000 0.672000 0.020000 0.008000
14 0.216500 0.726500 0.019000 0.007000
14 0.216000 0.690000 0.022000 0.008000
9 0.192500 0.718000 0.021000 0.006000
14 0.264500 0.750500 0.021000 0.007000
9 0.291500 0.742000 0.025000 0.008000
9 0.271500 0.732500 0.021000 0.007000
14 0.296000 0.733000 0.022000 0.006000
14 0.271500 0.725000 0.021000 0.006000
9 0.296500 0.714000 0.021000 0.008000
14 0.297000 0.705500 0.018000 0.005000
9 0.295000 0.687500 0.020000 0.007000
14 0.295500 0.678500 0.019000 0.007000
9 0.269000 0.653500 0.022000 0.009000
9 0.263500 0.627500 0.023000 0.009000
9 0.288000 0.623000 0.020000 0.008000
9 0.262500 0.609500 0.021000 0.011000
9 0.285500 0.604500 0.023000 0.013000
9 0.278500 0.576000 0.023000 0.014000
9 0.378000 0.730500 0.020000 0.007000
9 0.353500 0.730000 0.019000 0.006000
9 0.355000 0.703500 0.022000 0.007000
14 0.354500 0.676500 0.023000 0.007000
9 0.353500 0.686500 0.023000 0.007000
14 0.348500 0.641500 0.023000 0.009000
14 0.373500 0.629500 0.023000 0.009000
9 0.347500 0.634000 0.025000 0.010000
14 0.366500 0.612000 0.019000 0.010000
14 0.365000 0.592500 0.020000 0.011000
9 0.368000 0.602500 0.022000 0.011000
9 0.345000 0.607000 0.024000 0.010000
14 0.340500 0.598000 0.023000 0.012000
9 0.337500 0.588500 0.023000 0.011000
9 0.434500 0.735000 0.021000 0.008000