7 0.254000 0.024000 0.052000 0.042000
7 0.265500 0.020000 0.051000 0.040000
7 0.345000 0.036500 0.050000 0.043000
7 0.286500 0.194500 0.069000 0.057000
7 0.334000 0.144500 0.072000 0.045000
7 0.407000 0.106500 0.060000 0.039000
7 0.461500 0.101500 0.033000 0.021000
7 0.482500 0.102500 0.089000 0.055000
7 0.512500 0.105500 0.049000 0.031000
1 0.526500 0.109000 0.029000 0.018000
7 0.581500 0.130000 0.047000 0.038000
7 0.588000 0.175500 0.084000 0.049000
7 0.585000 0.104000 0.142000 0.116000
7 0.614000 0.102500 0.064000 0.053000
7 0.675000 0.174500 0.054000 0.047000
7 0.675000 0.198500 0.060000 0.051000
7 0.698500 0.244500 0.061000 0.039000
7 0.715000 0.255000 0.060000 0.040000
7 0.735000 0.215500 0.068000 0.055000
7 0.636000 0.397000 0.078000 0.058000
3 0.673000 0.008500 0.024000 0.017000
7 0.354500 0.018500 0.047000 0.037000
4 0.623500 0.174000 0.031000 0.018000