9 0.434167 0.259375 0.031667 0.011250
9 0.500833 0.278125 0.035000 0.008750
14 0.445833 0.386250 0.045000 0.012500
9 0.501667 0.383125 0.036667 0.011250
14 0.021667 0.240625 0.036667 0.016250
14 0.045833 0.275000 0.041667 0.012500
14 0.057500 0.286875 0.038333 0.013750
9 0.062500 0.298750 0.031667 0.012500
9 0.062500 0.341250 0.038333 0.010000
9 0.060000 0.358125 0.036667 0.011250
9 0.060000 0.374375 0.036667 0.011250
9 0.059167 0.388750 0.038333 0.012500
14 0.055833 0.407500 0.038333 0.012500
9 0.044167 0.456875 0.051667 0.013750
9 0.053333 0.843125 0.040000 0.011250
9 0.019167 0.767500 0.038333 0.010000
9 0.381667 0.760625 0.033333 0.026250
11 0.305833 0.850625 0.045000 0.031250
9 0.330833 0.828750 0.035000 0.007500
9 0.400000 0.826250 0.043333 0.012500
9 0.532500 0.891875 0.038333 0.008750
11 0.645000 0.692500 0.020000 0.032500
9 0.711667 0.823125 0.040000 0.011250
9 0.921667 0.440625 0.033333 0.008750
14 0.834167 0.440000 0.035000 0.010000
9 0.980833 0.406250 0.015000 0.022500