30 0.060500 0.402000 0.121000 0.130000
14 0.031500 0.015500 0.019000 0.007000
14 0.177000 0.167500 0.010000 0.013000
9 0.362500 0.693500 0.011000 0.015000
14 0.195000 0.784000 0.024000 0.014000
14 0.845000 0.701000 0.026000 0.014000
9 0.830000 0.674500 0.016000 0.009000
12 0.983000 0.617500 0.020000 0.011000
9 0.990500 0.557000 0.019000 0.010000
9 0.986000 0.547500 0.018000 0.009000
14 0.614500 0.427500 0.015000 0.017000
14 0.635000 0.420500 0.014000 0.017000
14 0.658500 0.267500 0.019000 0.013000
14 0.662500 0.260000 0.017000 0.012000
14 0.915500 0.098000 0.021000 0.018000
12 0.908000 0.105000 0.024000 0.018000
9 0.774000 0.121000 0.022000 0.016000
14 0.748000 0.067000 0.020000 0.016000
9 0.538500 0.157000 0.017000 0.014000
9 0.822000 0.022500 0.020000 0.021000
9 0.362000 0.106000 0.022000 0.014000
14 0.237500 0.024500 0.011000 0.017000
14 0.251000 0.022500 0.014000 0.017000
9 0.244000 0.007000 0.014000 0.014000
14 0.232500 0.008500 0.013000 0.017000
9 0.583000 0.685500 0.024000 0.011000
9 0.557500 0.609000 0.023000 0.012000