14 0.083500 0.200500 0.019000 0.017000
14 0.023000 0.224500 0.018000 0.007000
14 0.077500 0.774500 0.011000 0.017000
9 0.123000 0.774500 0.008000 0.017000
14 0.158000 0.776500 0.008000 0.015000
14 0.172000 0.778000 0.008000 0.016000
14 0.184000 0.778500 0.008000 0.017000
14 0.197000 0.834500 0.008000 0.015000
14 0.223500 0.835000 0.009000 0.018000
14 0.240500 0.836000 0.009000 0.014000
14 0.255000 0.836500 0.010000 0.019000
9 0.230500 0.882000 0.011000 0.018000
9 0.219000 0.884000 0.012000 0.020000
14 0.204500 0.881500 0.011000 0.021000
14 0.191500 0.882500 0.009000 0.019000
14 0.180500 0.882500 0.009000 0.015000
14 0.164500 0.871000 0.009000 0.014000
14 0.153500 0.871500 0.011000 0.015000
14 0.141500 0.869000 0.009000 0.016000
14 0.128500 0.870000 0.009000 0.016000
14 0.115000 0.877000 0.010000 0.018000
14 0.103000 0.875000 0.008000 0.018000
30 0.719000 0.724500 0.118000 0.091000