7 0.219750 0.403000 0.038500 0.045000
7 0.214500 0.378750 0.025000 0.022500
7 0.218000 0.367500 0.036000 0.035000
5 0.241250 0.390750 0.024500 0.027500
2 0.235000 0.371500 0.022000 0.021000
5 0.229500 0.356500 0.032000 0.025000
5 0.244750 0.351750 0.031500 0.023500
7 0.220250 0.337000 0.014500 0.012000
5 0.225500 0.332750 0.023000 0.020500
7 0.240250 0.335500 0.014500 0.009000
7 0.231000 0.324500 0.017000 0.013000
7 0.236500 0.316750 0.030000 0.021500
7 0.240750 0.308000 0.031500 0.021000
7 0.240750 0.298000 0.018500 0.015000
7 0.240750 0.291750 0.011500 0.008500
7 0.250250 0.298250 0.010500 0.010500
5 0.250750 0.287750 0.029500 0.024500
7 0.255000 0.278000 0.025000 0.019000
5 0.263000 0.271000 0.029000 0.023000
5 0.268500 0.260750 0.030000 0.023500
7 0.292000 0.263500 0.025000 0.018000
7 0.298750 0.257250 0.028500 0.021500
7 0.288500 0.227500 0.037000 0.027000
7 0.287750 0.215750 0.024500 0.018500
7 0.292500 0.206750 0.026000 0.021500
7 0.346000 0.177000 0.024000 0.018000
5 0.356000 0.192500 0.024000 0.018000
7 0.363000 0.188500 0.015000 0.010000
7 0.357000 0.174250 0.031000 0.021500
7 0.311750 0.169000 0.021500 0.016000
7 0.325500 0.166250 0.025000 0.019500
7 0.327500 0.154750 0.039000 0.027500
7 0.357000 0.167000 0.015000 0.011000
7 0.353250 0.157000 0.027500 0.021000
7 0.323000 0.140750 0.021000 0.016500
7 0.309500 0.157250 0.013000 0.012500
7 0.336500 0.148750 0.015000 0.013500
7 0.329500 0.136750 0.023000 0.014500
5 0.335000 0.181500 0.025000 0.019000
7 0.330000 0.190750 0.025000 0.019500
5 0.337000 0.130250 0.028000 0.023500
7 0.357750 0.139750 0.019500 0.014500
7 0.349500 0.123750 0.048000 0.033500
7 0.351750 0.112500 0.031500 0.023000
7 0.380250 0.132750 0.034500 0.028500
5 0.397750 0.132500 0.025500 0.021000
2 0.382500 0.101750 0.025000 0.016500
7 0.391500 0.032000 0.024000 0.018000
7 0.396500 0.025000 0.024000 0.019000
7 0.393750 0.016750 0.012500 0.008500
7 0.395750 0.014000 0.013500 0.010000
7 0.401750 0.010500 0.023500 0.021000
7 0.411500 0.008750 0.016000 0.011500
7 0.400750 0.003000 0.009500 0.006000
5 0.373250 0.060000 0.026500 0.024000
7 0.366750 0.064250 0.011500 0.009500
7 0.369750 0.084250 0.042500 0.024500
2 0.386250 0.079750 0.017500 0.009500
2 0.364750 0.072000 0.022500 0.012000
7 0.368750 0.153250 0.036500 0.022500
7 0.382500 0.144250 0.021000 0.017500
7 0.314500 0.224250 0.031000 0.021500
7 0.359500 0.204750 0.039000 0.027500
7 0.303000 0.185500 0.025000 0.024000
7 0.298250 0.193750 0.022500 0.022500
7 0.328500 0.218000 0.013000 0.008000
7 0.325500 0.211750 0.018000 0.011500
7 0.323000 0.199500 0.021000 0.019000
2 0.313250 0.205000 0.009500 0.015000
2 0.306750 0.229000 0.021500 0.013000
2 0.314750 0.237250 0.018500 0.010500
2 0.321000 0.245500 0.015000 0.011000
2 0.319250 0.250500 0.021500 0.017000
7 0.308750 0.252000 0.032500 0.026000
7 0.339000 0.272750 0.039000 0.031500
7 0.296000 0.275500 0.027000 0.013000
7 0.319750 0.281250 0.023500 0.016500
7 0.300000 0.286000 0.042000 0.017000
7 0.296750 0.295250 0.022500 0.011500
5 0.321500 0.301250 0.026000 0.015500
7 0.564500 0.035500 0.019000 0.026000
7 0.511000 0.128500 0.041000 0.055000
7 0.830000 0.462750 0.056000 0.041500
7 0.684500 0.635500 0.056000 0.041000
7 0.321750 0.656750 0.055500 0.086500
6 0.563500 0.911000 0.073000 0.047000
2 0.193500 0.676500 0.019000 0.025000
2 0.220250 0.577750 0.019500 0.025500
35 0.080500 0.030750 0.030000 0.028500
35 0.245000 0.117750 0.023000 0.022500
35 0.138750 0.316500 0.023500 0.022000
35 0.864500 0.206250 0.028000 0.026500
35 0.959000 0.021500 0.036000 0.038000
35 0.794750 0.975500 0.039500 0.042000