12 0.321875 0.505000 0.016250 0.036667
9 0.358750 0.505833 0.015000 0.028333
14 0.294375 0.429167 0.013750 0.025000
14 0.275625 0.429167 0.013750 0.028333
14 0.326875 0.328333 0.018750 0.033333
12 0.278125 0.345833 0.021250 0.028333
14 0.414375 0.292500 0.011250 0.028333
12 0.451250 0.240000 0.015000 0.036667
11 0.431875 0.221667 0.016250 0.036667
12 0.490000 0.195833 0.030000 0.028333
12 0.315000 0.152500 0.015000 0.035000
14 0.243125 0.034167 0.028750 0.011667
12 0.779375 0.355000 0.036250 0.016667
30 0.086250 0.060000 0.172500 0.120000