14 0.957000 0.856000 0.020000 0.014000
9 0.911000 0.666000 0.014000 0.020000
14 0.717000 0.833000 0.016000 0.020000
9 0.698500 0.837500 0.019000 0.019000
9 0.685500 0.859500 0.011000 0.019000
9 0.781000 0.689000 0.016000 0.020000
12 0.750500 0.573500 0.019000 0.025000
14 0.721000 0.589500 0.014000 0.019000
9 0.595500 0.994000 0.021000 0.012000
9 0.587000 0.978500 0.022000 0.013000
14 0.580500 0.961500 0.019000 0.013000
9 0.450500 0.899000 0.021000 0.016000
14 0.433000 0.882000 0.022000 0.018000
9 0.472000 0.823000 0.016000 0.018000
14 0.312000 0.830500 0.016000 0.021000
9 0.067000 0.902500 0.020000 0.025000
9 0.010000 0.898500 0.020000 0.009000
35 0.055500 0.859500 0.059000 0.063000
9 0.355500 0.506000 0.015000 0.022000
9 0.224500 0.488000 0.015000 0.020000
9 0.577000 0.719500 0.018000 0.021000
9 0.556000 0.723000 0.018000 0.022000
14 0.577000 0.653000 0.016000 0.020000
14 0.588500 0.649000 0.015000 0.018000
9 0.941500 0.469000 0.021000 0.016000
12 0.994000 0.413000 0.012000 0.022000
14 0.923000 0.425000 0.020000 0.016000
35 0.829000 0.336500 0.056000 0.035000
9 0.705500 0.507000 0.021000 0.012000
30 0.142000 0.171500 0.136000 0.119000
30 0.640000 0.085500 0.152000 0.139000
33 0.205000 0.343500 0.106000 0.055000
33 0.215000 0.389500 0.104000 0.055000
9 0.182000 0.061500 0.024000 0.011000
9 0.348000 0.030500 0.020000 0.011000
9 0.130000 0.072000 0.024000 0.012000
9 0.270500 0.012500 0.019000 0.009000
9 0.607500 0.020500 0.025000 0.013000
35 0.950000 0.729500 0.048000 0.045000