2 0.032500 0.431875 0.065000 0.038750
2 0.027500 0.420625 0.055000 0.033750
2 0.024167 0.408750 0.048333 0.030000
2 0.144167 0.548750 0.055000 0.040000
2 0.139167 0.540625 0.041667 0.031250
2 0.148333 0.560625 0.050000 0.033750
2 0.152500 0.567500 0.045000 0.027500
2 0.197500 0.553750 0.055000 0.050000
2 0.210833 0.552500 0.041667 0.037500
2 0.213333 0.545625 0.026667 0.023750
2 0.175833 0.580625 0.045000 0.026250
2 0.180833 0.586250 0.045000 0.025000
2 0.185000 0.592500 0.053333 0.030000
2 0.189167 0.597500 0.028333 0.017500
2 0.473333 0.699375 0.076667 0.063750
2 0.490000 0.692500 0.073333 0.062500
2 0.498333 0.681250 0.076667 0.062500
2 0.508333 0.670625 0.066667 0.056250
2 0.644167 0.830625 0.041667 0.033750