12 0.173500 0.788500 0.025000 0.019000
10 0.161500 0.808000 0.029000 0.032000
10 0.204500 0.872500 0.035000 0.025000
10 0.179500 0.836500 0.039000 0.017000
13 0.034000 0.927500 0.014000 0.019000
13 0.047000 0.952000 0.020000 0.024000
13 0.057500 0.976500 0.021000 0.021000
31 0.956000 0.944500 0.088000 0.111000
12 0.184500 0.931000 0.021000 0.026000
10 0.165500 0.907000 0.025000 0.030000
11 0.092000 0.846000 0.034000 0.028000
14 0.115000 0.829500 0.018000 0.017000
10 0.112500 0.865000 0.029000 0.034000
12 0.098000 0.884000 0.030000 0.014000
10 0.128500 0.880500 0.025000 0.029000
11 0.145500 0.895500 0.021000 0.029000
11 0.124500 0.938000 0.023000 0.018000
13 0.190500 0.856500 0.023000 0.015000
10 0.030000 0.510500 0.036000 0.027000
32 0.778000 0.721500 0.444000 0.513000
32 0.492000 0.411000 0.498000 0.426000
32 0.171000 0.183500 0.276000 0.217000