30 0.786000 0.254000 0.152000 0.116000
9 0.932500 0.977500 0.027000 0.019000
9 0.899000 0.984500 0.026000 0.019000
9 0.858500 0.957000 0.029000 0.020000
14 0.876000 0.934000 0.028000 0.020000
9 0.715000 0.985500 0.024000 0.011000
9 0.763500 0.910500 0.033000 0.025000
14 0.759000 0.917500 0.028000 0.021000
14 0.796500 0.873500 0.031000 0.023000
9 0.735000 0.869000 0.030000 0.020000
9 0.708000 0.867500 0.026000 0.019000
9 0.692500 0.883000 0.029000 0.020000
9 0.678500 0.895500 0.029000 0.021000
9 0.701000 0.793000 0.032000 0.024000
9 0.820500 0.765000 0.031000 0.022000
9 0.930500 0.739000 0.027000 0.020000
9 0.938500 0.623000 0.017000 0.022000
9 0.571500 0.969500 0.029000 0.021000
9 0.414000 0.905000 0.030000 0.022000
9 0.382000 0.892000 0.030000 0.022000
9 0.357000 0.882000 0.026000 0.020000
9 0.327000 0.870500 0.026000 0.019000
33 0.079000 0.937500 0.102000 0.091000
33 0.265500 0.674000 0.103000 0.092000
33 0.326000 0.699000 0.102000 0.090000
33 0.386000 0.723500 0.102000 0.089000
33 0.446500 0.747500 0.101000 0.091000
9 0.064500 0.737000 0.129000 0.096000
33 0.033500 0.914000 0.067000 0.084000
33 0.143000 0.959500 0.098000 0.081000
33 0.207000 0.971500 0.090000 0.057000