14 0.072500 0.565625 0.015000 0.018750
14 0.160833 0.565000 0.015000 0.022500
9 0.199167 0.568125 0.018333 0.023750
9 0.168333 0.511250 0.016667 0.022500
9 0.148333 0.488125 0.013333 0.016250
14 0.042500 0.431875 0.011667 0.018750
14 0.157500 0.463750 0.025000 0.007500
9 0.209167 0.510000 0.015000 0.020000
14 0.232500 0.508750 0.015000 0.020000
14 0.270000 0.508750 0.013333 0.020000
14 0.127500 0.430000 0.015000 0.022500
9 0.249167 0.486875 0.011667 0.018750
9 0.270000 0.486250 0.013333 0.017500
14 0.230000 0.431875 0.020000 0.021250
14 0.482500 0.561875 0.035000 0.008750
9 0.415833 0.508125 0.011667 0.018750
14 0.520000 0.506875 0.013333 0.021250
9 0.613333 0.559375 0.013333 0.018750
9 0.582500 0.503125 0.011667 0.016250
14 0.643333 0.501250 0.013333 0.020000
14 0.665000 0.502500 0.013333 0.020000
9 0.640000 0.478750 0.013333 0.020000
9 0.623333 0.480000 0.013333 0.020000
9 0.430000 0.385625 0.026667 0.021250
9 0.451667 0.381250 0.026667 0.020000
9 0.475833 0.381875 0.035000 0.023750
9 0.496667 0.378750 0.030000 0.022500
9 0.518333 0.377500 0.030000 0.020000
14 0.595000 0.380625 0.026667 0.021250
14 0.615000 0.378750 0.030000 0.022500
14 0.639167 0.377500 0.031667 0.025000
9 0.688333 0.377500 0.026667 0.022500
9 0.707500 0.423750 0.021667 0.022500
14 0.761667 0.376875 0.026667 0.018750
9 0.782500 0.373750 0.025000 0.020000
9 0.746667 0.424375 0.013333 0.018750
13 0.871667 0.416250 0.013333 0.015000
9 0.891667 0.416875 0.013333 0.018750
9 0.934167 0.419375 0.015000 0.021250
14 0.952500 0.416875 0.015000 0.018750
14 0.975000 0.415625 0.016667 0.018750
14 0.994167 0.417500 0.011667 0.020000
9 0.900000 0.373125 0.026667 0.021250
30 0.772500 0.756875 0.331667 0.196250