9 0.669000 0.511500 0.020000 0.015000
9 0.664000 0.504000 0.022000 0.016000
14 0.658500 0.495500 0.021000 0.015000
14 0.653500 0.488500 0.019000 0.013000
14 0.648500 0.480500 0.019000 0.015000
14 0.708500 0.508000 0.017000 0.014000
14 0.688500 0.473000 0.019000 0.020000
14 0.680500 0.465000 0.021000 0.016000
14 0.668500 0.551000 0.017000 0.020000
14 0.680000 0.568500 0.016000 0.021000
14 0.694000 0.590000 0.018000 0.022000
14 0.709000 0.578000 0.016000 0.018000
14 0.741000 0.665000 0.016000 0.020000
14 0.752500 0.681500 0.015000 0.017000
14 0.789500 0.736000 0.013000 0.016000
14 0.764500 0.701500 0.015000 0.017000
14 0.818500 0.780000 0.013000 0.016000
14 0.809000 0.768000 0.012000 0.014000
14 0.849500 0.773500 0.015000 0.017000
14 0.021000 0.313000 0.008000 0.014000
11 0.553000 0.028500 0.080000 0.057000