19 0.936000 0.673500 0.060000 0.061000
19 0.870000 0.733000 0.062000 0.062000
19 0.818000 0.767500 0.060000 0.061000
19 0.869000 0.854000 0.062000 0.060000
19 0.731000 0.824000 0.060000 0.060000
19 0.686000 0.849500 0.064000 0.065000
26 0.567000 0.817000 0.070000 0.066000
24 0.540500 0.771500 0.065000 0.063000
26 0.473500 0.671500 0.071000 0.067000
25 0.440000 0.628000 0.062000 0.062000
25 0.416000 0.582000 0.064000 0.062000
31 0.043000 0.625500 0.028000 0.031000
31 0.062000 0.614000 0.028000 0.032000
31 0.081500 0.600500 0.029000 0.033000
35 0.199000 0.073500 0.050000 0.043000
35 0.268500 0.178500 0.055000 0.055000
35 0.439000 0.432000 0.066000 0.062000