8 0.131500 0.374000 0.167000 0.024000
8 0.335500 0.374500 0.171000 0.025000
8 0.335000 0.399000 0.170000 0.024000
4 0.823500 0.437000 0.067000 0.016000
4 0.889500 0.439500 0.063000 0.011000
4 0.839000 0.448000 0.048000 0.010000
8 0.948000 0.545000 0.100000 0.032000
8 0.950000 0.520000 0.100000 0.032000
31 0.617500 0.179500 0.029000 0.017000
31 0.131500 0.231000 0.019000 0.032000
31 0.152000 0.230000 0.018000 0.032000
31 0.174000 0.228500 0.018000 0.033000
31 0.194000 0.228000 0.018000 0.032000
32 0.584500 0.027500 0.017000 0.027000