33 0.028000 0.537000 0.056000 0.094000
33 0.085000 0.546500 0.070000 0.087000
33 0.147500 0.560000 0.069000 0.086000
33 0.210000 0.568000 0.070000 0.086000
14 0.018000 0.426500 0.022000 0.009000
13 0.090500 0.427000 0.049000 0.014000
14 0.575000 0.540000 0.022000 0.010000
9 0.594500 0.553000 0.023000 0.010000
9 0.566500 0.577000 0.021000 0.010000
14 0.560000 0.594500 0.024000 0.009000
14 0.556500 0.612000 0.023000 0.008000
9 0.548000 0.665000 0.024000 0.010000
9 0.008000 0.306000 0.016000 0.012000
9 0.064500 0.283000 0.011000 0.016000
9 0.099500 0.259500 0.021000 0.007000
14 0.105000 0.250500 0.022000 0.009000
14 0.756000 0.106500 0.016000 0.007000
14 0.682000 0.012000 0.022000 0.010000
14 0.997000 0.474000 0.006000 0.016000
14 0.885000 0.817000 0.010000 0.016000
14 0.899000 0.818000 0.014000 0.018000
14 0.928500 0.824000 0.013000 0.020000
14 0.523500 0.969000 0.023000 0.010000
14 0.855000 0.460500 0.014000 0.021000
35 0.984500 0.553000 0.031000 0.046000
9 0.069500 0.435000 0.023000 0.010000