1 0.133333 0.969000 0.004000 0.014000
4 0.046000 0.002333 0.021333 0.004667
4 0.073667 0.004333 0.022000 0.008667
4 0.090667 0.080333 0.030667 0.011333
4 0.047333 0.098667 0.033333 0.008000
4 0.078333 0.098333 0.014000 0.006000
4 0.095000 0.102000 0.015333 0.009333
2 0.022000 0.838000 0.012000 0.029333
2 0.021667 0.873000 0.008667 0.023333
2 0.022333 0.906000 0.008667 0.025333
2 0.023667 0.943333 0.010000 0.029333
2 0.010667 0.835667 0.009333 0.023333
2 0.012667 0.873667 0.008000 0.023333
2 0.013333 0.902667 0.008000 0.025333
2 0.013667 0.939667 0.007333 0.028667
2 0.081000 0.864333 0.027333 0.008667
2 0.075667 0.887667 0.030000 0.007333
2 0.065000 0.908333 0.008667 0.026000
2 0.084667 0.911000 0.006667 0.026000
2 0.067333 0.943333 0.010667 0.033333
2 0.090667 0.945333 0.008000 0.026667
2 0.077667 0.875667 0.024667 0.011333
1 0.089667 0.976333 0.007333 0.015333
1 0.084000 0.976000 0.004000 0.026667
1 0.054667 0.980000 0.005333 0.013333
0 0.085000 0.766667 0.107333 0.124000
1 0.159000 0.936667 0.003333 0.013333
1 0.166333 0.937333 0.002000 0.012000
1 0.163000 0.936667 0.002000 0.013333
1 0.129667 0.940667 0.006000 0.020000
1 0.179667 0.968667 0.004667 0.012000
1 0.143000 0.941333 0.007333 0.014667
1 0.134667 0.940667 0.004000 0.018667
1 0.138333 0.941000 0.003333 0.018000
1 0.151667 0.916000 0.015333 0.005333
1 0.151000 0.927333 0.015333 0.005333
1 0.151667 0.919667 0.015333 0.003333
1 0.152000 0.923000 0.014667 0.003333
4 0.343667 0.511667 0.032667 0.039333
4 0.318667 0.470000 0.029333 0.032000
4 0.329333 0.531000 0.022667 0.027333
4 0.455333 0.466333 0.022667 0.027333
4 0.455667 0.400000 0.022000 0.026667
4 0.452333 0.439333 0.016667 0.018667
4 0.473667 0.420333 0.015333 0.018000
4 0.465333 0.425000 0.016000 0.019333
4 0.469667 0.422667 0.011333 0.014667
4 0.449000 0.406333 0.016667 0.020667
1 0.500333 0.365667 0.023333 0.026000
4 0.521667 0.352333 0.020667 0.011333
1 0.527667 0.358667 0.020667 0.016000
1 0.530000 0.363000 0.017333 0.012667
1 0.533000 0.366667 0.019333 0.014667
4 0.537667 0.375000 0.015333 0.012667
4 0.481000 0.232000 0.034000 0.036000
4 0.625000 0.110667 0.018000 0.013333
4 0.617333 0.102333 0.020000 0.011333
4 0.622333 0.107000 0.015333 0.008667
4 0.596000 0.054333 0.012000 0.014000
2 0.594000 0.076333 0.013333 0.019333
4 0.587333 0.059667 0.010667 0.015333
4 0.279000 0.310667 0.026000 0.026667
4 0.272000 0.316333 0.025333 0.026000
4 0.266333 0.266667 0.019333 0.026667
4 0.237667 0.283000 0.018000 0.027333
4 0.243000 0.281000 0.015333 0.027333
4 0.256333 0.274000 0.019333 0.028000
4 0.248667 0.277333 0.016000 0.025333
4 0.260333 0.271333 0.015333 0.025333
4 0.208333 0.314667 0.026000 0.020000
4 0.283333 0.222000 0.018667 0.018667
4 0.377667 0.183000 0.019333 0.016667
4 0.375667 0.201667 0.018000 0.020667
4 0.329667 0.183333 0.018000 0.016000
4 0.369333 0.187000 0.017333 0.018000
4 0.396667 0.163333 0.016000 0.013333
4 0.422667 0.172000 0.016000 0.016000
4 0.374000 0.185333 0.014667 0.012000
4 0.363667 0.162000 0.012667 0.010667
4 0.357333 0.172000 0.014667 0.013333
4 0.344333 0.167333 0.012667 0.010667
4 0.332333 0.179333 0.014000 0.013333
4 0.359000 0.168333 0.015333 0.012667
4 0.362333 0.165667 0.012667 0.008667
4 0.459333 0.122000 0.025333 0.034667
4 0.465000 0.099667 0.018000 0.019333
1 0.394000 0.143333 0.013333 0.013333
4 0.385000 0.130333 0.016667 0.014000
4 0.434000 0.138000 0.024000 0.025333
4 0.432000 0.112667 0.021333 0.021333
4 0.417333 0.114667 0.024000 0.024000
4 0.426333 0.114667 0.023333 0.026667
4 0.425667 0.166667 0.019333 0.020000
2 0.425667 0.153333 0.039333 0.040000
4 0.449667 0.094000 0.019333 0.018667
4 0.440667 0.100000 0.018667 0.018667
4 0.455000 0.091000 0.018000 0.018000
4 0.444000 0.096333 0.017333 0.020667
1 0.459667 0.090333 0.012667 0.011333
1 0.463000 0.085667 0.012667 0.011333
4 0.438000 0.106000 0.016000 0.018667
4 0.443333 0.129333 0.017333 0.010667
35 0.833333 0.307000 0.054667 0.055333
35 0.966667 0.382333 0.053333 0.051333
35 0.880667 0.530000 0.021333 0.022667
35 0.837333 0.608333 0.036000 0.036667
35 0.695333 0.877667 0.036000 0.036667
35 0.326000 0.667000 0.036000 0.036667