9 0.256000 0.824500 0.014000 0.019000
9 0.223500 0.858000 0.013000 0.016000
14 0.148500 0.859000 0.013000 0.016000
9 0.134500 0.879500 0.013000 0.015000
14 0.159000 0.880000 0.012000 0.014000
14 0.309500 0.855000 0.017000 0.022000
9 0.358000 0.856000 0.016000 0.018000
14 0.465000 0.858500 0.012000 0.013000
9 0.476500 0.860000 0.013000 0.014000
9 0.484000 0.885500 0.014000 0.017000
9 0.521000 0.886000 0.016000 0.018000
9 0.499000 0.881000 0.016000 0.018000
9 0.535500 0.880000 0.013000 0.016000
14 0.597000 0.876000 0.006000 0.014000
9 0.554500 0.883500 0.017000 0.019000
13 0.976500 0.410000 0.019000 0.030000
9 0.045000 0.212000 0.018000 0.010000
33 0.021500 0.740500 0.043000 0.079000
33 0.078500 0.741000 0.045000 0.080000
33 0.134000 0.742000 0.042000 0.080000
33 0.189500 0.741500 0.043000 0.079000