35 0.632000 0.940000 0.106000 0.114000
14 0.480500 0.263500 0.017000 0.019000
9 0.587000 0.302000 0.016000 0.020000
9 0.530500 0.301500 0.023000 0.015000
14 0.515000 0.277500 0.022000 0.015000
14 0.086000 0.944500 0.018000 0.017000
9 0.098500 0.941000 0.015000 0.016000
14 0.170500 0.926000 0.019000 0.016000
14 0.235500 0.915000 0.013000 0.016000
9 0.296000 0.901500 0.018000 0.017000
14 0.385000 0.882000 0.018000 0.018000
14 0.488000 0.860500 0.020000 0.021000
9 0.715500 0.822500 0.017000 0.017000
9 0.694500 0.773000 0.017000 0.018000
14 0.744000 0.769500 0.016000 0.017000
9 0.906500 0.668000 0.019000 0.012000
14 0.842500 0.708000 0.019000 0.012000
14 0.890500 0.592000 0.019000 0.014000
9 0.887000 0.564500 0.022000 0.015000
9 0.870500 0.503000 0.009000 0.018000
14 0.740500 0.468500 0.009000 0.017000
9 0.720500 0.470000 0.009000 0.018000
12 0.703000 0.489000 0.020000 0.008000
14 0.801500 0.420000 0.019000 0.008000
9 0.802500 0.412000 0.019000 0.008000
9 0.803000 0.402500 0.020000 0.009000
11 0.815000 0.388500 0.032000 0.013000
14 0.812000 0.375500 0.018000 0.007000
14 0.826000 0.315500 0.008000 0.017000
9 0.815000 0.314500 0.010000 0.015000
9 0.862000 0.283000 0.010000 0.016000
9 0.819000 0.270500 0.008000 0.017000
9 0.808500 0.269000 0.009000 0.016000
14 0.796500 0.269000 0.009000 0.018000
9 0.785500 0.268500 0.009000 0.017000
9 0.775500 0.267500 0.009000 0.017000
9 0.901000 0.266500 0.020000 0.021000
14 0.890500 0.245500 0.015000 0.017000
14 0.881000 0.225000 0.016000 0.020000
9 0.874000 0.215000 0.016000 0.018000
9 0.868000 0.206500 0.016000 0.017000
12 0.861500 0.195500 0.015000 0.019000
14 0.797000 0.188500 0.022000 0.015000
9 0.805500 0.206000 0.021000 0.016000
12 0.783500 0.222500 0.009000 0.023000
14 0.762000 0.220000 0.008000 0.014000
9 0.751000 0.221000 0.008000 0.014000
12 0.680000 0.239000 0.016000 0.022000
9 0.659000 0.249000 0.014000 0.018000
9 0.662000 0.200000 0.016000 0.018000
9 0.651000 0.206000 0.014000 0.016000
12 0.606500 0.331500 0.017000 0.023000
9 0.592000 0.330500 0.016000 0.019000
14 0.567000 0.310000 0.016000 0.020000