35 0.447500 0.969000 0.127000 0.062000
7 0.725000 0.454000 0.154000 0.088000
7 0.668000 0.527500 0.148000 0.081000
7 0.615500 0.592500 0.153000 0.099000
12 0.868500 0.433000 0.029000 0.032000
15 0.741500 0.605500 0.045000 0.055000
15 0.984500 0.848000 0.031000 0.026000
15 0.979500 0.866500 0.041000 0.029000
14 0.914500 0.862000 0.015000 0.012000
14 0.878000 0.907000 0.016000 0.014000
14 0.898000 0.883000 0.014000 0.014000
14 0.873000 0.915000 0.020000 0.014000
14 0.829500 0.796500 0.019000 0.015000
14 0.815000 0.757500 0.018000 0.019000
14 0.825000 0.761000 0.016000 0.018000
14 0.835500 0.764500 0.011000 0.013000
14 0.843500 0.771000 0.015000 0.018000
14 0.852000 0.777000 0.012000 0.014000
14 0.864500 0.780000 0.013000 0.014000
14 0.872500 0.786000 0.013000 0.014000
13 0.908500 0.869000 0.019000 0.016000
13 0.902500 0.875500 0.015000 0.013000
13 0.890000 0.889000 0.020000 0.016000
13 0.868000 0.921000 0.014000 0.012000
13 0.832500 0.960000 0.019000 0.016000
13 0.827000 0.968000 0.020000 0.016000
13 0.821000 0.975000 0.014000 0.012000
13 0.817000 0.984000 0.014000 0.012000
17 0.054000 0.691000 0.020000 0.020000
17 0.068500 0.701500 0.023000 0.023000
17 0.035500 0.720000 0.021000 0.022000
17 0.083500 0.709000 0.025000 0.024000
17 0.104000 0.707000 0.022000 0.022000
17 0.119000 0.712500 0.020000 0.021000
17 0.098000 0.739000 0.018000 0.018000
17 0.108500 0.726500 0.021000 0.021000
17 0.084000 0.737000 0.018000 0.018000
17 0.091500 0.725500 0.015000 0.015000
17 0.101000 0.757000 0.018000 0.018000
17 0.124500 0.729500 0.021000 0.021000
17 0.135000 0.740000 0.020000 0.020000
17 0.124000 0.754500 0.020000 0.021000
17 0.149000 0.744500 0.020000 0.021000
17 0.136000 0.759000 0.022000 0.022000
17 0.173500 0.736500 0.019000 0.019000
17 0.151500 0.762500 0.021000 0.021000
17 0.163500 0.749000 0.019000 0.020000
17 0.187000 0.742500 0.018000 0.019000
17 0.176000 0.756000 0.022000 0.022000
17 0.164000 0.770000 0.020000 0.020000
17 0.206500 0.737500 0.021000 0.021000
17 0.197000 0.751500 0.020000 0.021000
17 0.185000 0.764500 0.020000 0.021000
17 0.174000 0.778000 0.020000 0.020000
17 0.224500 0.740000 0.021000 0.020000
17 0.214000 0.752500 0.022000 0.023000
17 0.204000 0.765000 0.020000 0.020000
17 0.193500 0.776500 0.019000 0.019000
9 0.088000 0.928500 0.018000 0.015000
9 0.102500 0.911500 0.021000 0.015000
9 0.110000 0.899500 0.022000 0.017000
9 0.116000 0.891500 0.020000 0.015000
9 0.048000 0.819500 0.018000 0.015000
9 0.103000 0.837500 0.012000 0.011000
12 0.055500 0.965000 0.027000 0.032000
11 0.180500 0.832000 0.055000 0.038000
13 0.131000 0.806000 0.026000 0.020000
9 0.293000 0.784500 0.016000 0.019000
9 0.330000 0.784000 0.014000 0.016000
13 0.370000 0.863000 0.012000 0.010000
13 0.400000 0.864500 0.014000 0.011000
13 0.422000 0.845000 0.014000 0.014000
9 0.410000 0.801500 0.024000 0.013000
9 0.401500 0.808500 0.015000 0.011000
12 0.393500 0.770000 0.037000 0.022000
12 0.477500 0.820000 0.023000 0.016000
9 0.410000 0.919000 0.022000 0.016000
15 0.537000 0.865500 0.042000 0.051000
12 0.754000 0.974500 0.028000 0.031000
17 0.604500 0.905000 0.027000 0.020000
17 0.641500 0.934000 0.035000 0.026000
17 0.690000 0.956500 0.022000 0.019000
17 0.055500 0.716500 0.021000 0.021000
14 0.048000 0.733000 0.014000 0.016000
17 0.068500 0.727500 0.021000 0.021000