29 0.037250 0.748875 0.022000 0.022250
29 0.054625 0.736500 0.021250 0.021500
29 0.082000 0.718875 0.034500 0.034750
26 0.067250 0.608000 0.026500 0.027000
22 0.179500 0.483500 0.040500 0.040500
19 0.227375 0.460375 0.024750 0.024750
26 0.317500 0.399875 0.026500 0.026750
25 0.398875 0.481625 0.024250 0.024250
29 0.329000 0.468500 0.022000 0.022000
26 0.348625 0.452875 0.025750 0.026250
29 0.365875 0.442000 0.023250 0.023000
19 0.417875 0.515500 0.026250 0.025500
29 0.461250 0.594000 0.026500 0.026000
25 0.391500 0.362625 0.025000 0.024750
29 0.435375 0.403125 0.023250 0.023250
19 0.460750 0.418875 0.022000 0.021250
29 0.490875 0.403625 0.022750 0.022750
25 0.512125 0.383250 0.024250 0.019000
25 0.495625 0.256875 0.026750 0.026750
25 0.515750 0.272375 0.026500 0.026750
25 0.540375 0.293875 0.029750 0.029750
22 0.584000 0.328500 0.038000 0.034000
25 0.615375 0.315000 0.026250 0.026500
25 0.581250 0.381500 0.023500 0.021500
19 0.637250 0.292500 0.026000 0.023000
26 0.619125 0.268125 0.028750 0.027750
26 0.577500 0.225750 0.031000 0.030000
19 0.558250 0.207500 0.027000 0.027000
19 0.614250 0.165000 0.028500 0.028000
29 0.693875 0.243500 0.028750 0.027500
29 0.785875 0.143250 0.027750 0.028000
25 0.061500 0.026000 0.025000 0.025000
25 0.082125 0.010625 0.023750 0.021250
22 0.126625 0.075375 0.039750 0.039750
26 0.214125 0.014125 0.030750 0.028250
29 0.191875 0.033625 0.027750 0.026750
22 0.099250 0.214000 0.039500 0.039500