14 0.631667 0.611875 0.026667 0.018750
9 0.728333 0.618125 0.036667 0.026250
14 0.766667 0.608750 0.023333 0.017500
14 0.777500 0.618750 0.025000 0.020000
9 0.780833 0.650000 0.031667 0.022500
9 0.817500 0.641250 0.031667 0.022500
14 0.959167 0.603750 0.025000 0.020000
14 0.945833 0.595625 0.025000 0.018750
9 0.932500 0.588125 0.031667 0.023750
14 0.919167 0.580625 0.031667 0.023750
14 0.834167 0.572500 0.031667 0.022500
12 0.805833 0.560625 0.038333 0.028750
9 0.845833 0.466875 0.035000 0.013750
14 0.800000 0.463750 0.020000 0.025000
12 0.765833 0.485000 0.018333 0.027500
12 0.229167 0.985625 0.038333 0.026250
14 0.158333 0.985000 0.026667 0.020000
14 0.070833 0.908125 0.028333 0.018750
14 0.039167 0.915000 0.028333 0.020000
9 0.019167 0.646875 0.028333 0.016250
12 0.305000 0.674375 0.036667 0.026250
9 0.275833 0.610000 0.028333 0.022500
9 0.260000 0.603750 0.030000 0.022500
9 0.368333 0.593750 0.020000 0.015000
14 0.357500 0.583750 0.028333 0.020000
12 0.318333 0.560625 0.036667 0.028750
9 0.305000 0.553125 0.033333 0.023750
9 0.278333 0.536250 0.033333 0.027500
9 0.242500 0.512500 0.028333 0.020000
14 0.090833 0.496250 0.058333 0.035000
9 0.075833 0.436250 0.031667 0.022500
14 0.376667 0.079375 0.030000 0.023750
18 0.495833 0.255000 0.101667 0.075000
12 0.611667 0.148125 0.036667 0.026250
14 0.495000 0.981875 0.023333 0.018750
14 0.758333 0.990000 0.026667 0.017500
14 0.772500 0.980625 0.031667 0.023750
14 0.762500 0.904375 0.028333 0.021250
14 0.775000 0.895000 0.026667 0.020000
9 0.788333 0.887500 0.030000 0.020000
9 0.787500 0.862500 0.028333 0.022500
14 0.846667 0.823125 0.026667 0.018750
14 0.834167 0.814375 0.028333 0.021250
12 0.755000 0.767500 0.040000 0.030000
12 0.731667 0.748750 0.040000 0.030000
12 0.624167 0.683750 0.038333 0.025000
14 0.510833 0.761250 0.028333 0.020000
14 0.524167 0.751250 0.025000 0.017500
14 0.441667 0.809375 0.023333 0.016250
9 0.321667 0.841875 0.026667 0.018750
12 0.289167 0.826250 0.031667 0.025000
14 0.240833 0.813125 0.028333 0.016250
9 0.262500 0.796250 0.035000 0.020000
14 0.285000 0.776250 0.030000 0.015000
14 0.170000 0.781250 0.026667 0.025000
14 0.146667 0.798125 0.030000 0.028750
14 0.186667 0.837500 0.050000 0.037500
9 0.132500 0.808750 0.025000 0.022500
9 0.108333 0.825000 0.026667 0.022500