9 0.896000 0.895000 0.014000 0.014000
36 0.860000 0.300000 0.274000 0.192000
14 0.515500 0.078000 0.021000 0.018000
1 0.514000 0.378000 0.026000 0.012000
9 0.263500 0.919500 0.023000 0.019000
9 0.883000 0.905500 0.018000 0.019000
9 0.589000 0.855000 0.018000 0.018000
12 0.272000 0.095000 0.028000 0.008000
12 0.272000 0.082000 0.030000 0.012000
36 0.097000 0.817000 0.194000 0.166000
9 0.107500 0.822500 0.025000 0.021000
4 0.366500 0.344000 0.037000 0.010000
1 0.315500 0.349000 0.025000 0.008000
1 0.281500 0.353000 0.025000 0.010000
4 0.245000 0.358000 0.038000 0.010000
1 0.253000 0.374500 0.028000 0.011000
1 0.285000 0.372500 0.026000 0.009000
4 0.319000 0.372000 0.030000 0.010000
1 0.348000 0.369000 0.026000 0.010000
4 0.380500 0.363500 0.037000 0.013000
4 0.345000 0.398500 0.038000 0.011000
1 0.070000 0.955500 0.018000 0.009000
4 0.093000 0.925000 0.022000 0.018000
4 0.062500 0.927500 0.023000 0.021000