14 0.615000 0.993000 0.020000 0.014000
14 0.400500 0.990000 0.017000 0.018000
14 0.438500 0.876500 0.015000 0.017000
14 0.218000 0.803000 0.020000 0.020000
14 0.248500 0.755000 0.019000 0.018000
11 0.541500 0.759500 0.025000 0.021000
11 0.566000 0.773500 0.026000 0.021000
11 0.574000 0.765500 0.024000 0.019000
11 0.549000 0.752500 0.024000 0.021000
9 0.443000 0.769500 0.020000 0.007000
9 0.417500 0.766500 0.019000 0.011000
14 0.476500 0.685000 0.023000 0.020000
14 0.235500 0.680500 0.017000 0.017000
14 0.225500 0.675000 0.017000 0.018000
14 0.240000 0.661000 0.018000 0.018000
12 0.216500 0.669000 0.019000 0.020000
9 0.231500 0.654500 0.019000 0.019000
9 0.221000 0.649500 0.016000 0.019000
9 0.210500 0.644000 0.017000 0.018000
14 0.196500 0.659000 0.017000 0.018000
9 0.202000 0.638500 0.018000 0.019000
14 0.180000 0.644500 0.016000 0.017000
14 0.169000 0.640500 0.018000 0.017000
14 0.194000 0.630500 0.018000 0.019000
14 0.160000 0.635000 0.018000 0.018000
9 0.184500 0.627500 0.019000 0.019000
14 0.175500 0.619500 0.019000 0.019000
14 0.169000 0.612000 0.016000 0.016000
14 0.162000 0.605000 0.016000 0.016000
9 0.165000 0.700500 0.016000 0.017000
14 0.154000 0.694500 0.018000 0.019000
14 0.136000 0.681500 0.016000 0.017000
9 0.099000 0.658500 0.016000 0.017000
14 0.089000 0.653000 0.016000 0.018000
14 0.073000 0.642000 0.016000 0.016000
14 0.150500 0.600500 0.019000 0.019000
9 0.139000 0.597500 0.020000 0.019000
14 0.130500 0.589000 0.021000 0.022000
14 0.112500 0.577500 0.017000 0.017000
14 0.088000 0.557500 0.020000 0.019000
14 0.183500 0.502500 0.019000 0.019000
14 0.123500 0.515000 0.017000 0.018000
12 0.110500 0.508000 0.019000 0.018000
11 0.111000 0.480500 0.022000 0.023000
14 0.101500 0.476500 0.019000 0.017000
14 0.085500 0.489500 0.017000 0.017000
14 0.008500 0.524500 0.017000 0.017000
12 0.022500 0.509000 0.023000 0.022000
31 0.698000 0.871500 0.132000 0.107000
31 0.765500 0.916000 0.131000 0.108000
33 0.930000 0.790000 0.102000 0.086000
33 0.880000 0.758500 0.102000 0.085000
33 0.832000 0.726500 0.102000 0.085000
33 0.929000 0.943500 0.112000 0.079000
14 0.674500 0.009500 0.023000 0.019000
11 0.598500 0.010500 0.025000 0.021000
33 0.044000 0.876500 0.088000 0.085000
33 0.958000 0.907000 0.084000 0.076000
33 0.890000 0.971500 0.110000 0.057000