9 0.870500 0.398000 0.011000 0.012000
12 0.918000 0.404000 0.032000 0.016000
9 0.650500 0.162000 0.025000 0.020000
9 0.569500 0.105500 0.023000 0.019000
9 0.344000 0.122500 0.022000 0.019000
9 0.405500 0.137000 0.021000 0.020000
14 0.433500 0.023500 0.023000 0.019000
14 0.179000 0.213000 0.012000 0.020000
9 0.822000 0.791500 0.018000 0.019000
14 0.761000 0.823000 0.018000 0.020000
9 0.729000 0.900000 0.020000 0.022000
9 0.859500 0.849500 0.019000 0.019000
9 0.839500 0.860000 0.019000 0.022000
9 0.829500 0.867000 0.019000 0.020000
9 0.802000 0.884000 0.022000 0.022000
9 0.788000 0.868500 0.020000 0.021000
14 0.806000 0.856500 0.022000 0.023000
9 0.868000 0.827000 0.020000 0.022000
9 0.882000 0.842000 0.018000 0.018000
9 0.900000 0.831500 0.020000 0.021000
14 0.897500 0.812000 0.019000 0.020000
9 0.922000 0.822500 0.018000 0.021000
9 0.919000 0.879000 0.018000 0.020000
9 0.909000 0.882500 0.018000 0.021000
14 0.478500 0.122000 0.025000 0.020000
14 0.465500 0.137000 0.023000 0.020000
14 0.449500 0.151000 0.023000 0.018000
9 0.437000 0.106500 0.024000 0.021000
12 0.428000 0.114500 0.024000 0.019000
14 0.350500 0.113500 0.023000 0.019000
9 0.427000 0.030500 0.026000 0.021000
9 0.407500 0.053000 0.023000 0.018000
14 0.400000 0.061000 0.024000 0.020000
9 0.393500 0.069000 0.023000 0.020000
14 0.387000 0.076000 0.020000 0.018000
14 0.378000 0.083500 0.020000 0.017000
14 0.372500 0.091000 0.025000 0.022000
14 0.513500 0.083500 0.021000 0.017000
9 0.509000 0.093000 0.022000 0.018000
14 0.499500 0.101000 0.021000 0.018000
9 0.582000 0.155000 0.022000 0.020000
9 0.589000 0.148500 0.024000 0.021000
14 0.597000 0.142000 0.022000 0.018000
9 0.603500 0.133500 0.025000 0.019000
14 0.608500 0.126500 0.023000 0.019000
9 0.630000 0.184500 0.022000 0.019000
14 0.620500 0.192000 0.023000 0.018000
14 0.575500 0.164000 0.029000 0.022000
14 0.546000 0.194500 0.022000 0.017000
14 0.527000 0.216000 0.022000 0.020000
12 0.514000 0.232000 0.024000 0.018000
12 0.458500 0.271500 0.019000 0.023000
12 0.488500 0.191500 0.025000 0.021000
14 0.426000 0.222000 0.020000 0.024000
14 0.232000 0.429500 0.022000 0.023000
14 0.200000 0.454500 0.022000 0.023000
9 0.135500 0.790500 0.011000 0.019000
9 0.489000 0.972000 0.020000 0.020000
12 0.911000 0.828000 0.022000 0.024000
9 0.959500 0.856000 0.019000 0.022000
9 0.950000 0.863000 0.020000 0.020000
9 0.938500 0.867000 0.023000 0.024000
14 0.993500 0.835000 0.013000 0.020000
9 0.869500 0.904500 0.021000 0.023000
14 0.783000 0.894500 0.022000 0.023000
9 0.679500 0.926000 0.019000 0.020000
9 0.832000 0.787000 0.022000 0.022000
12 0.811000 0.797000 0.022000 0.024000
12 0.791500 0.808500 0.023000 0.025000
9 0.771000 0.816000 0.020000 0.022000
14 0.732500 0.839500 0.023000 0.023000
9 0.017500 0.890000 0.029000 0.030000
10 0.094500 0.873000 0.043000 0.038000
10 0.133000 0.863000 0.040000 0.036000
14 0.015000 0.792500 0.008000 0.019000
14 0.110000 0.790500 0.010000 0.019000
10 0.166000 0.850500 0.042000 0.037000
10 0.198500 0.837500 0.045000 0.039000
11 0.237000 0.821000 0.030000 0.024000
10 0.297500 0.787000 0.043000 0.028000
9 0.434000 0.286000 0.024000 0.020000
12 0.118000 0.183500 0.020000 0.023000
14 0.343500 0.165500 0.023000 0.019000
14 0.358000 0.182500 0.024000 0.019000
9 0.158000 0.099000 0.022000 0.018000
9 0.171000 0.107000 0.020000 0.016000
9 0.184000 0.051000 0.022000 0.012000
9 0.193000 0.065500 0.022000 0.021000
9 0.216500 0.082500 0.023000 0.021000
12 0.421000 0.038000 0.030000 0.024000
14 0.449000 0.091000 0.020000 0.018000
12 0.440000 0.097500 0.024000 0.019000
14 0.414500 0.129000 0.021000 0.018000
12 0.494000 0.109000 0.024000 0.018000
9 0.563000 0.113000 0.022000 0.018000
9 0.555500 0.121000 0.023000 0.020000
14 0.540000 0.136500 0.022000 0.019000
9 0.532000 0.143000 0.022000 0.020000
9 0.526000 0.152500 0.024000 0.021000
14 0.519500 0.159500 0.025000 0.023000
9 0.500000 0.173000 0.020000 0.018000
14 0.674500 0.116500 0.027000 0.009000
14 0.660000 0.155500 0.024000 0.019000
14 0.643000 0.169000 0.022000 0.016000
9 0.602500 0.216500 0.023000 0.019000
9 0.595000 0.223500 0.026000 0.021000
9 0.573000 0.246500 0.026000 0.021000
14 0.568000 0.256500 0.022000 0.017000
14 0.549000 0.269500 0.020000 0.017000
14 0.539500 0.286500 0.021000 0.017000
9 0.335500 0.226500 0.023000 0.019000
14 0.346500 0.243500 0.017000 0.013000
9 0.410000 0.253000 0.024000 0.020000
14 0.422500 0.268000 0.023000 0.020000
9 0.382000 0.294000 0.014000 0.014000
9 0.162500 0.215500 0.019000 0.025000
12 0.198000 0.213500 0.014000 0.025000
9 0.210500 0.218500 0.015000 0.021000
14 0.277000 0.282000 0.024000 0.018000
14 0.115500 0.302000 0.021000 0.024000
14 0.125500 0.296500 0.021000 0.021000
9 0.144500 0.284000 0.021000 0.022000
14 0.154000 0.280000 0.020000 0.020000
12 0.119000 0.416000 0.026000 0.028000
14 0.146500 0.431000 0.023000 0.018000
12 0.222500 0.436000 0.025000 0.026000
14 0.405500 0.437500 0.025000 0.021000
14 0.444000 0.483000 0.018000 0.016000
14 0.451500 0.489500 0.021000 0.019000
12 0.459500 0.497000 0.029000 0.024000
9 0.466500 0.504000 0.019000 0.018000
14 0.479500 0.519500 0.017000 0.015000
12 0.508000 0.548000 0.024000 0.018000
12 0.463500 0.606500 0.027000 0.021000
12 0.469000 0.598000 0.028000 0.020000
14 0.476500 0.589000 0.021000 0.018000
10 0.469000 0.657000 0.032000 0.032000
9 0.924500 0.381500 0.015000 0.023000
9 0.975500 0.368000 0.015000 0.022000
12 0.702000 0.853000 0.024000 0.028000
12 0.752000 0.828000 0.022000 0.024000
14 0.715000 0.932500 0.020000 0.021000
14 0.734500 0.921500 0.021000 0.023000
9 0.752000 0.910000 0.020000 0.020000
14 0.775500 0.902000 0.019000 0.020000
9 0.792000 0.889500 0.022000 0.023000
14 0.811500 0.875500 0.025000 0.027000
14 0.822000 0.873500 0.020000 0.021000
9 0.817000 0.852000 0.020000 0.022000
9 0.836500 0.841000 0.019000 0.022000
9 0.849500 0.856500 0.019000 0.021000
14 0.848000 0.836500 0.018000 0.021000
14 0.858500 0.834000 0.019000 0.020000
14 0.891500 0.837000 0.021000 0.022000
14 0.885500 0.814000 0.023000 0.024000
9 0.908500 0.806500 0.021000 0.023000
14 0.918000 0.802000 0.020000 0.022000
14 0.931000 0.816500 0.020000 0.021000
9 0.722000 0.982500 0.022000 0.023000
9 0.731500 0.976500 0.023000 0.025000
14 0.743000 0.974000 0.018000 0.018000
9 0.752000 0.968000 0.020000 0.022000
9 0.762500 0.961500 0.021000 0.023000
12 0.771500 0.956500 0.023000 0.025000
14 0.781500 0.952000 0.019000 0.020000
9 0.791000 0.946000 0.024000 0.024000
14 0.800000 0.940500 0.022000 0.021000
9 0.811000 0.936500 0.020000 0.023000
14 0.821000 0.931000 0.024000 0.026000
9 0.831500 0.925500 0.021000 0.023000
9 0.840000 0.920500 0.024000 0.025000
14 0.851500 0.916000 0.019000 0.020000
14 0.860500 0.911000 0.021000 0.020000
14 0.892000 0.895000 0.020000 0.022000
14 0.899000 0.888000 0.020000 0.022000
14 0.930500 0.875000 0.019000 0.020000
14 0.970000 0.852000 0.020000 0.022000
9 0.978500 0.847000 0.021000 0.022000
9 0.987500 0.839500 0.021000 0.023000