9 0.203500 0.875000 0.019000 0.008000
9 0.204500 0.867000 0.021000 0.008000
14 0.204500 0.849000 0.021000 0.008000
14 0.204000 0.831000 0.016000 0.006000
9 0.202000 0.822000 0.022000 0.008000
14 0.199000 0.805000 0.020000 0.006000
14 0.193000 0.790000 0.026000 0.008000
14 0.199000 0.769500 0.022000 0.007000
14 0.197000 0.759500 0.018000 0.007000
9 0.201500 0.741500 0.021000 0.007000
9 0.204500 0.723000 0.021000 0.008000
14 0.201000 0.704500 0.018000 0.007000
14 0.202500 0.695000 0.017000 0.006000
14 0.203500 0.686000 0.019000 0.008000
9 0.259000 0.636500 0.022000 0.009000
9 0.050500 0.086500 0.021000 0.009000
9 0.121000 0.051000 0.018000 0.006000
9 0.300500 0.414500 0.023000 0.007000
9 0.299500 0.460500 0.021000 0.007000
9 0.299000 0.470000 0.020000 0.006000
14 0.327000 0.452000 0.018000 0.006000
14 0.324000 0.460000 0.018000 0.006000
9 0.382000 0.460500 0.020000 0.007000
14 0.384500 0.441000 0.021000 0.008000
14 0.325500 0.442000 0.021000 0.008000
14 0.322500 0.422000 0.019000 0.006000
9 0.493000 0.440500 0.022000 0.007000
14 0.409000 0.450000 0.024000 0.008000
12 0.329500 0.505000 0.011000 0.018000
9 0.342000 0.505500 0.010000 0.017000
9 0.353000 0.505000 0.010000 0.016000
9 0.377000 0.503000 0.010000 0.016000
14 0.507500 0.488500 0.011000 0.015000
14 0.388000 0.413000 0.016000 0.008000
14 0.414000 0.414000 0.020000 0.006000
9 0.411500 0.423000 0.021000 0.008000
14 0.298500 0.432000 0.017000 0.006000
9 0.364500 0.506500 0.013000 0.019000
14 0.388000 0.500500 0.012000 0.015000
14 0.422000 0.497500 0.020000 0.023000
9 0.386500 0.422500 0.021000 0.009000
14 0.412000 0.441500 0.018000 0.007000
14 0.409000 0.433000 0.022000 0.008000
9 0.323500 0.414000 0.017000 0.006000
14 0.298000 0.422500 0.018000 0.007000
14 0.518500 0.488000 0.011000 0.018000
14 0.532500 0.487500 0.013000 0.017000
9 0.442000 0.569500 0.022000 0.007000
14 0.439500 0.579000 0.023000 0.008000
14 0.439000 0.588500 0.018000 0.007000
14 0.552000 0.590000 0.010000 0.014000
14 0.559500 0.589000 0.011000 0.016000
9 0.589000 0.588500 0.010000 0.017000
9 0.599000 0.587000 0.010000 0.018000
14 0.623000 0.588000 0.012000 0.016000
14 0.793000 0.543000 0.014000 0.018000
9 0.877500 0.533000 0.013000 0.018000
14 0.914500 0.528500 0.009000 0.015000
14 0.948500 0.527000 0.011000 0.018000
14 0.936000 0.526500 0.010000 0.015000
14 0.963000 0.527500 0.010000 0.017000
14 0.974000 0.525500 0.010000 0.015000
14 0.984500 0.522500 0.011000 0.017000
14 0.884000 0.586000 0.010000 0.020000
14 0.919500 0.567000 0.025000 0.008000
9 0.909500 0.589000 0.011000 0.014000
14 0.920500 0.586500 0.011000 0.017000
14 0.933000 0.588500 0.012000 0.017000
12 0.991000 0.586500 0.010000 0.019000
14 0.968500 0.587000 0.009000 0.016000
14 0.954500 0.586500 0.009000 0.017000
14 0.120000 0.012500 0.022000 0.007000
9 0.120000 0.022000 0.022000 0.006000
14 0.122500 0.069000 0.021000 0.008000
14 0.264000 0.775000 0.018000 0.008000
32 0.679000 0.841500 0.298000 0.315000
32 0.761000 0.235000 0.478000 0.374000