2 0.600333 0.037333 0.023333 0.005333
2 0.627333 0.041000 0.022667 0.007333
2 0.601333 0.043667 0.024000 0.006000
2 0.599333 0.058000 0.028000 0.008000
2 0.626333 0.057000 0.023333 0.006000
3 0.598000 0.136333 0.030667 0.011333
2 0.628667 0.154333 0.014667 0.004667
2 0.648000 0.160333 0.016000 0.004667
2 0.662333 0.154667 0.015333 0.004000
7 0.766667 0.573667 0.105333 0.071333
7 0.563667 0.636000 0.127333 0.145333
7 0.638667 0.819000 0.106667 0.122000
0 0.917667 0.497667 0.043333 0.056667
0 0.984000 0.539333 0.026667 0.036000
1 0.987000 0.160667 0.015333 0.016000
1 0.960000 0.216000 0.014667 0.014667
2 0.991000 0.183000 0.018000 0.024667
2 0.988333 0.186333 0.023333 0.023333
2 0.983333 0.189333 0.026667 0.026667
1 0.990000 0.155667 0.017333 0.018000
2 0.976333 0.202333 0.024667 0.023333
2 0.973667 0.208000 0.023333 0.022667
2 0.971333 0.213000 0.024000 0.023333
2 0.967000 0.216000 0.024667 0.024000
1 0.974000 0.169333 0.013333 0.013333
1 0.979667 0.164000 0.012667 0.012000
1 0.969333 0.170000 0.012000 0.013333
1 0.945000 0.200667 0.010000 0.010667
1 0.927000 0.221333 0.012667 0.013333
2 0.927333 0.245000 0.021333 0.018000
1 0.930000 0.239333 0.017333 0.014667
1 0.929333 0.218333 0.013333 0.011333
1 0.957667 0.191333 0.011333 0.010667
1 0.918000 0.228333 0.010667 0.011333
1 0.924000 0.224000 0.013333 0.012000
1 0.948333 0.197333 0.010000 0.010667
1 0.955667 0.202667 0.014000 0.012000
2 0.828000 0.319000 0.021333 0.022000
2 0.824000 0.321667 0.017333 0.018000
2 0.818667 0.322667 0.014667 0.016000
2 0.811333 0.328667 0.016000 0.017333
2 0.793667 0.360000 0.020667 0.018667
2 0.788333 0.356333 0.023333 0.020667
2 0.798333 0.363667 0.026000 0.022000
2 0.805333 0.331667 0.020000 0.023333
2 0.797000 0.331667 0.018000 0.020667
2 0.791333 0.333333 0.020000 0.024000
2 0.814000 0.326333 0.014667 0.015333
1 0.905333 0.223667 0.010667 0.008667
1 0.891000 0.245000 0.014000 0.011333
1 0.902000 0.225333 0.009333 0.009333
2 0.511667 0.785333 0.039333 0.022667
2 0.508667 0.793667 0.025333 0.015333
2 0.506000 0.800667 0.033333 0.018667
2 0.501667 0.809333 0.036667 0.018667
3 0.563000 0.865333 0.026000 0.012000
3 0.560000 0.874333 0.026667 0.010000
2 0.480000 0.826333 0.008000 0.014000
2 0.486667 0.827333 0.010667 0.029333
2 0.503000 0.836667 0.007333 0.024000
2 0.508000 0.837333 0.009333 0.032000
2 0.513333 0.837667 0.009333 0.034000
2 0.519667 0.837667 0.008667 0.032667
2 0.526000 0.839667 0.010667 0.032667
2 0.482333 0.860000 0.010000 0.026667
2 0.511333 0.867333 0.010667 0.025333
2 0.519667 0.869000 0.008667 0.028667
2 0.500667 0.896333 0.008000 0.032667
2 0.509000 0.895333 0.008667 0.018667
3 0.548000 0.893000 0.012000 0.032667
3 0.579000 0.896333 0.014000 0.034000
3 0.570000 0.896000 0.013333 0.033333
3 0.546333 0.928000 0.011333 0.033333
3 0.536333 0.928333 0.011333 0.032667
3 0.567667 0.928000 0.010000 0.029333
3 0.576667 0.928000 0.010667 0.028000
2 0.628667 0.934667 0.024000 0.005333
2 0.629000 0.942333 0.028667 0.010000
2 0.501000 0.933667 0.008667 0.028667
2 0.481000 0.930333 0.006000 0.012667
3 0.567333 0.960667 0.010667 0.030667
1 0.525667 0.757667 0.020667 0.024667
1 0.707000 0.978333 0.014000 0.004667
1 0.706333 0.982667 0.014000 0.004000
1 0.688000 0.994000 0.004000 0.012000
1 0.724667 0.991333 0.005333 0.013333
1 0.719000 0.990667 0.004667 0.013333
1 0.716667 0.991667 0.004000 0.011333
1 0.692667 0.993667 0.004000 0.011333
1 0.697333 0.993667 0.004000 0.011333