9 0.141667 0.823125 0.030000 0.021250
14 0.326667 0.715000 0.033333 0.025000
14 0.895000 0.583125 0.023333 0.021250
35 0.640833 0.425000 0.331667 0.257500
9 0.144167 0.727500 0.031667 0.025000
9 0.089167 0.753125 0.028333 0.023750
9 0.036667 0.807500 0.030000 0.020000
14 0.071667 0.838125 0.023333 0.016250
9 0.059167 0.900625 0.028333 0.021250
14 0.376667 0.947500 0.033333 0.025000
12 0.608333 0.668125 0.033333 0.023750
12 0.623333 0.676875 0.030000 0.023750
12 0.638333 0.685625 0.033333 0.023750
14 0.693333 0.648750 0.030000 0.022500
14 0.724167 0.665625 0.031667 0.023750
12 0.755000 0.683125 0.033333 0.023750
14 0.803333 0.708125 0.026667 0.021250
14 0.935000 0.665625 0.020000 0.021250
14 0.920833 0.751875 0.028333 0.018750
14 0.888333 0.772500 0.036667 0.022500
9 0.882500 0.913125 0.035000 0.023750
9 0.343333 0.994375 0.023333 0.011250
14 0.210000 0.980625 0.030000 0.021250
9 0.490833 0.050000 0.038333 0.022500
14 0.527500 0.080625 0.031667 0.018750
9 0.538333 0.090625 0.033333 0.018750
9 0.544167 0.101875 0.035000 0.021250
9 0.567500 0.113125 0.031667 0.018750
9 0.610833 0.153125 0.031667 0.018750
12 0.759167 0.167500 0.035000 0.025000
14 0.885833 0.183125 0.028333 0.021250
12 0.822500 0.209375 0.031667 0.026250
9 0.780000 0.228750 0.023333 0.022500
9 0.760833 0.235000 0.028333 0.022500
9 0.745000 0.242500 0.026667 0.022500
14 0.730000 0.250000 0.026667 0.022500
14 0.716667 0.257500 0.030000 0.022500
9 0.701667 0.261875 0.033333 0.028750
9 0.682500 0.268125 0.031667 0.026250
9 0.611667 0.245000 0.036667 0.022500
9 0.595833 0.238125 0.035000 0.021250
9 0.537500 0.191250 0.035000 0.025000
9 0.525833 0.166250 0.035000 0.022500
9 0.503333 0.161250 0.033333 0.020000
9 0.485000 0.141875 0.026667 0.016250
9 0.474167 0.132500 0.031667 0.020000
9 0.460833 0.123125 0.035000 0.021250
9 0.448333 0.114375 0.036667 0.021250
14 0.415833 0.085625 0.035000 0.021250
9 0.625833 0.441875 0.031667 0.023750
14 0.500833 0.405000 0.021667 0.025000
14 0.494167 0.480000 0.031667 0.020000
14 0.491667 0.523125 0.036667 0.013750
9 0.305000 0.563750 0.036667 0.022500