7 0.043125 0.539167 0.086250 0.168333
7 0.043125 0.505833 0.086250 0.181667
7 0.030625 0.491667 0.061250 0.136667
7 0.653750 0.796667 0.120000 0.156667
7 0.538125 0.059167 0.096250 0.098333
7 0.715625 0.127500 0.081250 0.145000
4 0.695625 0.127500 0.026250 0.038333
2 0.730000 0.130000 0.047500 0.080000
2 0.738750 0.140000 0.050000 0.083333
4 0.789375 0.201667 0.041250 0.063333
4 0.772500 0.050833 0.065000 0.041667
4 0.753125 0.145000 0.031250 0.050000
4 0.766250 0.082500 0.030000 0.031667
4 0.772500 0.065000 0.045000 0.033333
5 0.869375 0.448333 0.106250 0.140000
7 0.798750 0.334167 0.085000 0.101667