14 0.286875 0.016667 0.026250 0.026667
14 0.296875 0.030833 0.028750 0.031667
14 0.307500 0.047500 0.035000 0.038333
9 0.326250 0.074167 0.027500 0.028333
9 0.331250 0.090000 0.027500 0.030000
12 0.372500 0.134167 0.035000 0.038333
12 0.016875 0.150000 0.018750 0.046667
14 0.449375 0.172500 0.026250 0.028333
14 0.456875 0.187500 0.028750 0.031667
14 0.508125 0.191667 0.021250 0.030000
9 0.233125 0.334167 0.028750 0.021667
9 0.324375 0.372500 0.028750 0.021667
14 0.775000 0.634167 0.017500 0.031667
9 0.071875 0.930000 0.026250 0.030000
14 0.438125 0.880833 0.021250 0.025000
35 0.773750 0.762500 0.147500 0.145000