14 0.606500 0.175000 0.013000 0.014000
35 0.417000 0.873000 0.090000 0.076000
14 0.268000 0.294500 0.032000 0.029000
14 0.149500 0.934500 0.017000 0.021000
14 0.130000 0.947500 0.016000 0.019000
9 0.191000 0.968500 0.016000 0.021000
9 0.263000 0.992000 0.014000 0.016000
9 0.171000 0.963500 0.014000 0.019000
9 0.344500 0.936500 0.015000 0.019000
9 0.303000 0.943500 0.016000 0.019000
12 0.323000 0.948000 0.018000 0.022000
14 0.138500 0.932000 0.015000 0.018000
14 0.231000 0.987500 0.016000 0.019000
14 0.272500 0.976000 0.013000 0.016000
9 0.161000 0.959500 0.016000 0.019000
14 0.139000 0.952500 0.016000 0.019000
14 0.088500 0.918000 0.021000 0.014000
9 0.121000 0.863500 0.022000 0.013000
9 0.111000 0.879500 0.022000 0.015000
14 0.131500 0.838000 0.023000 0.014000
9 0.125500 0.846500 0.023000 0.013000
9 0.096500 0.901500 0.019000 0.013000
9 0.084000 0.927000 0.024000 0.014000
9 0.224500 0.789000 0.021000 0.012000
12 0.166000 0.768500 0.026000 0.017000
12 0.894500 0.506000 0.025000 0.012000
9 0.118500 0.944000 0.013000 0.016000
14 0.127000 0.925500 0.016000 0.019000
9 0.149500 0.955500 0.015000 0.019000
9 0.251000 0.970500 0.016000 0.017000
14 0.219000 0.981000 0.016000 0.018000
14 0.181000 0.966500 0.016000 0.019000
14 0.200500 0.977000 0.015000 0.018000
14 0.074000 0.942500 0.020000 0.009000
9 0.274500 0.993000 0.015000 0.014000
13 0.955500 0.218000 0.011000 0.012000