33 0.532500 0.500000 0.122500 0.146667
33 0.458750 0.456667 0.125000 0.146667
33 0.384375 0.410833 0.123750 0.148333
33 0.643750 0.326667 0.125000 0.146667
33 0.568125 0.280000 0.123750 0.146667
33 0.494375 0.235000 0.123750 0.146667
14 0.130625 0.834167 0.008750 0.021667
12 0.297500 0.711667 0.012500 0.040000
9 0.220000 0.695000 0.025000 0.020000
14 0.248125 0.640833 0.026250 0.018333
12 0.240625 0.566667 0.018750 0.040000
9 0.210000 0.585000 0.010000 0.023333
14 0.168750 0.614167 0.012500 0.025000
9 0.202500 0.777500 0.012500 0.028333
14 0.100000 0.844167 0.010000 0.028333
9 0.083750 0.858333 0.010000 0.026667
14 0.068125 0.862500 0.013750 0.031667
12 0.051250 0.869167 0.010000 0.025000
9 0.035000 0.876667 0.010000 0.030000
14 0.018750 0.883333 0.012500 0.030000
14 0.004375 0.884167 0.008750 0.028333
9 0.025625 0.779167 0.026250 0.025000
14 0.025625 0.720833 0.011250 0.025000
14 0.015000 0.788333 0.025000 0.026667