30 0.405500 0.142000 0.243000 0.232000
9 0.008000 0.248000 0.016000 0.016000
9 0.131000 0.458500 0.018000 0.007000
9 0.131000 0.467500 0.022000 0.009000
9 0.131000 0.476500 0.020000 0.007000
9 0.127500 0.486500 0.021000 0.009000
9 0.125000 0.496500 0.018000 0.009000
14 0.120000 0.505500 0.020000 0.011000
14 0.116500 0.514000 0.021000 0.012000
14 0.083500 0.574000 0.021000 0.016000
12 0.078500 0.582500 0.021000 0.015000
12 0.072500 0.589500 0.021000 0.015000
14 0.067000 0.597500 0.020000 0.015000
14 0.008500 0.679000 0.017000 0.014000
14 0.589500 0.313000 0.015000 0.018000
14 0.577500 0.316000 0.015000 0.018000
14 0.479000 0.397000 0.022000 0.010000
9 0.476500 0.406000 0.021000 0.010000
14 0.478500 0.416000 0.019000 0.010000
9 0.472500 0.424000 0.019000 0.010000
14 0.470500 0.432500 0.019000 0.009000
9 0.466500 0.442000 0.019000 0.008000
9 0.458000 0.449500 0.018000 0.011000
9 0.463000 0.459000 0.020000 0.010000
14 0.425500 0.396000 0.021000 0.012000
14 0.422000 0.404000 0.024000 0.012000
9 0.417500 0.413500 0.021000 0.011000
9 0.416500 0.422000 0.021000 0.012000
14 0.412000 0.432000 0.020000 0.012000
9 0.411000 0.441000 0.018000 0.012000
9 0.381000 0.442500 0.022000 0.011000
9 0.383500 0.434000 0.021000 0.012000
9 0.386000 0.424500 0.022000 0.011000
14 0.393000 0.416500 0.020000 0.011000
9 0.394000 0.407000 0.024000 0.012000
9 0.397000 0.399000 0.022000 0.010000
9 0.399500 0.390500 0.019000 0.009000
14 0.330000 0.482500 0.014000 0.019000
9 0.322000 0.459000 0.022000 0.012000
9 0.324000 0.450000 0.022000 0.012000
9 0.328000 0.441000 0.020000 0.012000
9 0.329000 0.431000 0.022000 0.012000
9 0.332000 0.423000 0.022000 0.012000
14 0.332000 0.413500 0.022000 0.011000
9 0.335500 0.404500 0.021000 0.011000
9 0.435000 0.557500 0.020000 0.011000
12 0.431500 0.566000 0.021000 0.012000
9 0.430500 0.577000 0.021000 0.012000
14 0.426000 0.587000 0.022000 0.010000
9 0.424000 0.597000 0.020000 0.012000
9 0.400500 0.646000 0.017000 0.014000
14 0.392500 0.663500 0.019000 0.015000
9 0.384000 0.669500 0.016000 0.015000
9 0.142000 0.725500 0.018000 0.019000
9 0.149500 0.732000 0.017000 0.018000
9 0.159500 0.735500 0.021000 0.021000
9 0.167500 0.743000 0.019000 0.020000
9 0.175500 0.749500 0.017000 0.017000
9 0.183500 0.756000 0.015000 0.016000
9 0.194500 0.759500 0.019000 0.019000
14 0.213500 0.775000 0.017000 0.016000
9 0.225500 0.779000 0.017000 0.018000
9 0.233000 0.785000 0.018000 0.018000
9 0.267500 0.807500 0.015000 0.015000
14 0.277500 0.813500 0.015000 0.019000
14 0.545500 0.869000 0.021000 0.008000
14 0.875000 0.994500 0.020000 0.011000
14 0.880500 0.987000 0.019000 0.014000
9 0.887500 0.980000 0.021000 0.014000
14 0.891500 0.970500 0.019000 0.013000
14 0.903000 0.944500 0.024000 0.017000
14 0.908000 0.937500 0.020000 0.013000
14 0.912000 0.928500 0.020000 0.013000
14 0.918500 0.921000 0.019000 0.014000
14 0.923500 0.913500 0.021000 0.013000
14 0.991500 0.974000 0.013000 0.016000