9 0.106667 0.735625 0.023333 0.021250
9 0.474167 0.943750 0.038333 0.015000
14 0.483333 0.927500 0.043333 0.015000
9 0.852500 0.842500 0.041667 0.015000
14 0.845000 0.829375 0.036667 0.013750
14 0.954167 0.151250 0.025000 0.020000
9 0.869167 0.168125 0.025000 0.023750
9 0.342500 0.102500 0.035000 0.022500
14 0.367500 0.104375 0.031667 0.023750
12 0.398333 0.104375 0.013333 0.023750
9 0.420000 0.103125 0.016667 0.021250
9 0.440000 0.099375 0.020000 0.023750
9 0.460833 0.097500 0.018333 0.022500
14 0.480000 0.095625 0.020000 0.023750
9 0.499167 0.092500 0.018333 0.020000
9 0.520000 0.090000 0.016667 0.020000
9 0.539167 0.084375 0.015000 0.018750
14 0.558333 0.083125 0.023333 0.021250
9 0.584167 0.081250 0.021667 0.025000
9 0.602500 0.078125 0.018333 0.023750
14 0.625000 0.075625 0.013333 0.023750
14 0.645833 0.076250 0.018333 0.025000
9 0.557500 0.038750 0.035000 0.025000
14 0.572500 0.033125 0.031667 0.023750
9 0.589167 0.025000 0.035000 0.025000
9 0.408333 0.056250 0.033333 0.022500
14 0.424167 0.048750 0.031667 0.022500
14 0.437500 0.040625 0.035000 0.023750
14 0.450000 0.031875 0.030000 0.018750
12 0.465000 0.025625 0.033333 0.023750
9 0.494167 0.010625 0.031667 0.021250
14 0.028333 0.080625 0.026667 0.026250
14 0.048333 0.083750 0.026667 0.025000
14 0.069167 0.086875 0.025000 0.023750
14 0.090833 0.090625 0.025000 0.023750
14 0.110833 0.094375 0.025000 0.021250
9 0.150833 0.097500 0.035000 0.017500
14 0.163333 0.011250 0.030000 0.022500