33 0.432500 0.298500 0.095000 0.087000
33 0.494500 0.269500 0.095000 0.087000
33 0.555000 0.240500 0.094000 0.087000
33 0.677000 0.185000 0.096000 0.088000
33 0.738500 0.157000 0.097000 0.088000
33 0.801500 0.127000 0.095000 0.086000
33 0.592500 0.080500 0.097000 0.087000
33 0.473500 0.136000 0.097000 0.088000
33 0.410500 0.165000 0.095000 0.088000
33 0.350000 0.193500 0.096000 0.087000
9 0.023500 0.467500 0.007000 0.015000
9 0.011500 0.467500 0.007000 0.015000
12 0.026500 0.420000 0.009000 0.018000
14 0.038000 0.423500 0.008000 0.015000
14 0.050000 0.420500 0.008000 0.017000
9 0.061500 0.420500 0.007000 0.013000
14 0.086500 0.400500 0.009000 0.015000
9 0.074500 0.401000 0.009000 0.016000
14 0.050500 0.403000 0.009000 0.014000
14 0.037000 0.403000 0.008000 0.014000
9 0.026000 0.400000 0.008000 0.014000
9 0.015500 0.402000 0.009000 0.018000
9 0.003500 0.400000 0.007000 0.016000
9 0.005000 0.355500 0.010000 0.015000
9 0.017000 0.356000 0.008000 0.016000
14 0.029000 0.355000 0.008000 0.016000
9 0.041500 0.357000 0.009000 0.016000
9 0.052000 0.357500 0.010000 0.017000
9 0.064000 0.357500 0.008000 0.015000
14 0.075500 0.355500 0.009000 0.017000
9 0.087500 0.356500 0.007000 0.015000
14 0.090500 0.334000 0.009000 0.018000
9 0.078000 0.331000 0.010000 0.016000
9 0.065000 0.331000 0.008000 0.016000
9 0.053000 0.331500 0.010000 0.017000
14 0.041500 0.333500 0.009000 0.015000
9 0.028500 0.330000 0.009000 0.014000
14 0.017000 0.331000 0.008000 0.016000
9 0.004000 0.330500 0.008000 0.015000
14 0.006500 0.281500 0.009000 0.015000
9 0.019500 0.283000 0.009000 0.016000
9 0.031000 0.285000 0.008000 0.016000
14 0.067000 0.259500 0.010000 0.019000
14 0.052000 0.258000 0.010000 0.020000
14 0.035000 0.254500 0.010000 0.017000
14 0.022500 0.257000 0.011000 0.020000
14 0.007000 0.257500 0.010000 0.019000
9 0.097500 0.198500 0.021000 0.015000
14 0.138500 0.161000 0.021000 0.016000
14 0.126500 0.144500 0.021000 0.015000
14 0.074500 0.162500 0.023000 0.015000
9 0.853000 0.006500 0.016000 0.013000
14 0.836000 0.062000 0.018000 0.020000
14 0.847000 0.057000 0.016000 0.018000
9 0.858000 0.052500 0.016000 0.019000
9 0.868000 0.048000 0.016000 0.018000
9 0.879500 0.043500 0.015000 0.017000
14 0.890000 0.039500 0.016000 0.019000
14 0.900000 0.035500 0.016000 0.019000
9 0.942000 0.016000 0.016000 0.018000
9 0.952000 0.011500 0.016000 0.019000
14 0.962000 0.008500 0.020000 0.017000
14 0.247500 0.465500 0.017000 0.007000
9 0.320500 0.468000 0.017000 0.008000
9 0.367000 0.528000 0.008000 0.016000
12 0.251000 0.525500 0.008000 0.017000
33 0.658500 0.053500 0.097000 0.087000
33 0.721000 0.033500 0.096000 0.067000