9 0.037000 0.557000 0.018000 0.010000
14 0.081000 0.559000 0.022000 0.010000
9 0.122500 0.575000 0.017000 0.010000
14 0.117500 0.543000 0.023000 0.012000
9 0.285000 0.461000 0.008000 0.018000
14 0.283500 0.254000 0.009000 0.020000
14 0.319500 0.169000 0.009000 0.018000
9 0.307000 0.080000 0.018000 0.020000
14 0.363500 0.030500 0.019000 0.015000
9 0.025500 0.410000 0.021000 0.008000
14 0.027500 0.358000 0.021000 0.006000
14 0.091000 0.350500 0.018000 0.007000
12 0.091000 0.322500 0.020000 0.007000
14 0.093000 0.313000 0.020000 0.006000
14 0.025500 0.309500 0.019000 0.007000
9 0.027000 0.289000 0.020000 0.008000
14 0.026500 0.277500 0.017000 0.007000
14 0.083500 0.262500 0.009000 0.017000
9 0.166000 0.276000 0.024000 0.008000
14 0.168000 0.291500 0.022000 0.007000
14 0.166500 0.310000 0.021000 0.008000
14 0.166500 0.330000 0.021000 0.008000
14 0.166000 0.385000 0.022000 0.008000
14 0.169000 0.415000 0.022000 0.008000
14 0.115500 0.431500 0.009000 0.015000
14 0.178000 0.134500 0.020000 0.007000
9 0.115000 0.058000 0.022000 0.008000
14 0.056500 0.082000 0.019000 0.008000
14 0.024000 0.041500 0.008000 0.015000
9 0.009000 0.042000 0.010000 0.018000
11 0.766000 0.440500 0.036000 0.037000
14 0.654500 0.572500 0.019000 0.009000
14 0.652500 0.585500 0.023000 0.011000
14 0.647500 0.596000 0.023000 0.012000
12 0.799000 0.784500 0.020000 0.025000
14 0.950500 0.754000 0.021000 0.010000
12 0.957500 0.396000 0.025000 0.022000
14 0.891500 0.363500 0.021000 0.017000
14 0.745500 0.287000 0.019000 0.016000
14 0.573000 0.164500 0.020000 0.017000
12 0.913000 0.028500 0.010000 0.019000
35 0.324000 0.609500 0.100000 0.083000
9 0.194500 0.916000 0.023000 0.012000
9 0.162000 0.909500 0.024000 0.013000
14 0.120500 0.900500 0.021000 0.011000
30 0.750000 0.803500 0.174000 0.133000
30 0.901000 0.829500 0.138000 0.121000