29 0.280000 0.603750 0.086666 0.062500
29 0.235000 0.107500 0.056666 0.040000
29 0.301666 0.115000 0.063334 0.040000
29 0.368334 0.120000 0.063334 0.040000
29 0.406666 0.086250 0.066666 0.042500
29 0.500000 0.126250 0.066666 0.042500
29 0.538334 0.098750 0.070000 0.047500
29 0.051666 0.206250 0.103333 0.087500
29 0.166666 0.216250 0.133334 0.102500
29 0.400000 0.240000 0.133334 0.100000
29 0.518334 0.247500 0.116666 0.090000
29 0.468334 0.345000 0.076666 0.055000
29 0.246666 0.365000 0.073334 0.055000
29 0.278334 0.367500 0.043334 0.045000
29 0.455000 0.435000 0.050000 0.045000
29 0.478334 0.412500 0.063334 0.045000
29 0.045000 0.461250 0.090000 0.062500
29 0.126666 0.466250 0.080000 0.057500
29 0.213334 0.475000 0.080000 0.055000
29 0.976666 0.061250 0.046667 0.067500