4 0.028666 0.511334 0.054666 0.030666
5 0.266000 0.744666 0.070666 0.049334
7 0.338000 0.776666 0.086666 0.057334
4 0.406666 0.734666 0.061334 0.154666
3 0.431334 0.756666 0.028000 0.049334
3 0.458000 0.732666 0.030666 0.049334
3 0.516666 0.766000 0.033334 0.054666
4 0.620000 0.922000 0.034666 0.044000
8 0.668666 0.822000 0.062666 0.070666
8 0.684000 0.828666 0.088000 0.100000
5 0.691334 0.919334 0.052000 0.057334
4 0.780000 0.946666 0.064000 0.040000
7 0.951999 0.428666 0.096001 0.190666
3 0.968666 0.432666 0.062667 0.049334
5 0.476666 0.784000 0.086666 0.120000
5 0.542666 0.873334 0.064000 0.082666
1 0.646666 0.892666 0.018666 0.020000
1 0.640666 0.887334 0.017334 0.020000