2 0.004667 0.702000 0.009333 0.033334
2 0.014667 0.736666 0.029333 0.033334
2 0.028000 0.711334 0.018666 0.028000
2 0.038000 0.725334 0.025334 0.018666
2 0.006667 0.662000 0.013333 0.025334
2 0.020000 0.683334 0.024000 0.022666
2 0.001333 0.628000 0.002667 0.024000
2 0.005333 0.626666 0.010667 0.024000
2 0.011333 0.619334 0.022666 0.028000
2 0.017334 0.612666 0.032000 0.033334
2 0.030000 0.602666 0.030666 0.034666
2 0.039334 0.598000 0.028000 0.030666
2 0.046000 0.590000 0.030666 0.033334
2 0.069334 0.580666 0.024000 0.025334
2 0.078000 0.576666 0.030666 0.033334
2 0.084666 0.572666 0.028000 0.028000
2 0.053334 0.588000 0.021334 0.024000
2 0.055334 0.582000 0.022666 0.025334
2 0.064666 0.583334 0.017334 0.020000
2 0.055334 0.610666 0.030666 0.029334
5 0.058000 0.652666 0.057334 0.054666
2 0.020666 0.638000 0.025334 0.017334
2 0.182666 0.584666 0.040000 0.033334
2 0.192666 0.588666 0.052000 0.052000
2 0.202666 0.603334 0.034666 0.033334
2 0.210666 0.613334 0.042666 0.042666
5 0.331334 0.508666 0.065334 0.065334
5 0.346666 0.537334 0.077334 0.074666
2 0.212666 0.764666 0.116000 0.076000
2 0.222666 0.786000 0.085334 0.060000
2 0.250000 0.793334 0.052000 0.042666
2 0.192666 0.832666 0.070666 0.054666
2 0.174000 0.872666 0.065334 0.060000
7 0.254666 0.814666 0.114666 0.090666
5 0.269334 0.838000 0.061334 0.049334
2 0.280000 0.851334 0.050666 0.041334
2 0.286666 0.862000 0.045334 0.038666
2 0.299334 0.872666 0.028000 0.022666
7 0.309334 0.921334 0.109334 0.093334
2 0.258666 0.911334 0.032000 0.030666
2 0.268000 0.917334 0.024000 0.024000
2 0.274666 0.925334 0.045334 0.040000
2 0.310666 0.949334 0.042666 0.045334
7 0.326000 0.954666 0.102666 0.090666
2 0.336666 0.981334 0.044000 0.037333
1 0.526666 0.394000 0.024000 0.028000
1 0.540000 0.438666 0.034666 0.024000
34 0.274666 0.208000 0.042666 0.042666
36 0.483334 0.498000 0.212000 0.228000