12 0.264000 0.853000 0.032000 0.058000
12 0.311000 0.608000 0.030000 0.048000
14 0.261000 0.689000 0.026000 0.042000
9 0.303000 0.512000 0.026000 0.036000
14 0.365000 0.506000 0.026000 0.032000
14 0.383000 0.317000 0.026000 0.038000
14 0.456000 0.156000 0.024000 0.032000
12 0.441000 0.116000 0.038000 0.064000
9 0.413000 0.099000 0.026000 0.038000
11 0.617000 0.101000 0.046000 0.090000
9 0.611000 0.262000 0.026000 0.036000
14 0.543000 0.568000 0.026000 0.032000
14 0.554000 0.405000 0.028000 0.038000
9 0.491000 0.854000 0.022000 0.040000
11 0.384000 0.818000 0.040000 0.112000
11 0.592000 0.789000 0.028000 0.110000
12 0.596000 0.620000 0.028000 0.060000