12 0.077000 0.282000 0.026000 0.060000
12 0.013000 0.399000 0.026000 0.018000
12 0.334000 0.396000 0.048000 0.020000
9 0.301000 0.345000 0.042000 0.014000
35 0.447000 0.370000 0.126000 0.084000
9 0.400000 0.193000 0.024000 0.042000
14 0.479000 0.215000 0.018000 0.034000
14 0.546000 0.146000 0.040000 0.016000
9 0.421000 0.542000 0.022000 0.040000
9 0.419000 0.463000 0.022000 0.038000
14 0.488000 0.635000 0.024000 0.042000
9 0.490000 0.726000 0.024000 0.036000
9 0.064000 0.432000 0.024000 0.032000
14 0.491000 0.786000 0.022000 0.036000
14 0.496000 0.871000 0.020000 0.030000
14 0.555000 0.914000 0.034000 0.016000
14 0.767000 0.466000 0.022000 0.040000
9 0.874000 0.491000 0.024000 0.038000
12 0.614000 0.749000 0.016000 0.030000