12 0.947000 0.656000 0.018000 0.036000
9 0.926000 0.188000 0.016000 0.032000
14 0.182000 0.296000 0.040000 0.016000
12 0.170000 0.320000 0.052000 0.020000
14 0.675000 0.491000 0.018000 0.038000
14 0.648000 0.601000 0.016000 0.038000
9 0.730000 0.649000 0.016000 0.034000
14 0.291000 0.254000 0.018000 0.036000
12 0.315000 0.959000 0.022000 0.046000
9 0.949000 0.753000 0.014000 0.034000
14 0.903000 0.809000 0.046000 0.018000
9 0.364000 0.472000 0.040000 0.016000
14 0.345000 0.452000 0.034000 0.016000
14 0.233000 0.474000 0.018000 0.036000
14 0.232000 0.520000 0.020000 0.044000
14 0.136000 0.444000 0.044000 0.020000
14 0.137000 0.422000 0.042000 0.016000
14 0.041000 0.808000 0.038000 0.020000
14 0.100000 0.807000 0.072000 0.022000
9 0.731000 0.147000 0.042000 0.018000
9 0.876000 0.147000 0.036000 0.014000
14 0.800000 0.093000 0.040000 0.014000
12 0.402000 0.926000 0.048000 0.020000
14 0.349000 0.925000 0.042000 0.022000
12 0.240000 0.922000 0.048000 0.016000
14 0.149000 0.922000 0.042000 0.016000
14 0.089000 0.925000 0.038000 0.018000
9 0.607000 0.807000 0.042000 0.018000
14 0.497000 0.751000 0.038000 0.022000
14 0.557000 0.725000 0.018000 0.034000
14 0.336000 0.619000 0.028000 0.014000
9 0.417000 0.148000 0.046000 0.016000
14 0.366000 0.490000 0.036000 0.012000
9 0.185000 0.702000 0.034000 0.016000