7 0.168666 0.586000 0.124000 0.076000
7 0.131334 0.668000 0.140000 0.088000
7 0.030667 0.605334 0.061334 0.066666
7 0.025333 0.631334 0.050666 0.076000
7 0.029334 0.910000 0.058667 0.052000
2 0.132666 0.964000 0.076000 0.045334
2 0.288666 0.814000 0.041334 0.078666
2 0.299334 0.820000 0.036000 0.066666
7 0.228666 0.972666 0.033334 0.054666
2 0.475334 0.675334 0.094666 0.108000
2 0.490000 0.692000 0.089334 0.106666
2 0.425334 0.774666 0.061334 0.072000
2 0.448000 0.802666 0.040000 0.042666
2 0.459334 0.808000 0.038666 0.042666
2 0.585334 0.820666 0.090666 0.030666
1 0.890000 0.726666 0.020000 0.024000