29 0.115010 0.980657 0.036063 0.035783
26 0.140837 0.956963 0.034114 0.032882
29 0.159357 0.937863 0.028265 0.029497
29 0.172758 0.916586 0.026803 0.026596
26 0.211258 0.877902 0.032652 0.032398
29 0.295810 0.786750 0.023392 0.022243
29 0.280945 0.767650 0.012183 0.012089
19 0.347465 0.728482 0.032164 0.030463
29 0.328460 0.713733 0.023392 0.023212
26 0.403995 0.662476 0.033138 0.032882
25 0.386939 0.683027 0.030215 0.029497
25 0.471491 0.659575 0.029727 0.029981
25 0.441764 0.621132 0.029727 0.029497
25 0.459552 0.601789 0.029239 0.028531
25 0.476122 0.581963 0.028265 0.028531
29 0.493178 0.561896 0.028265 0.027079
25 0.520955 0.533123 0.029239 0.029497
29 0.548246 0.499759 0.028265 0.028531
35 0.043129 0.763056 0.018032 0.018374
35 0.104288 0.816731 0.015594 0.016442
35 0.242447 0.537234 0.014133 0.013539