12 0.995000 0.016667 0.010000 0.033334
12 0.940000 0.018333 0.055000 0.036667
11 0.918750 0.036667 0.062500 0.073333
9 0.901250 0.075000 0.032500 0.043334
14 0.873750 0.075000 0.037500 0.050000
12 0.837500 0.081666 0.055000 0.076666
12 0.806250 0.105000 0.052500 0.070000
14 0.791250 0.126666 0.037500 0.053334
13 0.771250 0.138334 0.037500 0.050000
12 0.737500 0.151666 0.050000 0.076666
12 0.707500 0.173334 0.055000 0.080000
14 0.686250 0.211666 0.032500 0.043334
12 0.646250 0.213334 0.052500 0.080000
12 0.618750 0.235000 0.057500 0.083334
12 0.581250 0.250000 0.057500 0.080000
13 0.553750 0.280000 0.047500 0.060000
12 0.502500 0.331666 0.025000 0.063334
12 0.456250 0.265000 0.072500 0.070000
12 0.437500 0.238334 0.065000 0.056666
14 0.451250 0.175000 0.042500 0.036666
14 0.525000 0.140000 0.045000 0.040000
13 0.575000 0.095000 0.030000 0.043334
13 0.600000 0.078334 0.035000 0.050000
12 0.643750 0.041666 0.062500 0.050000