8 0.827334 0.302666 0.153334 0.026666
3 0.653334 0.024000 0.066666 0.037334
1 0.662000 0.068666 0.057334 0.033334
1 0.718666 0.044000 0.045334 0.029334
1 0.775334 0.028000 0.033334 0.021334
1 0.767334 0.012667 0.049334 0.025334
1 0.656666 0.058666 0.054666 0.034666
1 0.716000 0.033334 0.045334 0.029334
1 0.772000 0.019334 0.048000 0.030666
8 0.832000 0.116666 0.109334 0.022666
4 0.930666 0.114666 0.066666 0.024000
4 0.931334 0.136000 0.060000 0.018666
8 0.832666 0.135334 0.110666 0.012000
8 0.840666 0.340666 0.110666 0.020000
4 0.801334 0.505334 0.066666 0.013334
4 0.802666 0.536666 0.069334 0.020000
4 0.918666 0.540000 0.074666 0.021334
4 0.824000 0.707334 0.045334 0.014666
4 0.878666 0.706000 0.048000 0.017334
4 0.825334 0.735334 0.042666 0.014666
4 0.880666 0.740666 0.044000 0.020000
4 0.914666 0.894000 0.061334 0.022666
4 0.828000 0.930666 0.066666 0.016000
4 0.890000 0.930000 0.028000 0.012000
4 0.923334 0.937334 0.030666 0.018666