29 0.823334 0.023750 0.066666 0.047500
29 0.248334 0.030000 0.083334 0.060000
29 0.143334 0.030000 0.080000 0.060000
29 0.025000 0.020000 0.050001 0.040000
29 0.010001 0.160000 0.020001 0.025000
29 0.063334 0.158750 0.060000 0.047500
29 0.133334 0.158750 0.053334 0.027500
29 0.065000 0.275000 0.063334 0.035000
29 0.130000 0.282500 0.060000 0.040000
29 0.135000 0.232500 0.043334 0.040000
29 0.206666 0.222500 0.053334 0.040000
29 0.210000 0.198750 0.060000 0.042500
29 0.200000 0.256250 0.060000 0.042500
29 0.025000 0.387500 0.050000 0.055000