7 0.181000 0.381000 0.258000 0.038000
7 0.220000 0.356000 0.112000 0.024000
7 0.157000 0.571000 0.154000 0.018000
7 0.153000 0.595000 0.154000 0.018000
7 0.345000 0.631000 0.114000 0.026000
4 0.492000 0.528000 0.104000 0.020000
36 0.548000 0.331000 0.056000 0.054000
36 0.571000 0.297000 0.050000 0.046000
36 0.714000 0.084000 0.044000 0.036000
36 0.729000 0.062000 0.042000 0.036000
36 0.746000 0.038000 0.048000 0.044000
36 0.760000 0.021000 0.040000 0.034000
36 0.771000 0.010000 0.038000 0.020000
4 0.485000 0.488000 0.058000 0.012000
4 0.498000 0.514000 0.040000 0.012000
4 0.494000 0.502000 0.044000 0.012000