14 0.198000 0.701000 0.032000 0.070000
14 0.263000 0.671000 0.018000 0.030000
12 0.264000 0.452000 0.032000 0.060000
12 0.309000 0.207000 0.030000 0.050000
14 0.260000 0.288000 0.028000 0.044000
9 0.302000 0.112000 0.028000 0.036000
14 0.363000 0.105000 0.026000 0.034000
14 0.541000 0.167000 0.026000 0.034000
14 0.554000 0.012000 0.028000 0.024000
9 0.490000 0.454000 0.024000 0.040000
11 0.383000 0.418000 0.042000 0.112000
11 0.592000 0.388000 0.028000 0.112000
12 0.595000 0.219000 0.030000 0.062000