3 0.000667 0.049334 0.001334 0.058666
3 0.012667 0.051334 0.025333 0.049334
3 0.002667 0.102000 0.005333 0.057334
3 0.012666 0.106000 0.022666 0.070666
3 0.031334 0.100666 0.022666 0.054666
1 0.160666 0.068666 0.017334 0.025334
1 0.166666 0.074000 0.018666 0.030666
1 0.176000 0.075334 0.024000 0.036000
1 0.180666 0.082000 0.022666 0.028000
1 0.188000 0.086666 0.024000 0.032000
1 0.194666 0.090000 0.026666 0.033334
1 0.201334 0.098000 0.024000 0.030666
1 0.145334 0.098666 0.024000 0.034666
1 0.152666 0.104000 0.020000 0.024000
1 0.162000 0.106000 0.017334 0.025334
1 0.168000 0.110000 0.021334 0.033334
1 0.127334 0.127334 0.020000 0.028000
1 0.135334 0.131334 0.020000 0.030666
1 0.144000 0.133334 0.024000 0.032000
1 0.148666 0.138666 0.020000 0.024000
1 0.054000 0.173334 0.025334 0.034666
1 0.066000 0.174000 0.030666 0.044000
1 0.071334 0.190000 0.030666 0.044000
1 0.083334 0.192000 0.025334 0.034666
1 0.087334 0.201334 0.028000 0.037334
1 0.096666 0.207334 0.030666 0.041334
1 0.120000 0.073334 0.021334 0.026666
1 0.114000 0.048000 0.020000 0.024000
1 0.142000 0.184666 0.020000 0.044000
1 0.132000 0.180666 0.021334 0.046666
1 0.123334 0.173334 0.020000 0.040000
1 0.115334 0.171334 0.025334 0.044000
1 0.108666 0.164000 0.020000 0.042666
1 0.100000 0.157334 0.018666 0.037334
1 0.091334 0.152666 0.020000 0.036000
1 0.104000 0.102000 0.016000 0.030666
1 0.096000 0.102000 0.016000 0.030666
1 0.086000 0.101334 0.017334 0.029334
1 0.078666 0.098666 0.021334 0.034666
1 0.070666 0.096000 0.018666 0.040000
1 0.076666 0.122666 0.038666 0.013334
1 0.072000 0.132666 0.037334 0.012000
1 0.066666 0.146000 0.042666 0.014666
1 0.286666 0.076666 0.024000 0.012000
1 0.289334 0.084000 0.045334 0.021334
1 0.284666 0.095334 0.036000 0.020000
1 0.021334 0.230000 0.018666 0.025334
2 0.105334 0.428000 0.050666 0.069334
35 0.502000 0.042000 0.102666 0.083999
35 0.902000 0.884000 0.078666 0.077334