14 0.301250 0.950000 0.067500 0.033334
14 0.865000 0.913334 0.020000 0.066666
14 0.317500 0.308334 0.025000 0.056666
9 0.388750 0.335000 0.022500 0.056666
14 0.391250 0.271666 0.022500 0.056666
14 0.280000 0.885000 0.055000 0.050000
14 0.291250 0.851666 0.047500 0.056666
14 0.362500 0.871666 0.045000 0.063334
14 0.393750 0.868334 0.052500 0.076666
14 0.648750 0.770000 0.047500 0.033334
14 0.713750 0.770000 0.052500 0.033334
9 0.776250 0.623334 0.022500 0.060000
14 0.777500 0.695000 0.020000 0.056666
14 0.775000 0.355000 0.020000 0.050000
14 0.861250 0.245000 0.022500 0.056666
14 0.862500 0.313334 0.025000 0.053334
14 0.870000 0.680000 0.025000 0.066666
9 0.871250 0.440000 0.017500 0.046666
14 0.871250 0.480000 0.017500 0.033334
9 0.586250 0.103334 0.047500 0.026666
12 0.485000 0.106666 0.055000 0.033334
14 0.346250 0.108334 0.052500 0.030000
9 0.166250 0.106666 0.047500 0.026666
14 0.462500 0.193334 0.045000 0.026666
14 0.533750 0.195000 0.047500 0.030000
9 0.620000 0.193334 0.045000 0.026666
14 0.831250 0.045000 0.027500 0.063334