14 0.995000 0.223000 0.010000 0.018000
9 0.993000 0.241000 0.014000 0.018000
9 0.307000 0.574000 0.022000 0.028000
14 0.356000 0.561000 0.032000 0.038000
14 0.400000 0.545000 0.044000 0.046000
9 0.427000 0.533000 0.038000 0.038000
9 0.446000 0.521000 0.036000 0.034000
9 0.462000 0.506000 0.036000 0.032000
14 0.442000 0.371000 0.044000 0.022000
9 0.451000 0.353000 0.046000 0.026000
14 0.464000 0.335000 0.048000 0.034000
14 0.504000 0.329000 0.044000 0.026000
9 0.482000 0.304000 0.048000 0.028000
9 0.496000 0.288000 0.052000 0.028000
9 0.499000 0.269000 0.046000 0.026000
14 0.505000 0.252000 0.046000 0.028000
9 0.520000 0.236000 0.048000 0.032000
9 0.565000 0.375000 0.054000 0.022000
14 0.576000 0.357000 0.052000 0.026000
9 0.561000 0.317000 0.014000 0.026000
14 0.610000 0.308000 0.048000 0.028000
9 0.616000 0.289000 0.056000 0.030000
9 0.627000 0.272000 0.058000 0.024000
9 0.634000 0.253000 0.056000 0.030000
14 0.588000 0.222000 0.032000 0.040000
9 0.754000 0.391000 0.036000 0.022000
9 0.741000 0.372000 0.042000 0.024000
14 0.806000 0.362000 0.052000 0.028000
9 0.758000 0.348000 0.048000 0.028000
14 0.770000 0.331000 0.048000 0.030000
14 0.779000 0.315000 0.050000 0.030000
9 0.791000 0.297000 0.046000 0.030000
9 0.801000 0.281000 0.042000 0.026000
9 0.807000 0.267000 0.042000 0.026000
9 0.821000 0.248000 0.042000 0.024000
9 0.829000 0.234000 0.046000 0.024000
9 0.823000 0.329000 0.046000 0.026000
9 0.830000 0.312000 0.044000 0.024000
9 0.854000 0.284000 0.048000 0.032000
9 0.873000 0.247000 0.050000 0.030000
9 0.887000 0.231000 0.046000 0.026000
9 0.833000 0.214000 0.050000 0.028000
9 0.849000 0.199000 0.046000 0.026000
9 0.854000 0.182000 0.044000 0.024000
9 0.893000 0.212000 0.042000 0.024000
9 0.904000 0.198000 0.044000 0.028000
9 0.870000 0.165000 0.040000 0.026000
9 0.910000 0.178000 0.044000 0.028000
9 0.869000 0.146000 0.050000 0.032000
9 0.921000 0.164000 0.042000 0.024000
9 0.933000 0.147000 0.046000 0.026000
9 0.881000 0.130000 0.046000 0.028000
14 0.943000 0.128000 0.050000 0.028000
14 0.941000 0.347000 0.042000 0.030000
9 0.947000 0.328000 0.030000 0.020000
9 0.968000 0.293000 0.040000 0.022000
9 0.976000 0.274000 0.032000 0.020000
14 0.985000 0.257000 0.030000 0.026000
30 0.166000 0.299000 0.320000 0.294000
32 0.173000 0.106000 0.346000 0.212000