6 0.657000 0.310000 0.182000 0.244000
6 0.615000 0.303000 0.138000 0.182000
6 0.581000 0.339000 0.138000 0.182000
6 0.595000 0.315000 0.134000 0.178000
6 0.335000 0.249000 0.174000 0.238000
6 0.282000 0.222000 0.148000 0.196000
6 0.260000 0.243000 0.172000 0.230000
6 0.246000 0.281000 0.184000 0.246000
2 0.087000 0.122000 0.026000 0.068000
2 0.135000 0.647000 0.050000 0.042000
2 0.137000 0.663000 0.046000 0.038000
2 0.162000 0.701000 0.040000 0.042000
2 0.175000 0.703000 0.042000 0.042000
2 0.175000 0.730000 0.038000 0.032000
2 0.220000 0.774000 0.048000 0.036000
2 0.273000 0.742000 0.050000 0.036000
2 0.325000 0.717000 0.054000 0.038000
2 0.379000 0.682000 0.058000 0.044000
2 0.430000 0.657000 0.048000 0.034000
2 0.492000 0.620000 0.052000 0.036000
7 0.983000 0.895000 0.034000 0.210000
7 0.998000 0.889000 0.004000 0.222000