27 0.040087 0.568572 0.031549 0.030858
29 0.031838 0.501428 0.022577 0.021142
29 0.013169 0.407000 0.026338 0.026000
20 0.003618 0.393858 0.007236 0.033428
21 0.147757 0.296286 0.033285 0.028572
22 0.136179 0.250858 0.027496 0.028000
20 0.193343 0.213000 0.038784 0.038000
20 0.204775 0.255428 0.030970 0.028000
22 0.264544 0.326142 0.021997 0.021428
21 0.316497 0.335286 0.029812 0.031142
22 0.348624 0.363858 0.025180 0.025428
22 0.425759 0.336286 0.028944 0.028572
20 0.786251 0.182428 0.036179 0.035714
29 0.753256 0.151000 0.014182 0.014000
22 0.128220 0.192428 0.028364 0.026572
22 0.036323 0.134858 0.029234 0.030286
25 0.057598 0.118858 0.015630 0.016572
29 0.085384 0.104572 0.026048 0.026286
25 0.106077 0.088000 0.017078 0.016572
25 0.149783 0.097286 0.018235 0.016858
26 0.126338 0.034428 0.020549 0.019142
25 0.113024 0.020714 0.017655 0.017428
20 0.034154 0.069714 0.032995 0.034286
20 0.014037 0.085858 0.028075 0.038000
25 0.001737 0.161714 0.003474 0.016572
32 0.543126 0.734000 0.024023 0.040572
30 0.601448 0.706286 0.017945 0.018286