11 0.996000 0.041000 0.008000 0.062000
11 0.979000 0.029000 0.042000 0.058000
11 0.895000 0.019000 0.042000 0.038000
10 0.822000 0.059000 0.052000 0.066000
10 0.800000 0.041000 0.052000 0.066000
10 0.771000 0.035000 0.054000 0.066000
10 0.706000 0.033000 0.056000 0.066000
12 0.819000 0.163000 0.042000 0.030000
12 0.809000 0.177000 0.042000 0.030000
9 0.792000 0.242000 0.020000 0.024000
14 0.830000 0.355000 0.024000 0.026000
14 0.742000 0.324000 0.028000 0.032000
14 0.726000 0.312000 0.028000 0.032000
9 0.687000 0.299000 0.022000 0.030000
9 0.679000 0.199000 0.034000 0.042000
14 0.323000 0.182000 0.030000 0.032000
14 0.502000 0.355000 0.028000 0.034000
9 0.399000 0.306000 0.026000 0.036000
14 0.293000 0.265000 0.030000 0.034000
14 0.262000 0.249000 0.032000 0.038000
14 0.240000 0.236000 0.028000 0.032000
9 0.222000 0.233000 0.028000 0.034000
9 0.205000 0.220000 0.026000 0.032000
9 0.187000 0.213000 0.030000 0.038000
14 0.170000 0.203000 0.028000 0.034000
14 0.152000 0.198000 0.032000 0.036000
9 0.237000 0.116000 0.042000 0.028000
14 0.110000 0.146000 0.036000 0.012000
9 0.113000 0.126000 0.038000 0.016000
9 0.113000 0.110000 0.038000 0.016000
9 0.111000 0.091000 0.034000 0.014000
14 0.113000 0.074000 0.038000 0.016000
14 0.114000 0.059000 0.040000 0.014000
9 0.111000 0.008000 0.034000 0.012000
9 0.955000 0.538000 0.030000 0.012000
9 0.954000 0.663000 0.032000 0.014000
14 0.956000 0.700000 0.036000 0.016000
14 0.952000 0.764000 0.032000 0.012000
14 0.959000 0.782000 0.038000 0.016000
9 0.958000 0.814000 0.036000 0.012000
14 0.956000 0.834000 0.036000 0.016000
9 0.959000 0.863000 0.030000 0.014000
9 0.954000 0.882000 0.040000 0.012000
14 0.957000 0.911000 0.034000 0.014000
9 0.957000 0.945000 0.038000 0.014000
14 0.946000 0.979000 0.024000 0.014000
9 0.960000 0.994000 0.028000 0.012000
9 0.805000 0.857000 0.038000 0.014000
9 0.806000 0.870000 0.036000 0.012000
9 0.807000 0.885000 0.038000 0.014000
9 0.811000 0.906000 0.034000 0.012000
9 0.813000 0.920000 0.034000 0.012000
14 0.808000 0.939000 0.040000 0.014000
9 0.809000 0.955000 0.038000 0.018000
9 0.810000 0.971000 0.040000 0.014000
9 0.808000 0.986000 0.036000 0.016000
14 0.809000 0.999000 0.038000 0.002000
9 0.855000 0.853000 0.034000 0.010000
14 0.850000 0.870000 0.032000 0.012000
9 0.851000 0.890000 0.038000 0.016000
9 0.851000 0.906000 0.034000 0.012000
14 0.853000 0.921000 0.034000 0.014000
14 0.852000 0.955000 0.036000 0.014000
9 0.851000 0.971000 0.034000 0.014000
9 0.850000 0.988000 0.040000 0.016000
9 0.855000 0.997000 0.038000 0.006000
14 0.850000 0.740000 0.036000 0.016000
9 0.850000 0.690000 0.036000 0.012000
12 0.081000 0.410000 0.042000 0.012000
9 0.077000 0.426000 0.034000 0.012000
12 0.085000 0.541000 0.042000 0.014000
14 0.087000 0.575000 0.038000 0.014000
9 0.084000 0.606000 0.036000 0.012000
9 0.085000 0.638000 0.034000 0.012000
9 0.085000 0.668000 0.034000 0.012000
14 0.084000 0.685000 0.036000 0.014000
9 0.084000 0.703000 0.036000 0.014000
14 0.081000 0.725000 0.034000 0.014000
14 0.087000 0.755000 0.038000 0.014000
14 0.081000 0.828000 0.034000 0.016000
14 0.079000 0.788000 0.030000 0.012000
14 0.081000 0.774000 0.030000 0.012000
9 0.834000 0.268000 0.016000 0.028000