9 0.687000 0.574000 0.042000 0.016000
14 0.163000 0.554000 0.026000 0.020000
14 0.146000 0.591000 0.040000 0.018000
14 0.085000 0.590000 0.034000 0.012000
14 0.960000 0.199000 0.040000 0.014000
14 0.815000 0.205000 0.038000 0.014000
9 0.766000 0.230000 0.040000 0.016000
14 0.746000 0.206000 0.036000 0.012000
9 0.714000 0.231000 0.044000 0.014000
14 0.689000 0.212000 0.038000 0.012000
12 0.595000 0.236000 0.046000 0.012000
14 0.617000 0.211000 0.038000 0.014000
14 0.542000 0.238000 0.040000 0.016000
14 0.552000 0.215000 0.036000 0.014000
14 0.359000 0.174000 0.038000 0.012000
12 0.280000 0.246000 0.048000 0.016000
14 0.187000 0.183000 0.042000 0.014000
35 0.924000 0.191000 0.072000 0.098000
35 0.945000 0.578000 0.082000 0.080000
35 0.017000 0.613000 0.034000 0.086000
9 0.156000 0.671000 0.016000 0.030000
9 0.207000 0.668000 0.022000 0.036000
9 0.545000 0.748000 0.018000 0.032000
14 0.594000 0.746000 0.024000 0.036000
14 0.759000 0.746000 0.022000 0.032000
12 0.856000 0.744000 0.020000 0.060000
13 0.836000 0.966000 0.016000 0.020000
13 0.811000 0.965000 0.014000 0.018000
13 0.783000 0.960000 0.014000 0.024000
13 0.653000 0.957000 0.014000 0.030000
13 0.487000 0.975000 0.014000 0.022000
9 0.380000 0.968000 0.016000 0.028000
9 0.355000 0.970000 0.018000 0.028000
14 0.298000 0.969000 0.012000 0.026000
14 0.272000 0.971000 0.012000 0.026000
14 0.248000 0.968000 0.012000 0.028000
14 0.221000 0.972000 0.014000 0.024000
9 0.166000 0.974000 0.016000 0.032000
9 0.882000 0.535000 0.028000 0.034000
9 0.850000 0.540000 0.016000 0.028000
9 0.804000 0.543000 0.016000 0.030000
14 0.725000 0.547000 0.018000 0.030000
9 0.599000 0.538000 0.018000 0.028000
19 0.577000 0.543000 0.018000 0.034000
14 0.539000 0.530000 0.038000 0.012000
14 0.541000 0.512000 0.042000 0.016000
14 0.547000 0.494000 0.034000 0.012000
9 0.626000 0.541000 0.016000 0.030000
9 0.491000 0.549000 0.038000 0.022000
14 0.489000 0.506000 0.046000 0.032000
14 0.400000 0.529000 0.048000 0.034000
14 0.479000 0.418000 0.042000 0.032000
9 0.466000 0.371000 0.036000 0.030000
35 0.026000 0.848000 0.052000 0.064000
13 0.403000 0.966000 0.022000 0.032000
13 0.683000 0.963000 0.014000 0.022000