14 0.810000 0.991000 0.036000 0.018000
14 0.216000 0.059000 0.016000 0.030000
14 0.208000 0.006000 0.036000 0.012000
14 0.214000 0.117000 0.020000 0.034000
14 0.291000 0.165000 0.038000 0.014000
14 0.286000 0.145000 0.032000 0.018000
9 0.222000 0.535000 0.016000 0.034000
14 0.224000 0.567000 0.012000 0.026000
14 0.013000 0.653000 0.018000 0.030000
9 0.060000 0.652000 0.020000 0.036000
9 0.080000 0.651000 0.020000 0.030000
14 0.108000 0.651000 0.016000 0.030000
9 0.022000 0.736000 0.024000 0.032000
14 0.048000 0.738000 0.020000 0.036000
9 0.068000 0.736000 0.020000 0.036000
14 0.092000 0.735000 0.020000 0.034000
14 0.141000 0.736000 0.018000 0.032000
14 0.165000 0.737000 0.022000 0.034000
9 0.023000 0.772000 0.018000 0.032000
9 0.046000 0.772000 0.020000 0.032000
9 0.069000 0.776000 0.018000 0.032000
14 0.092000 0.773000 0.020000 0.034000
14 0.117000 0.773000 0.022000 0.030000
14 0.142000 0.773000 0.020000 0.034000
14 0.165000 0.773000 0.018000 0.030000
14 0.190000 0.777000 0.020000 0.030000
9 0.029000 0.859000 0.018000 0.030000
14 0.056000 0.857000 0.020000 0.034000
14 0.067000 0.939000 0.050000 0.018000
12 0.213000 0.942000 0.050000 0.016000
9 0.268000 0.941000 0.048000 0.018000
12 0.356000 0.944000 0.052000 0.016000
9 0.647000 0.899000 0.022000 0.034000
9 0.654000 0.309000 0.020000 0.034000
9 0.654000 0.342000 0.016000 0.032000
9 0.652000 0.204000 0.020000 0.032000
14 0.655000 0.093000 0.018000 0.034000
14 0.654000 0.048000 0.020000 0.036000
9 0.656000 0.010000 0.020000 0.020000
14 0.765000 0.988000 0.050000 0.020000