35 0.032000 0.857000 0.056000 0.098000
14 0.327000 0.921000 0.014000 0.026000
14 0.116000 0.796000 0.012000 0.024000
14 0.296000 0.806000 0.012000 0.028000
14 0.424000 0.886000 0.016000 0.028000
14 0.473000 0.807000 0.018000 0.030000
14 0.481000 0.954000 0.030000 0.016000
14 0.557000 0.967000 0.030000 0.014000
14 0.531000 0.948000 0.034000 0.036000
9 0.810000 0.880000 0.036000 0.016000
11 0.854000 0.882000 0.048000 0.016000
9 0.850000 0.802000 0.016000 0.024000
14 0.879000 0.803000 0.038000 0.014000
14 0.001000 0.005000 0.002000 0.010000
14 0.783000 0.026000 0.022000 0.036000
12 0.807000 0.027000 0.014000 0.026000
9 0.509000 0.119000 0.034000 0.014000
14 0.508000 0.136000 0.036000 0.012000
14 0.509000 0.151000 0.034000 0.014000
14 0.520000 0.167000 0.032000 0.014000
14 0.580000 0.172000 0.028000 0.012000
14 0.588000 0.190000 0.028000 0.012000
14 0.572000 0.229000 0.016000 0.030000
14 0.203000 0.172000 0.014000 0.028000
14 0.245000 0.212000 0.014000 0.024000
14 0.283000 0.211000 0.018000 0.026000
14 0.337000 0.213000 0.018000 0.026000
14 0.205000 0.213000 0.018000 0.034000
14 0.223000 0.213000 0.018000 0.034000
14 0.151000 0.304000 0.018000 0.032000
14 0.190000 0.306000 0.016000 0.032000
11 0.209000 0.308000 0.018000 0.036000
14 0.261000 0.308000 0.018000 0.028000
9 0.282000 0.275000 0.020000 0.034000
11 0.334000 0.277000 0.020000 0.034000
9 0.376000 0.255000 0.032000 0.014000
9 0.376000 0.272000 0.036000 0.016000
14 0.302000 0.312000 0.016000 0.028000
14 0.342000 0.313000 0.016000 0.030000
11 0.365000 0.314000 0.022000 0.036000
14 0.388000 0.317000 0.020000 0.034000
14 0.012000 0.368000 0.020000 0.032000
14 0.092000 0.367000 0.036000 0.014000
14 0.092000 0.387000 0.036000 0.010000
9 0.340000 0.461000 0.044000 0.014000
14 0.337000 0.483000 0.038000 0.014000
9 0.337000 0.501000 0.038000 0.014000
14 0.337000 0.517000 0.042000 0.014000
11 0.333000 0.534000 0.042000 0.012000
9 0.330000 0.552000 0.044000 0.016000
11 0.330000 0.569000 0.040000 0.014000
14 0.327000 0.585000 0.046000 0.022000
11 0.515000 0.398000 0.038000 0.012000
14 0.516000 0.415000 0.040000 0.014000
14 0.513000 0.430000 0.030000 0.012000
14 0.510000 0.447000 0.036000 0.014000
14 0.509000 0.464000 0.034000 0.016000
14 0.512000 0.480000 0.040000 0.016000
14 0.509000 0.496000 0.038000 0.012000
14 0.502000 0.511000 0.036000 0.014000
11 0.502000 0.528000 0.036000 0.012000
11 0.770000 0.305000 0.048000 0.018000
14 0.758000 0.290000 0.028000 0.008000
14 0.763000 0.326000 0.034000 0.012000
12 0.851000 0.256000 0.018000 0.028000
14 0.894000 0.253000 0.020000 0.034000
14 0.876000 0.341000 0.016000 0.026000
14 0.488000 0.705000 0.036000 0.014000
14 0.494000 0.641000 0.036000 0.014000
11 0.497000 0.592000 0.034000 0.016000
9 0.495000 0.609000 0.038000 0.014000
14 0.552000 0.730000 0.024000 0.028000
14 0.639000 0.735000 0.018000 0.026000
9 0.616000 0.734000 0.016000 0.028000
14 0.594000 0.734000 0.016000 0.024000
11 0.574000 0.732000 0.020000 0.028000
14 0.577000 0.668000 0.018000 0.028000
9 0.384000 0.667000 0.016000 0.030000
14 0.423000 0.397000 0.026000 0.038000
14 0.382000 0.398000 0.020000 0.032000
11 0.435000 0.502000 0.022000 0.040000
11 0.374000 0.459000 0.020000 0.030000
9 0.438000 0.465000 0.016000 0.026000
11 0.430000 0.568000 0.020000 0.032000
9 0.386000 0.563000 0.016000 0.030000
14 0.409000 0.567000 0.018000 0.030000
14 0.430000 0.603000 0.016000 0.026000
14 0.391000 0.600000 0.018000 0.032000
14 0.373000 0.598000 0.018000 0.032000
14 0.372000 0.694000 0.040000 0.016000
14 0.245000 0.499000 0.030000 0.014000
14 0.242000 0.531000 0.032000 0.014000
12 0.243000 0.420000 0.022000 0.036000
11 0.244000 0.385000 0.024000 0.038000
14 0.183000 0.384000 0.046000 0.020000
14 0.326000 0.625000 0.020000 0.034000
14 0.316000 0.716000 0.016000 0.028000
10 0.970000 0.734000 0.036000 0.016000