2 0.524000 0.179000 0.044000 0.106000
2 0.549000 0.186000 0.030000 0.092000
2 0.573000 0.179000 0.034000 0.122000
2 0.598000 0.181000 0.036000 0.102000
2 0.920000 0.069000 0.040000 0.138000
2 0.841000 0.342000 0.058000 0.124000
2 0.864000 0.337000 0.056000 0.110000
2 0.641000 0.698000 0.038000 0.092000
2 0.665000 0.696000 0.034000 0.104000
2 0.686000 0.697000 0.024000 0.078000
2 0.710000 0.708000 0.036000 0.112000
2 0.734000 0.703000 0.040000 0.102000
2 0.755000 0.704000 0.034000 0.084000
2 0.772000 0.694000 0.032000 0.072000
2 0.791000 0.691000 0.038000 0.074000
2 0.847000 0.919000 0.054000 0.102000
2 0.871000 0.911000 0.074000 0.134000
2 0.830000 0.929000 0.052000 0.082000