0 0.778000 0.650000 0.020000 0.036000
4 0.609334 0.730666 0.010666 0.018666
7 0.500666 0.680666 0.078666 0.036000
7 0.558666 0.656000 0.133334 0.018666
1 0.530666 0.710666 0.032000 0.045334
1 0.548000 0.710666 0.029334 0.045334
1 0.564666 0.712000 0.022666 0.042666
1 0.581334 0.711334 0.021334 0.044000
1 0.599334 0.714000 0.022666 0.046666
1 0.621334 0.710000 0.021334 0.036000
3 0.675334 0.708666 0.030666 0.057334
1 0.706666 0.702666 0.021334 0.040000
1 0.724666 0.703334 0.025334 0.046666
1 0.745334 0.701334 0.024000 0.042666
4 0.641334 0.656666 0.026666 0.038666
1 0.691334 0.652000 0.030666 0.045334
1 0.713334 0.655334 0.013334 0.030666
1 0.726666 0.656000 0.013334 0.026666
1 0.741334 0.652666 0.013334 0.025334
1 0.758000 0.654000 0.020000 0.033334
7 0.797334 0.634666 0.037334 0.061334
7 0.818000 0.682000 0.094666 0.014666
4 0.926666 0.652000 0.082666 0.016000
1 0.889334 0.695334 0.024000 0.054666
1 0.920000 0.691334 0.018666 0.041334
1 0.942666 0.689334 0.024000 0.048000
1 0.978666 0.692000 0.024000 0.058666
1 0.998667 0.636000 0.002666 0.037334
36 0.389334 0.382666 0.162666 0.112000
36 0.381334 0.593334 0.250666 0.202666
36 0.241334 0.805334 0.157334 0.146666
36 0.128000 0.868000 0.205334 0.144000
36 0.390000 0.989333 0.100000 0.021334