7 0.383000 0.092000 0.053000 0.125000
6 0.589500 0.061250 0.053000 0.038500
6 0.771500 0.190750 0.049000 0.036500
7 0.545500 0.126500 0.091000 0.072000
7 0.736750 0.467500 0.147500 0.115000
6 0.777000 0.184500 0.049000 0.035000
6 0.924250 0.009000 0.058500 0.018000
7 0.413750 0.537750 0.012500 0.051500
36 0.936500 0.478000 0.025000 0.025000
7 0.352250 0.183250 0.092500 0.223500
4 0.965000 0.868000 0.019000 0.019000
4 0.975000 0.886750 0.019000 0.018500
4 0.971250 0.882250 0.018500 0.018500
4 0.926750 0.916000 0.016500 0.016000
4 0.942250 0.900500 0.014500 0.014000
4 0.934500 0.917750 0.021000 0.020500
7 0.947750 0.919750 0.032500 0.031500