7 0.891500 0.968500 0.117000 0.063000
2 0.709000 0.536000 0.030000 0.038000
2 0.687500 0.490000 0.025000 0.044000
2 0.670500 0.444000 0.023000 0.038000
2 0.682500 0.439500 0.023000 0.039000
2 0.655500 0.397500 0.023000 0.041000
2 0.638500 0.351500 0.021000 0.031000
2 0.629000 0.315000 0.010000 0.022000
2 0.623000 0.315000 0.006000 0.022000
2 0.686500 0.270500 0.033000 0.017000
2 0.647000 0.285000 0.034000 0.020000
2 0.648000 0.293500 0.030000 0.013000
7 0.988500 0.174000 0.023000 0.058000
7 0.996500 0.200000 0.007000 0.024000
7 0.945000 0.377500 0.110000 0.283000
7 0.980000 0.362500 0.040000 0.217000