9 0.005000 0.272000 0.010000 0.036000
14 0.035000 0.288000 0.030000 0.040000
9 0.147000 0.792000 0.026000 0.036000
9 0.165000 0.804000 0.030000 0.040000
14 0.184000 0.814000 0.024000 0.036000
9 0.205000 0.813000 0.030000 0.042000
9 0.228000 0.824000 0.024000 0.036000
9 0.311000 0.847000 0.022000 0.034000
9 0.327000 0.851000 0.022000 0.034000
9 0.217000 0.729000 0.022000 0.034000
14 0.232000 0.693000 0.024000 0.034000
9 0.250000 0.694000 0.028000 0.040000
9 0.272000 0.700000 0.024000 0.040000
9 0.320000 0.759000 0.024000 0.038000
14 0.372000 0.734000 0.028000 0.040000
14 0.260000 0.611000 0.024000 0.034000
14 0.325000 0.627000 0.026000 0.038000
9 0.458000 0.591000 0.044000 0.030000
9 0.482000 0.476000 0.024000 0.036000
9 0.518000 0.487000 0.028000 0.038000
14 0.335000 0.267000 0.030000 0.042000
14 0.542000 0.296000 0.024000 0.036000
12 0.672000 0.347000 0.048000 0.038000
14 0.704000 0.410000 0.028000 0.036000
14 0.722000 0.419000 0.028000 0.038000
14 0.732000 0.495000 0.032000 0.022000
14 0.116000 0.031000 0.036000 0.038000
14 0.218000 0.082000 0.040000 0.032000
9 0.261000 0.056000 0.050000 0.032000
9 0.252000 0.032000 0.036000 0.024000
9 0.274000 0.012000 0.048000 0.024000
14 0.333000 0.025000 0.042000 0.034000
12 0.324000 0.057000 0.040000 0.026000
14 0.387000 0.040000 0.038000 0.024000
12 0.455000 0.065000 0.046000 0.026000
14 0.542000 0.090000 0.044000 0.028000
12 0.631000 0.109000 0.042000 0.030000
14 0.699000 0.136000 0.038000 0.028000
9 0.412000 0.150000 0.044000 0.032000
14 0.546000 0.185000 0.036000 0.030000
9 0.696000 0.231000 0.044000 0.030000
12 0.827000 0.278000 0.050000 0.040000
9 0.950000 0.302000 0.036000 0.028000
9 0.957000 0.326000 0.042000 0.032000
9 0.958000 0.540000 0.024000 0.040000
14 0.945000 0.577000 0.022000 0.034000
9 0.931000 0.617000 0.022000 0.034000
14 0.916000 0.654000 0.024000 0.036000
9 0.889000 0.742000 0.026000 0.040000
9 0.875000 0.779000 0.026000 0.034000
9 0.864000 0.809000 0.024000 0.038000
12 0.471000 0.969000 0.046000 0.026000
14 0.407000 0.946000 0.046000 0.032000
9 0.169000 0.411000 0.022000 0.046000
11 0.060000 0.657000 0.048000 0.090000
35 0.051000 0.858000 0.102000 0.124000
14 0.589000 0.992000 0.030000 0.016000
35 0.804000 0.998000 0.152000 0.004000
11 0.437000 0.485000 0.054000 0.078000
14 0.318000 0.492000 0.012000 0.028000