7 0.089000 0.585000 0.178000 0.150000
4 0.049000 0.502000 0.098000 0.104000
7 0.079000 0.540000 0.130000 0.092000
7 0.060000 0.520000 0.120000 0.092000
7 0.190000 0.392000 0.136000 0.104000
7 0.119000 0.043000 0.082000 0.086000
7 0.052000 0.060000 0.076000 0.120000
7 0.076000 0.055000 0.080000 0.110000
7 0.100000 0.050000 0.080000 0.100000
7 0.177000 0.027000 0.082000 0.054000
7 0.200000 0.021000 0.088000 0.042000
7 0.223000 0.015000 0.086000 0.030000
7 0.243000 0.009000 0.086000 0.018000
7 0.265000 0.003000 0.090000 0.006000
4 0.538000 0.205000 0.040000 0.082000
4 0.600000 0.273000 0.108000 0.030000
4 0.602000 0.293000 0.112000 0.034000
4 0.732000 0.174000 0.024000 0.096000
4 0.641000 0.136000 0.038000 0.084000
4 0.660000 0.141000 0.024000 0.050000
4 0.588000 0.068000 0.012000 0.024000
1 0.593000 0.090000 0.010000 0.020000
7 0.663000 0.039000 0.058000 0.078000
7 0.709000 0.026000 0.058000 0.052000
7 0.734000 0.020000 0.056000 0.040000
4 0.579000 0.084000 0.014000 0.036000
4 0.887000 0.244000 0.098000 0.052000
2 0.956000 0.174000 0.088000 0.052000
2 0.958000 0.191000 0.084000 0.054000
2 0.974000 0.031000 0.052000 0.062000
4 0.166000 0.937000 0.192000 0.126000