4 0.961000 0.347000 0.030000 0.046000
0 0.903000 0.153000 0.066000 0.034000
1 0.962000 0.149000 0.040000 0.018000
1 0.914000 0.163000 0.056000 0.026000
0 0.920000 0.173000 0.052000 0.022000
4 0.807000 0.389000 0.118000 0.070000
5 0.814000 0.421000 0.092000 0.050000
5 0.642000 0.448000 0.188000 0.108000
4 0.663000 0.397000 0.066000 0.038000
4 0.505000 0.420000 0.026000 0.036000
5 0.487000 0.463000 0.082000 0.122000
5 0.434000 0.478000 0.092000 0.132000
5 0.511000 0.246000 0.110000 0.060000
5 0.600000 0.217000 0.080000 0.054000
5 0.705000 0.180000 0.146000 0.080000
5 0.755000 0.204000 0.106000 0.056000
5 0.677000 0.222000 0.054000 0.032000
4 0.014000 0.642000 0.028000 0.048000
5 0.071000 0.572000 0.138000 0.080000
5 0.036000 0.636000 0.044000 0.060000
36 0.863000 0.255000 0.150000 0.286000
4 0.158000 0.557000 0.048000 0.014000
0 0.101000 0.531000 0.046000 0.022000
1 0.574000 0.198000 0.032000 0.008000
1 0.574000 0.207000 0.032000 0.014000
1 0.610000 0.193000 0.028000 0.014000
1 0.608000 0.187000 0.028000 0.014000
1 0.601000 0.181000 0.026000 0.014000