9 0.741000 0.828000 0.026000 0.016000
9 0.675000 0.089000 0.046000 0.018000
9 0.390000 0.139000 0.016000 0.030000
9 0.915000 0.210000 0.018000 0.036000
9 0.675000 0.703000 0.042000 0.014000
14 0.654000 0.665000 0.048000 0.014000
12 0.643000 0.605000 0.050000 0.018000
14 0.645000 0.586000 0.046000 0.016000
14 0.589000 0.496000 0.018000 0.036000
9 0.488000 0.531000 0.020000 0.026000
14 0.275000 0.629000 0.022000 0.034000
9 0.296000 0.621000 0.024000 0.038000
14 0.286000 0.292000 0.044000 0.020000
14 0.165000 0.289000 0.042000 0.018000
9 0.131000 0.116000 0.050000 0.024000
9 0.372000 0.083000 0.060000 0.026000
14 0.512000 0.070000 0.048000 0.020000
9 0.579000 0.013000 0.054000 0.022000
11 0.650000 0.011000 0.060000 0.022000
14 0.060000 0.912000 0.048000 0.020000
9 0.126000 0.857000 0.040000 0.018000
14 0.269000 0.886000 0.042000 0.024000
9 0.314000 0.879000 0.048000 0.018000
9 0.297000 0.834000 0.046000 0.024000
14 0.473000 0.860000 0.046000 0.016000
9 0.526000 0.854000 0.048000 0.020000