29 0.112000 0.651000 0.064000 0.070000
29 0.185000 0.625000 0.058000 0.058000
29 0.308000 0.669000 0.080000 0.078000
29 0.652000 0.659000 0.080000 0.082000
29 0.684000 0.590000 0.080000 0.080000
29 0.344000 0.610000 0.080000 0.080000
29 0.378000 0.516000 0.064000 0.064000
29 0.457000 0.744000 0.106000 0.104000
29 0.480000 0.659000 0.080000 0.078000
29 0.565000 0.518000 0.066000 0.072000
29 0.834000 0.182000 0.100000 0.100000
29 0.866000 0.798000 0.084000 0.084000
29 0.835000 0.317000 0.078000 0.078000
29 0.789000 0.374000 0.078000 0.076000
29 0.759000 0.455000 0.078000 0.082000
29 0.729000 0.506000 0.078000 0.080000