26 0.192750 0.035000 0.032500 0.034000
26 0.133250 0.083500 0.033500 0.035000
26 0.091000 0.089750 0.034000 0.034500
26 0.075500 0.126500 0.035000 0.035000
25 0.049500 0.150000 0.031000 0.031000
26 0.026250 0.175500 0.035500 0.035000
25 0.007750 0.206250 0.015500 0.030500
25 0.438500 0.471250 0.032000 0.031500
26 0.560500 0.472000 0.035000 0.034000
25 0.604000 0.526500 0.032000 0.032000
26 0.723750 0.485000 0.031500 0.032000
25 0.531250 0.598000 0.027500 0.027000
25 0.387250 0.564750 0.031500 0.031500
25 0.363750 0.542000 0.033500 0.033000
25 0.290500 0.601500 0.031000 0.031000
25 0.309250 0.629500 0.029500 0.030000
26 0.351250 0.758000 0.032500 0.034000
25 0.312750 0.778000 0.026500 0.028000
26 0.261500 0.727500 0.037000 0.035000
26 0.284000 0.755000 0.035000 0.034000
29 0.256000 0.850500 0.029000 0.029000
26 0.686250 0.690250 0.033500 0.035500