14 0.905000 0.055000 0.022000 0.038000
14 0.927000 0.029000 0.038000 0.014000
9 0.860000 0.026000 0.048000 0.020000
9 0.867000 0.004000 0.046000 0.008000
14 0.738000 0.119000 0.048000 0.018000
9 0.582000 0.125000 0.044000 0.018000
14 0.692000 0.120000 0.044000 0.016000
14 0.559000 0.152000 0.050000 0.016000
9 0.741000 0.188000 0.046000 0.016000
9 0.788000 0.185000 0.044000 0.018000
35 0.473000 0.167000 0.154000 0.130000
14 0.353000 0.135000 0.042000 0.014000
9 0.449000 0.413000 0.026000 0.038000
9 0.459000 0.543000 0.018000 0.034000
9 0.453000 0.455000 0.022000 0.038000
9 0.461000 0.584000 0.026000 0.036000
9 0.466000 0.643000 0.020000 0.034000
9 0.484000 0.958000 0.020000 0.036000
9 0.980000 0.883000 0.040000 0.018000
14 0.966000 0.802000 0.044000 0.020000
14 0.365000 0.199000 0.030000 0.018000
12 0.256000 0.139000 0.052000 0.018000
9 0.422000 0.009000 0.020000 0.018000
14 0.036000 0.936000 0.040000 0.020000
9 0.130000 0.625000 0.048000 0.026000
9 0.027000 0.668000 0.038000 0.012000
9 0.025000 0.688000 0.034000 0.016000
9 0.120000 0.719000 0.024000 0.014000
14 0.015000 0.394000 0.030000 0.016000
9 0.441000 0.292000 0.022000 0.024000
9 0.445000 0.330000 0.018000 0.020000
14 0.917000 0.854000 0.038000 0.012000
9 0.959000 0.551000 0.042000 0.014000
14 0.953000 0.456000 0.050000 0.016000
9 0.943000 0.388000 0.042000 0.012000
9 0.017000 0.562000 0.034000 0.016000