29 0.683666 0.006667 0.026000 0.013333
29 0.678334 0.065666 0.030000 0.030000
29 0.703334 0.178334 0.026666 0.023334
25 0.379334 0.204666 0.034666 0.036000
22 0.423666 0.207000 0.056666 0.054000
25 0.466666 0.217334 0.033334 0.037334
25 0.508000 0.222666 0.032000 0.034666
25 0.546000 0.227666 0.032000 0.035334
29 0.236334 0.156666 0.027334 0.032000
22 0.202000 0.213334 0.064000 0.065334
23 0.232334 0.276000 0.039334 0.034666
19 0.206334 0.251334 0.035334 0.030666
29 0.305000 0.405334 0.036666 0.037334
29 0.267000 0.445666 0.034000 0.032666
29 0.260000 0.493334 0.033334 0.033334
29 0.255000 0.541666 0.031334 0.031334
29 0.251000 0.583000 0.031334 0.032666
29 0.318334 0.550334 0.031334 0.030000
29 0.323666 0.516000 0.034000 0.034666
29 0.417000 0.500334 0.032666 0.032666
29 0.519000 0.505334 0.030000 0.029334
25 0.495334 0.577666 0.033334 0.031334
25 0.308334 0.623000 0.042000 0.040666
19 0.351334 0.673000 0.036000 0.038000
29 0.491666 0.652666 0.036666 0.034666
29 0.430334 0.735000 0.046000 0.044666
29 0.582666 0.611666 0.021334 0.023334
29 0.633000 0.641000 0.026000 0.024666
29 0.630000 0.673334 0.025334 0.025334
29 0.688334 0.608000 0.023334 0.022666
29 0.817000 0.616334 0.019334 0.022000
29 0.846666 0.616666 0.026666 0.026666
29 0.908334 0.548000 0.023334 0.021334
29 0.997000 0.554334 0.006000 0.018000
29 0.211666 0.940334 0.028666 0.027334
25 0.529666 0.968000 0.039334 0.037334
35 0.990333 0.121666 0.019334 0.019334
35 0.957666 0.256666 0.035334 0.032000
35 0.810000 0.174666 0.025334 0.024000