14 0.605000 0.667000 0.034000 0.018000
9 0.643000 0.656000 0.038000 0.024000
9 0.683000 0.643000 0.038000 0.022000
9 0.724000 0.629000 0.036000 0.022000
9 0.736000 0.661000 0.036000 0.022000
9 0.691000 0.657000 0.038000 0.026000
9 0.659000 0.685000 0.038000 0.026000
9 0.669000 0.700000 0.038000 0.024000
9 0.626000 0.713000 0.032000 0.022000
9 0.619000 0.699000 0.030000 0.018000
9 0.610000 0.683000 0.032000 0.018000
9 0.706000 0.689000 0.036000 0.022000
9 0.742000 0.677000 0.032000 0.018000
9 0.698000 0.673000 0.036000 0.022000
9 0.651000 0.670000 0.038000 0.024000
9 0.733000 0.643000 0.034000 0.022000
9 0.672000 0.721000 0.036000 0.022000
9 0.633000 0.733000 0.034000 0.022000
9 0.640000 0.749000 0.032000 0.022000
9 0.676000 0.737000 0.036000 0.026000
9 0.705000 0.711000 0.034000 0.022000
9 0.751000 0.695000 0.034000 0.018000
14 0.760000 0.728000 0.032000 0.020000
14 0.771000 0.744000 0.038000 0.024000
14 0.725000 0.739000 0.034000 0.022000
14 0.687000 0.751000 0.038000 0.026000
14 0.651000 0.762000 0.034000 0.024000
9 0.655000 0.781000 0.034000 0.022000
9 0.661000 0.795000 0.034000 0.022000
14 0.669000 0.810000 0.034000 0.020000
14 0.707000 0.800000 0.038000 0.028000
14 0.701000 0.785000 0.038000 0.026000
14 0.695000 0.767000 0.038000 0.026000
14 0.738000 0.772000 0.036000 0.024000
14 0.745000 0.786000 0.038000 0.024000
14 0.787000 0.773000 0.034000 0.022000
14 0.779000 0.760000 0.034000 0.024000
14 0.795000 0.788000 0.034000 0.020000
14 0.797000 0.802000 0.038000 0.020000
14 0.754000 0.802000 0.036000 0.024000
14 0.758000 0.815000 0.036000 0.022000
14 0.715000 0.814000 0.034000 0.024000
14 0.677000 0.827000 0.034000 0.022000
14 0.684000 0.843000 0.032000 0.022000
14 0.692000 0.856000 0.032000 0.020000
14 0.701000 0.872000 0.034000 0.024000
9 0.729000 0.845000 0.034000 0.022000
14 0.766000 0.833000 0.036000 0.022000
9 0.745000 0.875000 0.034000 0.022000
9 0.707000 0.887000 0.034000 0.022000
14 0.709000 0.905000 0.030000 0.018000
14 0.716000 0.919000 0.028000 0.018000
14 0.725000 0.934000 0.026000 0.016000
14 0.750000 0.924000 0.028000 0.016000
14 0.744000 0.910000 0.028000 0.016000
14 0.737000 0.896000 0.030000 0.020000
14 0.763000 0.886000 0.034000 0.020000
14 0.772000 0.901000 0.028000 0.018000
14 0.781000 0.917000 0.034000 0.018000
14 0.807000 0.907000 0.034000 0.018000
14 0.799000 0.893000 0.034000 0.018000
14 0.791000 0.877000 0.030000 0.018000
14 0.820000 0.869000 0.036000 0.022000
14 0.829000 0.885000 0.034000 0.022000
14 0.837000 0.899000 0.034000 0.018000
14 0.745000 0.958000 0.034000 0.020000
14 0.782000 0.945000 0.040000 0.022000
14 0.762000 0.989000 0.032000 0.018000
14 0.768000 0.997000 0.032000 0.006000
14 0.806000 0.991000 0.036000 0.018000
14 0.794000 0.979000 0.036000 0.022000
14 0.834000 0.966000 0.028000 0.016000
14 0.876000 0.953000 0.032000 0.018000
9 0.885000 0.966000 0.034000 0.020000
11 0.804000 0.600000 0.036000 0.024000
11 0.811000 0.619000 0.038000 0.022000
11 0.844000 0.587000 0.044000 0.026000
11 0.851000 0.603000 0.034000 0.022000
11 0.859000 0.621000 0.030000 0.022000
11 0.881000 0.572000 0.034000 0.020000
11 0.889000 0.593000 0.030000 0.022000
11 0.896000 0.609000 0.032000 0.018000
11 0.919000 0.563000 0.042000 0.022000
11 0.926000 0.580000 0.032000 0.024000
11 0.933000 0.596000 0.034000 0.020000
11 0.958000 0.551000 0.040000 0.026000
11 0.966000 0.568000 0.036000 0.028000
11 0.973000 0.582000 0.038000 0.024000
9 0.826000 0.649000 0.036000 0.022000
9 0.867000 0.636000 0.034000 0.020000
9 0.905000 0.624000 0.034000 0.020000
9 0.940000 0.613000 0.032000 0.018000
9 0.977000 0.601000 0.034000 0.022000
9 0.983000 0.615000 0.034000 0.022000
11 0.987000 0.636000 0.026000 0.024000
11 0.959000 0.646000 0.042000 0.024000
11 0.921000 0.656000 0.042000 0.024000
11 0.877000 0.668000 0.042000 0.024000
11 0.840000 0.678000 0.040000 0.024000
9 0.881000 0.685000 0.030000 0.018000
14 0.923000 0.675000 0.030000 0.018000
9 0.929000 0.689000 0.026000 0.018000
9 0.890000 0.699000 0.020000 0.014000
9 0.848000 0.715000 0.028000 0.018000
11 0.989000 0.701000 0.022000 0.046000
11 0.868000 0.749000 0.036000 0.050000
9 0.310000 0.647000 0.016000 0.026000
14 0.330000 0.641000 0.016000 0.026000
14 0.348000 0.633000 0.016000 0.026000
9 0.370000 0.628000 0.020000 0.028000
14 0.388000 0.621000 0.016000 0.022000
14 0.680000 0.101000 0.028000 0.014000
14 0.690000 0.118000 0.032000 0.016000
14 0.698000 0.135000 0.032000 0.018000
14 0.705000 0.154000 0.030000 0.016000
11 0.842000 0.191000 0.056000 0.090000
11 0.892000 0.293000 0.064000 0.086000
11 0.927000 0.742000 0.058000 0.092000
11 0.901000 0.751000 0.058000 0.090000
11 0.963000 0.815000 0.042000 0.062000
11 0.928000 0.870000 0.056000 0.088000
11 0.966000 0.949000 0.060000 0.090000
11 0.972000 0.895000 0.044000 0.062000