14 0.977500 0.793334 0.030000 0.060000
9 0.950000 0.786666 0.030000 0.060000
9 0.921250 0.780000 0.027500 0.053334
14 0.838750 0.436666 0.042500 0.026666
9 0.838750 0.401666 0.042500 0.030000
9 0.853750 0.335000 0.047500 0.036666
14 0.745000 0.175000 0.040000 0.056666
14 0.771250 0.196666 0.042500 0.053334
9 0.796250 0.205000 0.042500 0.056666
14 0.822500 0.215000 0.040000 0.056666
9 0.922500 0.245000 0.040000 0.083334
9 0.718750 0.020000 0.037500 0.040000
14 0.677500 0.158334 0.030000 0.063334
9 0.590000 0.113334 0.035000 0.066666
9 0.513750 0.521666 0.032500 0.070000
9 0.462500 0.561666 0.025000 0.050000
9 0.263750 0.186666 0.037500 0.033334
14 0.256250 0.223334 0.037500 0.033334
9 0.246250 0.251666 0.047500 0.043334
14 0.092500 0.380000 0.040000 0.040000
9 0.130000 0.265000 0.040000 0.036666
14 0.140000 0.210000 0.045000 0.040000
14 0.143750 0.180000 0.037500 0.040000
14 0.157500 0.155000 0.040000 0.036666
14 0.342500 0.018333 0.030000 0.036667
35 0.453750 0.741666 0.202500 0.236666
9 0.222500 0.363334 0.045000 0.033334
9 0.820000 0.931666 0.045000 0.036666