3 0.093334 0.084666 0.064000 0.041334
0 0.149334 0.132000 0.050666 0.029334
3 0.108000 0.097334 0.066666 0.042666
8 0.210000 0.198666 0.105334 0.018666
8 0.209334 0.217334 0.112000 0.018666
8 0.206666 0.232666 0.106666 0.014666
8 0.204666 0.248666 0.100000 0.017334
8 0.228000 0.286666 0.194666 0.029334
8 0.228000 0.314666 0.192000 0.029334
8 0.198000 0.460666 0.228000 0.038666
2 0.171334 0.615334 0.073334 0.017334
2 0.180666 0.650000 0.076000 0.020000
3 0.080666 0.360000 0.033334 0.016000
2 0.200666 0.808000 0.046666 0.010666
2 0.254666 0.815334 0.045334 0.014666
2 0.202666 0.820666 0.048000 0.012000
2 0.198666 0.849334 0.056000 0.016000
2 0.252666 0.847334 0.046666 0.012000
0 0.144666 0.122666 0.049334 0.029334
0 0.090666 0.148000 0.050666 0.029334
0 0.034666 0.172000 0.050666 0.029334
32 0.520000 0.510000 0.093334 0.164000
31 0.541334 0.619334 0.069334 0.030666