0 0.852001 0.068001 0.295999 0.136001
0 0.980666 0.211334 0.038667 0.252000
1 0.808000 0.242666 0.032000 0.034666
1 0.720666 0.202000 0.065334 0.073334
1 0.824666 0.300666 0.049334 0.036000
1 0.839334 0.312666 0.052000 0.038666
2 0.404000 0.954000 0.072000 0.036000
5 0.405334 0.885334 0.120000 0.080000
5 0.387334 0.932000 0.110666 0.074666
5 0.312000 0.776666 0.154666 0.070666
4 0.113334 0.844666 0.112000 0.052000
2 0.117334 0.866666 0.074666 0.034666
2 0.575334 0.527334 0.073334 0.036000
4 0.580666 0.542666 0.044000 0.024000
4 0.464000 0.444666 0.077334 0.116000
4 0.445334 0.468666 0.050666 0.073334
4 0.424000 0.478000 0.040000 0.060000
4 0.115334 0.486000 0.084000 0.065334
4 0.128666 0.515334 0.049334 0.036000
4 0.117334 0.524000 0.053334 0.042666
5 0.038666 0.591334 0.077333 0.057334
1 0.024666 0.508666 0.038666 0.041334
1 0.014666 0.514000 0.029333 0.036000
1 0.016667 0.696000 0.033333 0.048000
1 0.027334 0.536666 0.036000 0.033334
3 0.336000 0.921334 0.040000 0.026666
36 0.718666 0.361334 0.317334 0.325334
34 0.363334 0.022000 0.089334 0.044001