7 0.949000 0.504000 0.102000 0.132000
7 0.588500 0.391500 0.169000 0.245000
4 0.492000 0.575000 0.034000 0.042000
1 0.529500 0.597000 0.015000 0.018000
5 0.221500 0.948500 0.051000 0.053000
2 0.437000 0.765500 0.026000 0.021000
2 0.425500 0.753500 0.031000 0.017000
2 0.433500 0.760500 0.023000 0.013000
2 0.393000 0.681000 0.018000 0.022000
2 0.390000 0.714500 0.020000 0.029000
2 0.381000 0.689500 0.016000 0.023000
2 0.065500 0.874500 0.029000 0.025000
2 0.063000 0.902500 0.026000 0.031000
2 0.054000 0.880500 0.026000 0.027000
2 0.094000 0.844500 0.024000 0.019000
2 0.134000 0.857500 0.024000 0.025000
2 0.061000 0.878000 0.022000 0.018000
2 0.044500 0.843000 0.019000 0.016000
2 0.036000 0.857500 0.022000 0.021000
2 0.015500 0.851000 0.019000 0.016000
2 0.038000 0.852500 0.024000 0.019000
2 0.042500 0.848000 0.019000 0.012000
5 0.188500 0.782500 0.037000 0.053000
2 0.196500 0.749000 0.027000 0.028000
2 0.090000 0.814500 0.020000 0.021000
2 0.077500 0.795000 0.025000 0.020000
2 0.150500 0.806500 0.037000 0.039000
2 0.147500 0.769000 0.033000 0.032000
2 0.125500 0.771500 0.037000 0.035000
2 0.139000 0.772000 0.034000 0.040000
2 0.138000 0.849500 0.028000 0.029000
2 0.138000 0.830000 0.060000 0.060000
2 0.174000 0.740500 0.030000 0.027000
2 0.161000 0.749500 0.028000 0.027000
2 0.182500 0.736000 0.027000 0.028000
2 0.165000 0.744500 0.026000 0.031000
2 0.189000 0.735500 0.020000 0.017000
2 0.193500 0.728500 0.019000 0.017000
2 0.157000 0.758500 0.024000 0.027000
2 0.164000 0.794000 0.026000 0.016000
36 0.476500 0.661000 0.151000 0.178000
36 0.370500 0.084000 0.021000 0.040000