0 0.899334 0.299334 0.201333 0.233334
3 0.895334 0.337334 0.036000 0.042666
2 0.919334 0.652666 0.014666 0.054666
2 0.879334 0.539334 0.049334 0.020000
2 0.878000 0.524666 0.041334 0.012000
2 0.880666 0.514000 0.038666 0.009334
2 0.858000 0.579334 0.014666 0.052000
1 0.861334 0.717334 0.008000 0.032000
1 0.852000 0.716000 0.010666 0.029334
1 0.842000 0.714000 0.006666 0.025334
1 0.776000 0.734000 0.008000 0.030666
1 0.767334 0.736000 0.006666 0.032000
1 0.758666 0.734666 0.008000 0.037334
1 0.750666 0.733334 0.010666 0.034666
1 0.742666 0.732000 0.005334 0.032000
1 0.761334 0.700000 0.005334 0.026666
1 0.754000 0.698666 0.006666 0.032000
1 0.744666 0.698000 0.006666 0.030666
3 0.682666 0.714666 0.016000 0.048000
3 0.667334 0.708000 0.014666 0.050666
3 0.750666 0.645334 0.018666 0.053334
3 0.756000 0.579334 0.021334 0.052000
3 0.712000 0.576000 0.021334 0.053334
3 0.776000 0.511334 0.018666 0.054666
3 0.757334 0.510000 0.018666 0.054666
3 0.760000 0.442666 0.018666 0.061334
3 0.715334 0.507334 0.022666 0.062666
3 0.696000 0.506000 0.021334 0.065334
3 0.716666 0.440666 0.022666 0.065334
3 0.740666 0.386000 0.052000 0.014666
3 0.740000 0.401334 0.053334 0.016000
2 0.642666 0.175334 0.069334 0.038666
2 0.640000 0.190666 0.056000 0.032000
2 0.637334 0.208000 0.050666 0.029334
2 0.630666 0.226000 0.072000 0.028000
2 0.619334 0.240666 0.046666 0.022666
2 0.616000 0.258000 0.050666 0.022666
2 0.611334 0.274000 0.052000 0.022666
3 0.698000 0.339334 0.028000 0.065334
2 0.623334 0.314000 0.012000 0.054666
2 0.634000 0.317334 0.014666 0.056000
2 0.646000 0.314666 0.014666 0.056000
2 0.656000 0.314000 0.018666 0.062666
2 0.617334 0.371334 0.013334 0.046666
2 0.631334 0.374666 0.014666 0.053334
2 0.648000 0.378000 0.018666 0.057334
2 0.662000 0.377334 0.012000 0.040000
2 0.622666 0.430666 0.018666 0.058666
2 0.638666 0.430000 0.013334 0.041334
2 0.620000 0.482666 0.016000 0.045334
2 0.634666 0.482000 0.013334 0.046666
2 0.621334 0.532666 0.018666 0.049334
2 0.636666 0.532666 0.012000 0.046666
2 0.564000 0.460000 0.013334 0.058666
2 0.567334 0.384000 0.012000 0.048000
2 0.581334 0.383334 0.013334 0.049334
1 0.590666 0.299334 0.005334 0.028000
1 0.583334 0.298666 0.006666 0.026666
1 0.574666 0.299334 0.010666 0.028000