14 0.646000 0.138000 0.028000 0.040000
12 0.770000 0.761000 0.048000 0.018000
12 0.675000 0.802000 0.050000 0.020000
12 0.708000 0.761000 0.048000 0.014000
12 0.731000 0.781000 0.050000 0.022000
9 0.466000 0.107000 0.020000 0.034000
14 0.490000 0.104000 0.020000 0.032000
1 0.887000 0.105000 0.022000 0.042000
14 0.687000 0.237000 0.046000 0.014000
14 0.733000 0.235000 0.034000 0.014000
14 0.979000 0.405000 0.022000 0.038000
9 0.316000 0.280000 0.040000 0.036000
14 0.414000 0.307000 0.024000 0.038000
9 0.456000 0.266000 0.040000 0.036000
14 0.412000 0.268000 0.040000 0.044000
14 0.304000 0.434000 0.032000 0.044000
14 0.224000 0.459000 0.048000 0.042000
14 0.156000 0.738000 0.024000 0.036000
14 0.873000 0.974000 0.038000 0.020000
11 0.570000 0.764000 0.060000 0.024000
11 0.266000 0.412000 0.068000 0.052000
14 0.573000 0.325000 0.018000 0.026000