7 0.056000 0.440666 0.061334 0.009334
7 0.057334 0.449334 0.058666 0.008000
7 0.136000 0.452666 0.061334 0.014666
0 0.236000 0.518000 0.210666 0.038666
7 0.322000 0.462000 0.070666 0.014666
7 0.394666 0.454666 0.066666 0.013334
7 0.396666 0.466666 0.062666 0.010666
7 0.444000 0.524666 0.117334 0.022666
7 0.522000 0.470666 0.068000 0.016000
7 0.706000 0.503334 0.062666 0.028000
7 0.701334 0.512666 0.058666 0.025334
7 0.784000 0.511334 0.066666 0.030666
7 0.779334 0.522000 0.065334 0.028000
7 0.774000 0.531334 0.068000 0.030666
7 0.842000 0.549334 0.062666 0.029334
7 0.948000 0.576000 0.080000 0.040000
7 0.998000 0.582666 0.004001 0.029334
7 0.992667 0.595334 0.014667 0.033334
36 0.902666 0.539334 0.064000 0.081334
36 0.661334 0.476000 0.064000 0.082666
36 0.440666 0.450666 0.025334 0.056000
36 0.186000 0.438000 0.036000 0.057334
36 0.012667 0.429334 0.025333 0.056000