11 0.755000 0.015000 0.066000 0.030000
9 0.702000 0.365000 0.032000 0.038000
11 0.684000 0.358000 0.028000 0.032000
11 0.219000 0.049000 0.066000 0.086000
10 0.014000 0.438000 0.028000 0.052000
16 0.706000 0.228000 0.044000 0.032000
16 0.665000 0.210000 0.042000 0.032000
16 0.683000 0.184000 0.042000 0.032000
16 0.686000 0.168000 0.032000 0.020000
16 0.693000 0.156000 0.034000 0.024000
16 0.721000 0.183000 0.038000 0.026000
16 0.726000 0.170000 0.040000 0.028000
16 0.757000 0.198000 0.038000 0.024000
16 0.761000 0.184000 0.038000 0.024000
16 0.737000 0.158000 0.034000 0.024000
16 0.703000 0.143000 0.034000 0.026000
16 0.775000 0.175000 0.038000 0.022000
16 0.777000 0.160000 0.030000 0.020000
16 0.751000 0.149000 0.026000 0.018000
16 0.725000 0.138000 0.026000 0.016000
16 0.743000 0.226000 0.026000 0.016000
16 0.715000 0.215000 0.030000 0.018000
16 0.691000 0.205000 0.022000 0.018000
16 0.666000 0.194000 0.024000 0.016000
14 0.132000 0.538000 0.032000 0.024000
14 0.086000 0.501000 0.040000 0.026000
10 0.082000 0.458000 0.040000 0.024000
11 0.252000 0.602000 0.100000 0.060000
14 0.253000 0.631000 0.042000 0.026000
11 0.103000 0.576000 0.098000 0.052000
16 0.180000 0.724000 0.072000 0.048000
14 0.264000 0.764000 0.036000 0.024000
16 0.293000 0.797000 0.042000 0.030000
11 0.237000 0.788000 0.054000 0.036000
16 0.284000 0.812000 0.048000 0.032000
16 0.336000 0.817000 0.048000 0.030000
16 0.252000 0.847000 0.096000 0.058000
16 0.157000 0.785000 0.090000 0.050000
16 0.153000 0.834000 0.086000 0.048000
16 0.141000 0.856000 0.094000 0.056000
11 0.078000 0.905000 0.056000 0.034000
14 0.012000 0.784000 0.024000 0.028000
16 0.015000 0.686000 0.030000 0.028000
16 0.049000 0.703000 0.038000 0.030000
11 0.001000 0.610000 0.002000 0.028000
16 0.026000 0.626000 0.048000 0.032000
16 0.054000 0.656000 0.064000 0.040000
11 0.005000 0.646000 0.010000 0.040000
11 0.075000 0.628000 0.070000 0.040000
11 0.095000 0.615000 0.082000 0.046000
11 0.397000 0.630000 0.054000 0.036000
16 0.348000 0.865000 0.072000 0.046000
16 0.282000 0.834000 0.072000 0.044000
16 0.226000 0.810000 0.044000 0.028000
11 0.606000 0.768000 0.068000 0.092000
11 0.871000 0.297000 0.066000 0.086000
11 0.886000 0.365000 0.076000 0.098000
9 0.914000 0.529000 0.028000 0.038000
11 0.774000 0.466000 0.080000 0.108000
11 0.978000 0.156000 0.044000 0.084000
11 0.705000 0.616000 0.038000 0.048000
9 0.792000 0.527000 0.032000 0.022000
14 0.812000 0.590000 0.024000 0.028000
14 0.182000 0.175000 0.028000 0.022000
14 0.091000 0.323000 0.030000 0.022000