1 0.183750 0.948334 0.067500 0.043334
1 0.153750 0.888334 0.072500 0.056666
1 0.148750 0.856666 0.082500 0.060000
1 0.008750 0.915000 0.017500 0.050000
1 0.112500 0.806666 0.085000 0.080000
1 0.243750 0.888334 0.057500 0.043334
1 0.250000 0.918334 0.060000 0.043334
1 0.276250 0.970000 0.052500 0.040000
1 0.361250 0.845000 0.057500 0.036666
1 0.370000 0.876666 0.055000 0.040000
1 0.383750 0.910000 0.057500 0.040000
1 0.388750 0.940000 0.047500 0.040000
1 0.403750 0.965000 0.057500 0.050000
1 0.472500 0.948334 0.055000 0.050000
1 0.463750 0.921666 0.062500 0.056666
1 0.457500 0.886666 0.065000 0.053334
1 0.437500 0.806666 0.080000 0.060000
1 0.447500 0.836666 0.065000 0.046666