12 0.450000 0.712000 0.024000 0.044000
14 0.561000 0.698000 0.030000 0.040000
14 0.389000 0.704000 0.022000 0.032000
14 0.354000 0.709000 0.020000 0.034000
14 0.324000 0.708000 0.020000 0.036000
14 0.133000 0.750000 0.038000 0.024000
14 0.286000 0.816000 0.020000 0.032000
14 0.309000 0.820000 0.018000 0.032000
14 0.356000 0.815000 0.024000 0.034000
14 0.422000 0.814000 0.020000 0.032000
14 0.468000 0.818000 0.020000 0.032000
9 0.489000 0.817000 0.018000 0.030000
14 0.676000 0.865000 0.040000 0.014000
14 0.718000 0.862000 0.040000 0.016000
9 0.676000 0.900000 0.040000 0.020000
9 0.722000 0.900000 0.044000 0.016000
9 0.678000 0.917000 0.036000 0.014000
14 0.724000 0.919000 0.048000 0.014000
9 0.677000 0.937000 0.038000 0.014000
9 0.674000 0.957000 0.040000 0.014000
9 0.724000 0.955000 0.048000 0.018000
14 0.681000 0.975000 0.042000 0.014000
9 0.725000 0.975000 0.042000 0.014000
9 0.676000 0.994000 0.044000 0.012000
14 0.718000 0.992000 0.044000 0.016000
9 0.828000 0.939000 0.044000 0.014000
9 0.829000 0.900000 0.042000 0.016000
14 0.873000 0.846000 0.038000 0.016000
9 0.876000 0.901000 0.040000 0.014000
9 0.875000 0.919000 0.042000 0.014000
9 0.878000 0.938000 0.048000 0.016000
9 0.874000 0.957000 0.044000 0.014000
9 0.879000 0.975000 0.046000 0.018000
14 0.829000 0.992000 0.042000 0.016000
14 0.880000 0.993000 0.048000 0.014000
14 0.884000 0.882000 0.044000 0.016000
9 0.987000 0.827000 0.026000 0.014000
9 0.978000 0.866000 0.044000 0.016000
14 0.977000 0.919000 0.046000 0.018000
14 0.979000 0.958000 0.042000 0.016000
14 0.834000 0.828000 0.060000 0.016000
14 0.920000 0.713000 0.024000 0.034000
12 0.878000 0.723000 0.040000 0.050000
12 0.850000 0.660000 0.052000 0.020000
9 0.677000 0.701000 0.042000 0.014000
9 0.721000 0.702000 0.046000 0.016000
19 0.727000 0.682000 0.046000 0.012000
9 0.672000 0.646000 0.036000 0.012000
12 0.685000 0.590000 0.058000 0.016000
14 0.681000 0.608000 0.034000 0.016000
14 0.674000 0.553000 0.044000 0.018000
14 0.719000 0.518000 0.038000 0.012000
11 0.960000 0.535000 0.080000 0.066000
14 0.195000 0.692000 0.046000 0.016000
14 0.190000 0.673000 0.040000 0.018000
14 0.192000 0.653000 0.036000 0.014000
14 0.196000 0.619000 0.044000 0.014000
14 0.192000 0.598000 0.040000 0.012000
14 0.191000 0.582000 0.042000 0.012000
12 0.194000 0.563000 0.048000 0.014000
14 0.191000 0.515000 0.046000 0.014000
9 0.732000 0.353000 0.020000 0.034000
14 0.335000 0.356000 0.022000 0.032000
14 0.475000 0.195000 0.050000 0.018000
14 0.565000 0.889000 0.034000 0.018000
14 0.561000 0.909000 0.034000 0.018000
9 0.564000 0.927000 0.032000 0.014000
14 0.564000 0.945000 0.032000 0.018000
9 0.563000 0.983000 0.034000 0.014000
14 0.564000 0.996000 0.036000 0.008000
14 0.829000 0.958000 0.042000 0.016000
9 0.446000 0.817000 0.020000 0.038000