20 0.023334 0.402222 0.046667 0.213334
29 0.305556 0.100000 0.140000 0.111112
29 0.537778 0.340000 0.146666 0.164444
29 0.723334 0.280000 0.086666 0.088888
29 0.807778 0.258888 0.077778 0.086666
29 0.880000 0.254444 0.071112 0.082222
29 0.961112 0.265556 0.077777 0.095556
29 0.770000 0.287778 0.060000 0.060000
29 0.742222 0.330000 0.057778 0.046666
29 0.704444 0.357778 0.084444 0.075556
29 0.735556 0.402222 0.088888 0.088888
29 0.884444 0.542222 0.084444 0.088888
29 0.915556 0.586666 0.053334 0.053334
29 0.827778 0.644444 0.055556 0.048888