2 0.073500 0.594000 0.055000 0.052000
2 0.145000 0.638500 0.056000 0.091000
2 0.164000 0.651000 0.064000 0.102000
2 0.181000 0.662500 0.044000 0.075000
0 0.364000 0.504000 0.056000 0.078000
0 0.410000 0.557000 0.086000 0.052000
2 0.486000 0.659500 0.096000 0.053000
2 0.395500 0.617500 0.073000 0.045000
2 0.230000 0.710000 0.042000 0.066000
2 0.242000 0.716500 0.042000 0.067000
2 0.285000 0.632000 0.040000 0.066000
2 0.268000 0.628000 0.052000 0.088000
2 0.693500 0.472500 0.077000 0.045000
2 0.509500 0.879500 0.073000 0.041000
2 0.503500 0.892500 0.069000 0.041000
2 0.566500 0.902000 0.031000 0.046000
2 0.615000 0.792000 0.038000 0.066000
2 0.702500 0.737000 0.045000 0.052000
2 0.710000 0.747500 0.048000 0.055000
2 0.739000 0.678000 0.036000 0.044000
2 0.765000 0.684000 0.070000 0.082000
2 0.777500 0.718000 0.075000 0.082000
2 0.799500 0.715000 0.043000 0.050000
5 0.455000 0.187000 0.092000 0.038000
2 0.746500 0.683500 0.029000 0.037000