26 0.025500 0.117750 0.045000 0.047500
25 0.074250 0.101250 0.050500 0.050500
26 0.115750 0.135250 0.056500 0.052500
26 0.166000 0.201750 0.053000 0.050500
22 0.062000 0.267000 0.084000 0.085000
28 0.404500 0.364750 0.115000 0.113500
22 0.306000 0.473250 0.065000 0.044500
26 0.078500 0.967500 0.051000 0.053000
22 0.099250 0.851250 0.066500 0.061500
22 0.197250 0.764500 0.073500 0.066000
20 0.363750 0.659250 0.089500 0.074500
22 0.375750 0.718750 0.071500 0.062500
20 0.418500 0.771250 0.096000 0.086500
29 0.695500 0.845250 0.086000 0.084500
27 0.763750 0.864000 0.087500 0.088000
29 0.798750 0.907250 0.056500 0.038500
28 0.856750 0.653750 0.097500 0.097500
21 0.607000 0.385750 0.084000 0.082500
27 0.982000 0.635500 0.036000 0.084000
21 0.480250 0.238000 0.083500 0.085000