35 0.720000 0.836000 0.036000 0.036000
35 0.895000 0.072000 0.026000 0.028000
35 0.216000 0.755000 0.104000 0.138000
9 0.226000 0.556000 0.032000 0.012000
14 0.213000 0.609000 0.038000 0.030000
9 0.052000 0.427000 0.032000 0.014000
14 0.007000 0.186000 0.014000 0.024000
14 0.025000 0.255000 0.026000 0.034000
9 0.099000 0.279000 0.026000 0.030000
9 0.121000 0.285000 0.022000 0.030000
9 0.157000 0.293000 0.026000 0.038000
14 0.194000 0.236000 0.024000 0.036000
14 0.250000 0.244000 0.024000 0.032000
14 0.270000 0.250000 0.024000 0.036000
14 0.306000 0.255000 0.024000 0.038000
9 0.271000 0.325000 0.014000 0.026000
9 0.229000 0.310000 0.026000 0.032000
14 0.345000 0.054000 0.022000 0.036000
14 0.373000 0.057000 0.018000 0.030000
9 0.356000 0.171000 0.024000 0.034000
14 0.409000 0.236000 0.042000 0.016000
9 0.485000 0.235000 0.022000 0.038000
9 0.508000 0.237000 0.020000 0.034000
14 0.478000 0.028000 0.040000 0.020000
9 0.917000 0.273000 0.038000 0.014000
9 0.861000 0.194000 0.022000 0.032000
9 0.917000 0.802000 0.018000 0.032000
9 0.746000 0.708000 0.028000 0.036000
9 0.727000 0.705000 0.026000 0.038000
9 0.706000 0.701000 0.024000 0.030000
9 0.765000 0.636000 0.022000 0.032000
9 0.744000 0.630000 0.032000 0.040000
9 0.718000 0.626000 0.028000 0.036000
9 0.731000 0.579000 0.042000 0.026000
9 0.678000 0.925000 0.032000 0.010000
9 0.679000 0.910000 0.030000 0.012000
9 0.678000 0.895000 0.028000 0.010000
9 0.677000 0.879000 0.042000 0.014000
9 0.673000 0.848000 0.026000 0.012000
10 0.692000 0.827000 0.088000 0.022000
14 0.606000 0.858000 0.040000 0.016000
9 0.571000 0.861000 0.022000 0.026000
9 0.552000 0.858000 0.024000 0.036000
9 0.522000 0.865000 0.024000 0.030000
12 0.489000 0.795000 0.038000 0.026000
14 0.394000 0.772000 0.036000 0.020000
14 0.438000 0.803000 0.044000 0.022000
9 0.551000 0.980000 0.038000 0.020000
9 0.555000 0.964000 0.038000 0.016000
9 0.556000 0.947000 0.048000 0.022000
9 0.382000 0.950000 0.032000 0.036000
9 0.391000 0.931000 0.034000 0.022000
14 0.303000 0.846000 0.030000 0.020000
14 0.306000 0.826000 0.036000 0.024000
9 0.319000 0.794000 0.038000 0.024000
9 0.322000 0.606000 0.032000 0.020000
9 0.501000 0.487000 0.018000 0.030000
9 0.361000 0.440000 0.038000 0.016000
9 0.367000 0.408000 0.038000 0.016000
14 0.499000 0.303000 0.018000 0.030000
14 0.791000 0.473000 0.038000 0.018000
14 0.801000 0.456000 0.038000 0.020000
9 0.803000 0.439000 0.034000 0.018000
9 0.659000 0.325000 0.030000 0.014000
14 0.667000 0.305000 0.038000 0.014000
9 0.675000 0.249000 0.022000 0.014000
14 0.626000 0.220000 0.020000 0.032000
9 0.656000 0.093000 0.016000 0.026000
9 0.512000 0.078000 0.020000 0.024000
14 0.441000 0.057000 0.026000 0.010000
9 0.091000 0.724000 0.038000 0.036000
12 0.075000 0.715000 0.030000 0.030000