14 0.042000 0.522000 0.040000 0.016000
14 0.149000 0.520000 0.046000 0.016000
9 0.195000 0.517000 0.046000 0.014000
9 0.242000 0.517000 0.048000 0.014000
14 0.092000 0.474000 0.052000 0.016000
9 0.191000 0.469000 0.042000 0.014000
14 0.791000 0.452000 0.054000 0.016000
9 0.900000 0.449000 0.044000 0.014000
14 0.230000 0.383000 0.020000 0.030000
9 0.349000 0.420000 0.018000 0.036000
9 0.637000 0.294000 0.022000 0.032000
9 0.009000 0.230000 0.018000 0.012000
9 0.022000 0.131000 0.044000 0.014000
9 0.015000 0.092000 0.030000 0.016000
14 0.013000 0.600000 0.018000 0.032000
14 0.278000 0.540000 0.020000 0.036000
14 0.365000 0.590000 0.018000 0.036000
12 0.365000 0.627000 0.018000 0.034000
14 0.608000 0.510000 0.048000 0.020000
9 0.594000 0.592000 0.020000 0.036000
9 0.869000 0.623000 0.018000 0.042000