14 0.596250 0.585000 0.022500 0.050000
9 0.496250 0.808334 0.057500 0.030000
14 0.495000 0.895000 0.055000 0.023334
14 0.496250 0.863334 0.057500 0.026666
9 0.491250 0.723334 0.062500 0.026666
9 0.493750 0.490000 0.052500 0.026666
14 0.501250 0.428334 0.057500 0.023334
14 0.500000 0.316666 0.050000 0.026666
9 0.500000 0.286666 0.055000 0.026666
9 0.490000 0.226666 0.050000 0.020000
14 0.491250 0.198334 0.062500 0.023334
9 0.493750 0.166666 0.052500 0.020000
9 0.358750 0.891666 0.057500 0.023334
9 0.293750 0.895000 0.062500 0.023334
9 0.353750 0.863334 0.047500 0.020000
14 0.293750 0.861666 0.057500 0.030000
9 0.358750 0.833334 0.062500 0.026666
14 0.295000 0.833334 0.055000 0.026666
9 0.362500 0.803334 0.055000 0.026666
9 0.358750 0.771666 0.057500 0.023334
14 0.298750 0.775000 0.052500 0.023334
14 0.361250 0.718334 0.057500 0.023334
14 0.300000 0.718334 0.050000 0.023334
14 0.358750 0.688334 0.052500 0.023334
9 0.298750 0.686666 0.052500 0.020000
14 0.362500 0.631666 0.065000 0.030000
14 0.291250 0.628334 0.062500 0.030000
14 0.360000 0.600000 0.055000 0.020000
14 0.357500 0.571666 0.055000 0.023334
14 0.295000 0.571666 0.055000 0.023334
9 0.355000 0.541666 0.060000 0.023334
9 0.296250 0.541666 0.057500 0.023334
9 0.355000 0.513334 0.055000 0.026666
9 0.295000 0.515000 0.060000 0.023334
14 0.358750 0.485000 0.057500 0.023334
14 0.297500 0.485000 0.055000 0.023334
9 0.360000 0.456666 0.060000 0.020000
12 0.298750 0.456666 0.057500 0.020000
9 0.356250 0.428334 0.052500 0.023334
14 0.297500 0.428334 0.055000 0.023334
9 0.366250 0.398334 0.062500 0.023334
14 0.296250 0.396666 0.057500 0.026666
14 0.363750 0.368334 0.052500 0.023334
9 0.362500 0.340000 0.055000 0.026666
9 0.303750 0.345000 0.052500 0.023334
14 0.353750 0.310000 0.047500 0.026666
9 0.301250 0.313334 0.052500 0.020000
14 0.366250 0.283334 0.057500 0.026666
14 0.303750 0.285000 0.057500 0.030000
14 0.363750 0.253334 0.057500 0.026666
9 0.302500 0.255000 0.050000 0.023334
9 0.368750 0.223334 0.062500 0.026666
14 0.303750 0.225000 0.057500 0.023334
9 0.367500 0.191666 0.060000 0.023334
14 0.305000 0.195000 0.045000 0.023334
9 0.363750 0.161666 0.052500 0.023334
14 0.015000 0.815000 0.030000 0.063334
9 0.173750 0.891666 0.052500 0.023334
9 0.108750 0.890000 0.062500 0.026666
12 0.175000 0.833334 0.045000 0.026666
9 0.162500 0.775000 0.055000 0.023334
9 0.162500 0.715000 0.065000 0.030000
14 0.157500 0.665000 0.055000 0.023334
9 0.158750 0.630000 0.062500 0.026666
9 0.171250 0.600000 0.057500 0.026666
14 0.168750 0.573334 0.062500 0.026666
9 0.163750 0.543334 0.062500 0.026666
12 0.162500 0.515000 0.070000 0.030000
14 0.166250 0.486666 0.057500 0.026666
14 0.167500 0.456666 0.060000 0.026666
14 0.102500 0.458334 0.060000 0.030000
14 0.170000 0.430000 0.060000 0.026666
14 0.103750 0.428334 0.062500 0.023334
9 0.163750 0.396666 0.062500 0.026666
14 0.101250 0.400000 0.052500 0.026666
9 0.162500 0.368334 0.055000 0.023334
14 0.103750 0.370000 0.052500 0.020000
9 0.156250 0.341666 0.062500 0.023334
14 0.101250 0.340000 0.047500 0.020000
9 0.156250 0.313334 0.062500 0.026666
9 0.097500 0.311666 0.055000 0.023334
14 0.155000 0.280000 0.055000 0.026666
9 0.096250 0.280000 0.057500 0.020000
14 0.161250 0.251666 0.057500 0.023334
9 0.096250 0.255000 0.047500 0.023334
14 0.162500 0.223334 0.055000 0.026666
9 0.102500 0.225000 0.055000 0.023334
9 0.163750 0.195000 0.057500 0.023334
9 0.101250 0.196666 0.062500 0.026666
14 0.506250 0.035000 0.027500 0.070000
12 0.467500 0.038334 0.030000 0.070000
14 0.392500 0.040000 0.025000 0.066666
14 0.282500 0.036666 0.025000 0.060000
9 0.211250 0.036666 0.027500 0.060000
9 0.026250 0.118334 0.042500 0.023334
9 0.050000 0.086666 0.050000 0.020000