20 0.043000 0.945500 0.086000 0.109000
26 0.413500 0.801000 0.067000 0.070000
21 0.169000 0.783000 0.120000 0.124000
21 0.473500 0.475500 0.103000 0.095000
22 0.448500 0.400500 0.093000 0.091000
25 0.040000 0.047500 0.062000 0.063000
20 0.734000 0.104500 0.118000 0.113000
26 0.976500 0.032000 0.047000 0.064000
26 0.684000 0.333000 0.072000 0.062000
20 0.685000 0.416000 0.112000 0.106000
21 0.720500 0.595500 0.115000 0.107000
25 0.800500 0.682500 0.049000 0.053000
20 0.893500 0.666500 0.109000 0.099000
25 0.979500 0.679000 0.041000 0.056000