26 0.048333 0.582500 0.096667 0.115000
19 0.150833 0.579167 0.095000 0.091667
19 0.246667 0.622500 0.103333 0.101667
24 0.281667 0.787500 0.090000 0.081667
25 0.410833 0.636667 0.081667 0.086667
25 0.523333 0.180833 0.096667 0.078333
19 0.535833 0.633333 0.075000 0.076667
19 0.565000 0.711667 0.076667 0.080000
19 0.542500 0.850833 0.075000 0.078333
19 0.474167 0.923333 0.098333 0.100000
19 0.879167 0.820000 0.085000 0.086667
19 0.775000 0.751667 0.076667 0.076667
25 0.775833 0.665833 0.075000 0.078333
25 0.775000 0.579167 0.086667 0.078333