7 0.322500 0.135625 0.181667 0.188750
7 0.140000 0.333750 0.183333 0.182500
7 0.209167 0.563750 0.051667 0.052500
7 0.200000 0.553750 0.046667 0.047500
2 0.123333 0.527500 0.060000 0.062500
2 0.114167 0.518750 0.058333 0.060000
7 0.649167 0.148125 0.195000 0.196250
7 0.856667 0.028125 0.160000 0.056250
7 0.871667 0.572500 0.053333 0.047500
7 0.884167 0.578125 0.051667 0.046250
7 0.895000 0.583750 0.050000 0.045000
7 0.905833 0.590000 0.051667 0.045000
7 0.921667 0.592500 0.056667 0.052500
7 0.933333 0.599375 0.053333 0.048750
7 0.947500 0.605000 0.051667 0.047500
7 0.810833 0.653125 0.048333 0.046250
7 0.822500 0.658125 0.051667 0.048750
7 0.834167 0.664375 0.051667 0.048750
7 0.864167 0.638125 0.068333 0.038750
7 0.792500 0.700000 0.035000 0.035000
7 0.802500 0.703750 0.035000 0.035000
4 0.815000 0.714375 0.020000 0.021250
4 0.808333 0.711875 0.020000 0.021250
4 0.835833 0.680625 0.025000 0.023750
4 0.842500 0.684375 0.025000 0.023750
4 0.850000 0.687500 0.023333 0.022500
4 0.855000 0.658125 0.023333 0.021250
4 0.863333 0.661875 0.026667 0.023750
4 0.870000 0.665625 0.026667 0.023750
4 0.876667 0.667500 0.026667 0.022500
4 0.880833 0.670625 0.025000 0.023750