7 0.175000 0.107000 0.100000 0.018000
7 0.480500 0.098500 0.103000 0.019000
7 0.042500 0.514500 0.085000 0.017000
7 0.187500 0.483000 0.141000 0.016000
7 0.174500 0.498500 0.113000 0.019000
7 0.180500 0.512000 0.121000 0.018000
7 0.185000 0.526500 0.114000 0.019000
7 0.383500 0.463000 0.141000 0.018000
7 0.375500 0.478500 0.117000 0.015000
7 0.376500 0.492000 0.119000 0.016000
7 0.372000 0.505000 0.100000 0.016000
7 0.373000 0.520000 0.116000 0.020000
7 0.584500 0.384500 0.085000 0.015000
7 0.711500 0.378500 0.081000 0.015000
7 0.803500 0.448000 0.013000 0.088000