11 0.513333 0.111250 0.050000 0.040000
11 0.481667 0.109375 0.053333 0.041250
11 0.450833 0.112500 0.051667 0.040000
11 0.416667 0.112500 0.046667 0.037500
11 0.383333 0.110625 0.053333 0.041250
11 0.545000 0.107500 0.053333 0.042500
11 0.351667 0.113750 0.056667 0.042500
11 0.319167 0.115625 0.051667 0.041250
11 0.290833 0.118125 0.051667 0.041250
11 0.259167 0.118750 0.055000 0.042500
11 0.229167 0.120625 0.058333 0.046250
11 0.194167 0.120625 0.055000 0.038750
11 0.160833 0.122500 0.055000 0.040000
11 0.095833 0.124375 0.048333 0.038750
11 0.556667 0.030625 0.036667 0.051250
11 0.531667 0.028750 0.043333 0.042500
11 0.499167 0.033125 0.055000 0.046250
11 0.464167 0.036875 0.048333 0.041250
11 0.435833 0.033125 0.045000 0.046250
11 0.402500 0.037500 0.041667 0.042500
11 0.370000 0.039375 0.043333 0.043750
11 0.337500 0.040000 0.041667 0.042500
11 0.308333 0.038125 0.050000 0.041250
11 0.045833 0.521250 0.038333 0.047500
11 0.273333 0.043125 0.040000 0.041250
11 0.242500 0.043125 0.041667 0.041250
11 0.210000 0.045625 0.043333 0.041250
11 0.189167 0.038125 0.045000 0.041250
11 0.066667 0.051250 0.023333 0.040000
11 0.040833 0.053750 0.028333 0.045000
14 0.059167 0.005625 0.035000 0.008750
11 0.031667 0.176875 0.053333 0.051250
11 0.060833 0.175625 0.048333 0.051250
11 0.092500 0.173750 0.055000 0.052500
11 0.128333 0.173750 0.056667 0.047500
11 0.160000 0.173125 0.060000 0.048750
11 0.285000 0.171250 0.050000 0.042500
11 0.314167 0.169375 0.051667 0.046250
11 0.349167 0.167500 0.045000 0.042500
11 0.376667 0.165625 0.046667 0.043750
11 0.412500 0.163750 0.055000 0.047500
11 0.445000 0.160000 0.063333 0.052500
11 0.510000 0.159375 0.053333 0.051250
11 0.545833 0.160000 0.055000 0.047500
11 0.575000 0.161250 0.046667 0.042500
11 0.058333 0.253125 0.083333 0.053750
11 0.090000 0.251875 0.076667 0.051250
11 0.152500 0.250625 0.071667 0.048750
11 0.215000 0.249375 0.073333 0.048750
11 0.248333 0.246250 0.073333 0.050000
11 0.278333 0.245000 0.063333 0.050000
11 0.314167 0.243750 0.078333 0.055000
11 0.345833 0.243125 0.065000 0.051250
11 0.502500 0.235625 0.071667 0.051250
11 0.537500 0.234375 0.075000 0.053750
11 0.560833 0.228125 0.055000 0.041250
11 0.593333 0.228125 0.053333 0.041250
11 0.624167 0.227500 0.061667 0.045000
11 0.656667 0.224375 0.060000 0.046250
11 0.439167 0.239375 0.065000 0.051250
11 0.410000 0.243125 0.070000 0.048750
11 0.375833 0.243125 0.065000 0.048750
11 0.030833 0.314375 0.058333 0.053750
11 0.061667 0.313125 0.056667 0.053750
11 0.125833 0.310000 0.058333 0.055000
11 0.160833 0.308750 0.058333 0.055000
11 0.192500 0.308125 0.061667 0.053750
11 0.223333 0.304375 0.060000 0.056250
11 0.255000 0.303750 0.060000 0.057500
11 0.289167 0.302500 0.055000 0.055000
11 0.321667 0.300000 0.056667 0.055000
11 0.353333 0.300000 0.053333 0.052500
11 0.380000 0.300000 0.056667 0.055000
11 0.417500 0.296875 0.055000 0.056250
11 0.445833 0.297500 0.055000 0.057500
11 0.483333 0.291875 0.056667 0.056250
11 0.513333 0.295625 0.063333 0.056250
11 0.545833 0.292500 0.058333 0.055000
11 0.577500 0.291250 0.065000 0.057500
11 0.636667 0.290000 0.056667 0.057500
11 0.672500 0.285000 0.055000 0.057500
11 0.670833 0.119375 0.045000 0.041250
11 0.816667 0.296875 0.046667 0.041250
11 0.177500 0.527500 0.078333 0.040000
11 0.170833 0.503125 0.078333 0.043750
11 0.167500 0.481250 0.078333 0.042500
11 0.166667 0.460625 0.076667 0.041250
11 0.166667 0.438750 0.080000 0.045000
11 0.159167 0.416250 0.078333 0.042500
11 0.175000 0.402500 0.076667 0.047500
11 0.196667 0.394375 0.076667 0.048750
11 0.182500 0.358125 0.065000 0.028750
11 0.255000 0.391250 0.070000 0.050000
11 0.286667 0.388750 0.066667 0.050000
11 0.320000 0.388125 0.073333 0.051250
11 0.353333 0.388125 0.073333 0.053750
11 0.380833 0.384375 0.068333 0.051250
11 0.417500 0.383125 0.065000 0.048750
11 0.449167 0.381250 0.071667 0.050000
11 0.477500 0.378750 0.071667 0.052500
9 0.079167 0.605000 0.041667 0.012500
14 0.239167 0.618750 0.025000 0.025000
14 0.260833 0.616875 0.028333 0.028750
14 0.236667 0.551250 0.033333 0.010000
14 0.243333 0.491875 0.036667 0.011250
9 0.241667 0.458125 0.036667 0.008750
9 0.289167 0.430000 0.015000 0.022500
9 0.430000 0.422500 0.016667 0.020000
9 0.348333 0.505000 0.023333 0.022500
9 0.399167 0.521875 0.021667 0.023750
9 0.352500 0.596875 0.025000 0.026250
9 0.503333 0.563750 0.033333 0.032500
9 0.541667 0.556875 0.026667 0.028750
9 0.568333 0.485000 0.020000 0.022500
14 0.581667 0.460625 0.016667 0.021250
9 0.734167 0.457500 0.015000 0.020000
11 0.512500 0.380625 0.068333 0.048750
11 0.545833 0.380625 0.068333 0.051250
11 0.577500 0.379375 0.071667 0.048750
11 0.609167 0.378125 0.075000 0.051250
11 0.640000 0.373750 0.070000 0.050000
11 0.674167 0.373750 0.075000 0.055000
11 0.707500 0.374375 0.075000 0.051250
11 0.739167 0.373125 0.071667 0.051250
11 0.765000 0.368125 0.070000 0.048750
11 0.798333 0.366875 0.063333 0.048750
11 0.823333 0.361875 0.053333 0.041250
14 0.323333 0.978750 0.046667 0.020000
11 0.383333 0.964375 0.053333 0.023750