29 0.247500 0.277500 0.092500 0.128333
29 0.353750 0.221667 0.087500 0.120000
29 0.455000 0.150000 0.077500 0.113333
29 0.975000 0.481667 0.050000 0.116667
29 0.892500 0.548333 0.087500 0.123333
29 0.789375 0.616667 0.046250 0.070000
29 0.954375 0.071667 0.063750 0.086667
29 0.757500 0.214167 0.085000 0.108333
29 0.653750 0.280000 0.075000 0.093333
29 0.536875 0.325833 0.056250 0.068333
29 0.443125 0.383333 0.051250 0.060000
29 0.826250 0.835833 0.072500 0.085000
29 0.531875 0.811667 0.081250 0.103333
29 0.356250 0.487500 0.122500 0.165000
29 0.407500 0.630833 0.090000 0.118333