30 0.293333 0.396250 0.393333 0.282500
9 0.970833 0.890000 0.031667 0.030000
9 0.946667 0.893750 0.030000 0.025000
9 0.863333 0.840000 0.043333 0.020000
9 0.814167 0.850000 0.038333 0.020000
9 0.766667 0.861250 0.040000 0.017500
14 0.720000 0.871250 0.030000 0.015000
9 0.486667 0.940625 0.040000 0.021250
9 0.633333 0.961250 0.030000 0.027500
14 0.609167 0.964375 0.031667 0.028750
9 0.555833 0.975000 0.028333 0.027500
33 0.365000 0.642500 0.140000 0.110000
33 0.459167 0.622500 0.138333 0.112500
33 0.551667 0.604375 0.140000 0.111250
33 0.645833 0.585000 0.138333 0.110000
33 0.739167 0.565000 0.141667 0.110000
33 0.832500 0.548125 0.138333 0.108750