29 0.240714 0.716429 0.067143 0.064286
29 0.752857 0.027143 0.057143 0.045714
29 0.423571 0.434286 0.061429 0.057143
29 0.420714 0.382143 0.067143 0.058571
29 0.369286 0.330000 0.067143 0.062857
29 0.305000 0.187143 0.055714 0.065714
19 0.401429 0.127143 0.077143 0.065714
26 0.185000 0.068571 0.087143 0.080000
26 0.192143 0.180000 0.090000 0.080000
27 0.197857 0.296429 0.152857 0.152857
27 0.185000 0.432143 0.121429 0.121429
27 0.068571 0.449286 0.137143 0.155714
25 0.029286 0.365000 0.058571 0.072857