29 0.879000 0.892500 0.070000 0.065000
22 0.904000 0.715500 0.108000 0.109000
19 0.967500 0.663500 0.049000 0.053000
22 0.863500 0.588500 0.109000 0.109000
29 0.529000 0.809500 0.072000 0.073000
19 0.301500 0.483500 0.065000 0.067000
19 0.580500 0.382500 0.065000 0.067000
19 0.654500 0.330500 0.063000 0.065000
22 0.735500 0.261500 0.105000 0.107000
28 0.811000 0.212000 0.106000 0.108000
25 0.887500 0.163500 0.063000 0.063000
25 0.964000 0.113000 0.062000 0.064000
25 0.730000 0.034000 0.064000 0.064000
25 0.404000 0.254000 0.060000 0.060000