7 0.042000 0.252000 0.044000 0.036000
7 0.039000 0.261000 0.042000 0.034000
7 0.031500 0.269000 0.039000 0.032000
7 0.044000 0.309500 0.032000 0.041000
7 0.037000 0.305500 0.030000 0.037000
7 0.030500 0.301000 0.031000 0.040000
7 0.022000 0.294000 0.030000 0.036000
7 0.015500 0.289000 0.029000 0.036000
7 0.011500 0.283500 0.023000 0.039000
7 0.008000 0.366500 0.016000 0.019000
7 0.006500 0.362500 0.013000 0.021000
6 0.516000 0.061500 0.018000 0.061000
6 0.530000 0.091500 0.054000 0.155000
6 0.508500 0.251000 0.033000 0.100000
5 0.361000 0.189000 0.050000 0.056000
5 0.350500 0.236000 0.065000 0.058000
6 0.492500 0.356000 0.037000 0.028000
1 0.496500 0.350500 0.015000 0.013000
7 0.834000 0.136500 0.074000 0.101000
5 0.797500 0.122500 0.045000 0.043000
7 0.129000 0.971500 0.108000 0.057000
7 0.562500 0.647000 0.067000 0.058000
7 0.438000 0.772500 0.088000 0.073000
7 0.434000 0.755500 0.084000 0.071000
7 0.278000 0.929000 0.096000 0.080000
7 0.264000 0.922000 0.118000 0.098000
7 0.236500 0.920500 0.107000 0.093000
7 0.817500 0.526000 0.217000 0.196000
5 0.812000 0.582500 0.094000 0.089000
6 0.817500 0.616000 0.129000 0.128000
7 0.915000 0.987500 0.110000 0.025000