25 0.325000 0.626667 0.061111 0.053333
29 0.965000 0.556667 0.052222 0.048889
26 0.921111 0.053333 0.066667 0.062222
26 0.926667 0.139444 0.071111 0.063333
27 0.931111 0.230556 0.120000 0.118889
27 0.921111 0.336111 0.095556 0.094444
27 0.824444 0.349444 0.120000 0.121111
25 0.792222 0.282778 0.062222 0.056667
26 0.778333 0.215556 0.063333 0.053333
26 0.755556 0.029444 0.062222 0.052222
26 0.611111 0.030000 0.062222 0.053333
25 0.622222 0.105556 0.057778 0.055556
29 0.619444 0.168889 0.056667 0.046667
25 0.632222 0.232778 0.055556 0.050000
29 0.631667 0.305000 0.045556 0.041111
29 0.617222 0.468889 0.047778 0.037778
25 0.477222 0.253889 0.061111 0.054444
25 0.472778 0.188333 0.065556 0.061111
23 0.303889 0.068333 0.058889 0.050000
29 0.312222 0.138889 0.075556 0.068889
29 0.322778 0.213333 0.072222 0.062222
25 0.331667 0.282778 0.063333 0.056667
25 0.341667 0.349444 0.063333 0.056667
29 0.339444 0.411111 0.098889 0.097778
25 0.278333 0.422222 0.054444 0.060000
27 0.200556 0.415000 0.123333 0.123333
19 0.177222 0.345556 0.056667 0.053333
23 0.172222 0.284444 0.057778 0.044444
29 0.093889 0.240000 0.038889 0.046667
26 0.168333 0.221667 0.072222 0.063333
29 0.164444 0.151667 0.082222 0.074444
25 0.035000 0.319444 0.050000 0.054444
26 0.039444 0.377222 0.076667 0.072222
26 0.046111 0.442222 0.076667 0.080000