13 0.935833 0.959375 0.031667 0.023750
13 0.925000 0.932500 0.026667 0.020000
14 0.908333 0.890000 0.036667 0.025000
9 0.897500 0.877500 0.031667 0.022500
9 0.875833 0.855625 0.035000 0.016250
12 0.875000 0.843750 0.043333 0.020000
12 0.817500 0.868125 0.018333 0.026250
12 0.763333 0.884375 0.030000 0.033750
11 0.554167 0.943750 0.038333 0.045000
12 0.605000 0.918125 0.053333 0.018750
11 0.601667 0.907500 0.050000 0.017500
11 0.605833 0.893125 0.071667 0.023750
12 0.552500 0.821250 0.021667 0.022500
12 0.545000 0.905625 0.020000 0.028750
12 0.542500 0.854375 0.025000 0.031250
12 0.878333 0.730625 0.036667 0.026250
14 0.870000 0.718750 0.036667 0.022500
9 0.889167 0.742500 0.035000 0.025000
14 0.895000 0.760625 0.023333 0.016250
12 0.901667 0.772500 0.036667 0.027500
9 0.840000 0.708125 0.016667 0.021250
14 0.820000 0.710625 0.023333 0.023750
9 0.796667 0.714375 0.023333 0.026250
9 0.776667 0.720625 0.023333 0.023750
9 0.737500 0.729375 0.021667 0.021250
14 0.720833 0.730625 0.021667 0.023750
9 0.657500 0.746250 0.021667 0.022500
9 0.633333 0.746875 0.023333 0.023750
12 0.588333 0.758125 0.030000 0.033750
14 0.630000 0.730000 0.030000 0.015000
14 0.580000 0.734375 0.036667 0.016250
14 0.928333 0.638125 0.036667 0.026250
9 0.827500 0.645625 0.038333 0.011250
9 0.778333 0.656875 0.040000 0.018750
9 0.741667 0.665000 0.036667 0.017500
9 0.704167 0.674375 0.038333 0.016250
14 0.640000 0.687500 0.036667 0.017500
14 0.478333 0.723125 0.040000 0.016250
14 0.443333 0.731875 0.036667 0.016250
14 0.664167 0.418125 0.035000 0.011250
9 0.511667 0.265625 0.026667 0.026250
14 0.469167 0.522500 0.045000 0.017500
14 0.474167 0.535000 0.045000 0.020000
14 0.504167 0.556250 0.065000 0.025000
14 0.135833 0.685000 0.028333 0.015000
35 0.445833 0.136250 0.075000 0.062500
35 0.877500 0.065625 0.145000 0.126250
9 0.754167 0.073125 0.035000 0.018750
12 0.702500 0.021250 0.025000 0.025000
9 0.680000 0.025000 0.023333 0.025000
9 0.230833 0.650625 0.025000 0.026250
11 0.355833 0.375000 0.055000 0.025000