26 0.020000 0.248571 0.040000 0.082857
29 0.065000 0.025714 0.072857 0.051429
29 0.082857 0.158571 0.065714 0.068571
26 0.082143 0.233571 0.098571 0.098571
25 0.255000 0.033571 0.084286 0.067143
24 0.267857 0.116429 0.084286 0.070000
24 0.290000 0.201429 0.100000 0.102857
19 0.378571 0.206429 0.068571 0.070000
24 0.461429 0.020714 0.077143 0.041429
25 0.458571 0.098571 0.077143 0.068571
26 0.781429 0.161429 0.091429 0.097143
27 0.845714 0.040000 0.145714 0.080000
29 0.067857 0.351429 0.052857 0.045714
27 0.489286 0.469286 0.124286 0.118571