20 0.386500 0.956500 0.125000 0.087000
25 0.480500 0.952000 0.057000 0.060000
20 0.647000 0.832500 0.126000 0.127000
20 0.545500 0.772500 0.125000 0.123000
22 0.796500 0.736000 0.111000 0.110000
22 0.955500 0.623000 0.089000 0.108000
20 0.938500 0.260000 0.113000 0.114000
22 0.787500 0.356000 0.089000 0.090000
22 0.711500 0.404500 0.095000 0.097000
20 0.619000 0.472500 0.116000 0.117000
22 0.545500 0.524000 0.109000 0.108000
22 0.469000 0.570500 0.088000 0.089000
22 0.376500 0.636000 0.109000 0.110000
20 0.227000 0.736500 0.116000 0.117000
22 0.130500 0.797000 0.087000 0.090000