20 0.921250 0.249167 0.120000 0.168333
22 0.926875 0.415833 0.101250 0.128333
21 0.927500 0.568333 0.117500 0.140000
20 0.932500 0.719167 0.112500 0.138333
20 0.938750 0.872500 0.112500 0.138333
20 0.634375 0.895000 0.111250 0.140000
22 0.625625 0.741667 0.091250 0.130000
22 0.624375 0.590833 0.088750 0.128333
22 0.617500 0.422500 0.102500 0.131667
29 0.616250 0.239167 0.112500 0.141667
22 0.608750 0.062500 0.105000 0.125000
22 0.408125 0.900833 0.106250 0.135000
20 0.393125 0.747500 0.113750 0.141667
29 0.395625 0.595833 0.086250 0.101667
22 0.384375 0.445000 0.101250 0.130000
22 0.378125 0.140000 0.101250 0.130000
29 0.020000 0.373333 0.040000 0.073333
29 0.021875 0.461667 0.043750 0.073333
25 0.032500 0.743333 0.057500 0.076667