29 0.975625 0.425000 0.048750 0.090000
19 0.976875 0.182500 0.046250 0.088333
25 0.920625 0.055833 0.081250 0.108333
25 0.780625 0.047500 0.066250 0.095000
19 0.721250 0.074167 0.067500 0.095000
26 0.683125 0.124167 0.088750 0.115000
26 0.680000 0.217500 0.090000 0.115000
19 0.594375 0.281667 0.076250 0.103333
19 0.485625 0.234167 0.076250 0.101667
25 0.463750 0.163333 0.077500 0.103333
25 0.420000 0.100833 0.072500 0.095000
29 0.338125 0.100833 0.071250 0.091667
25 0.229375 0.134167 0.071250 0.095000
26 0.174375 0.257500 0.076250 0.081667
25 0.207500 0.420000 0.062500 0.076667
25 0.216875 0.500000 0.066250 0.080000