12 0.656667 0.953125 0.040000 0.013750
9 0.496667 0.939375 0.036667 0.013750
12 0.459167 0.655625 0.025000 0.028750
11 0.097500 0.341250 0.055000 0.095000
11 0.076667 0.317500 0.040000 0.050000
9 0.194167 0.273125 0.018333 0.021250
14 0.260000 0.285000 0.023333 0.022500
9 0.300833 0.291250 0.021667 0.022500
12 0.321667 0.293750 0.023333 0.027500
12 0.345000 0.292500 0.023333 0.027500
12 0.379167 0.296250 0.031667 0.037500
14 0.399167 0.305625 0.025000 0.023750
9 0.420833 0.311250 0.021667 0.022500
9 0.220000 0.221250 0.020000 0.022500
12 0.258333 0.230625 0.016667 0.023750
9 0.278333 0.237500 0.020000 0.025000
9 0.299167 0.243750 0.018333 0.020000
12 0.335833 0.230000 0.028333 0.035000
14 0.306667 0.220625 0.020000 0.021250
12 0.275833 0.187500 0.055000 0.022500
14 0.818333 0.306875 0.036667 0.013750
9 0.808333 0.321250 0.040000 0.015000
9 0.805833 0.336875 0.035000 0.013750
9 0.780000 0.349375 0.040000 0.016250
11 0.607500 0.321875 0.081667 0.026250