1 0.624167 0.094375 0.058333 0.036250
5 0.600000 0.098750 0.083333 0.047500
5 0.578333 0.113750 0.093333 0.060000
5 0.568333 0.144375 0.113333 0.066250
4 0.515833 0.190000 0.058333 0.030000
4 0.503333 0.198125 0.073333 0.041250
1 0.472500 0.222500 0.065000 0.035000
4 0.459167 0.250000 0.048333 0.027500
1 0.418333 0.218125 0.050000 0.033750
1 0.382500 0.246250 0.035000 0.027500
1 0.398333 0.253750 0.056667 0.045000
1 0.360833 0.271875 0.041667 0.026250
0 0.410000 0.292500 0.083333 0.070000
0 0.436667 0.296250 0.063333 0.052500
1 0.450833 0.300625 0.035000 0.028750
1 0.349167 0.323125 0.031667 0.028750
1 0.332500 0.309375 0.038333 0.031250