19 0.539000 0.041000 0.068000 0.068000
19 0.571500 0.084000 0.067000 0.068000
29 0.604500 0.124500 0.067000 0.065000
26 0.632500 0.166000 0.073000 0.072000
29 0.666500 0.205000 0.069000 0.068000
19 0.155500 0.103000 0.065000 0.066000
25 0.229000 0.191000 0.048000 0.046000
19 0.232500 0.425500 0.069000 0.067000
25 0.267000 0.468500 0.066000 0.065000
29 0.665500 0.713000 0.075000 0.074000
29 0.656500 0.933000 0.071000 0.074000
31 0.400000 0.746000 0.040000 0.042000
31 0.415500 0.732500 0.041000 0.043000