28 0.320500 0.131000 0.125000 0.130000
28 0.237000 0.178500 0.120000 0.127000
28 0.156500 0.222000 0.115000 0.116000
28 0.059500 0.277000 0.113000 0.114000
27 0.789500 0.224500 0.139000 0.139000
21 0.702500 0.356000 0.109000 0.106000
28 0.514500 0.481500 0.119000 0.121000
28 0.369000 0.475000 0.124000 0.120000
28 0.412000 0.555500 0.126000 0.121000
27 0.462000 0.640500 0.116000 0.115000
21 0.505500 0.719500 0.125000 0.121000
21 0.548000 0.795000 0.124000 0.116000
27 0.596000 0.874500 0.112000 0.111000
22 0.646000 0.955500 0.118000 0.089000
27 0.914000 0.685500 0.114000 0.111000