2 0.812500 0.374500 0.073000 0.021000
7 0.937000 0.347500 0.076000 0.055000
2 0.805500 0.481500 0.035000 0.061000
2 0.816500 0.485500 0.035000 0.063000
2 0.828500 0.492000 0.035000 0.060000
2 0.839500 0.495500 0.033000 0.061000
2 0.850000 0.499500 0.034000 0.059000
2 0.861000 0.502500 0.030000 0.059000
2 0.871500 0.508000 0.033000 0.058000
2 0.882500 0.513000 0.033000 0.058000
2 0.893000 0.517000 0.034000 0.058000
2 0.905500 0.523000 0.031000 0.060000
2 0.915500 0.525500 0.029000 0.059000
2 0.927500 0.529500 0.027000 0.059000
2 0.937000 0.532000 0.022000 0.060000
36 0.527000 0.539500 0.932000 0.465000