9 0.888333 0.474375 0.036667 0.023750
14 0.725000 0.433750 0.033333 0.022500
14 0.971667 0.258125 0.033333 0.021250
14 0.885833 0.301250 0.031667 0.020000
12 0.696667 0.359375 0.040000 0.026250
9 0.721667 0.202500 0.040000 0.025000
14 0.692500 0.218125 0.035000 0.023750
9 0.535000 0.254375 0.033333 0.021250
14 0.532500 0.054375 0.031667 0.018750
14 0.423333 0.066875 0.033333 0.023750
9 0.385833 0.042500 0.035000 0.025000
9 0.243333 0.053125 0.036667 0.023750
9 0.055000 0.338125 0.036667 0.023750
9 0.069167 0.346875 0.038333 0.023750
14 0.134167 0.368125 0.035000 0.021250
12 0.083333 0.376250 0.043333 0.027500
9 0.504167 0.631875 0.038333 0.021250
14 0.518333 0.641875 0.033333 0.021250
14 0.669167 0.722500 0.035000 0.022500
9 0.450833 0.758750 0.031667 0.020000
14 0.765000 0.845625 0.036667 0.016250
9 0.770833 0.887500 0.035000 0.022500
14 0.046667 0.761250 0.036667 0.022500
14 0.854167 0.145000 0.025000 0.017500