9 0.944167 0.325000 0.031667 0.020000
9 0.905000 0.339375 0.033333 0.021250
9 0.825833 0.369375 0.038333 0.021250
9 0.712500 0.411250 0.035000 0.020000
9 0.740833 0.431875 0.035000 0.018750
9 0.575833 0.461250 0.045000 0.022500
14 0.532500 0.494375 0.038333 0.018750
9 0.557500 0.498750 0.028333 0.015000
14 0.360833 0.540625 0.035000 0.018750
9 0.285000 0.569375 0.030000 0.018750
14 0.282500 0.586250 0.028333 0.017500
9 0.340000 0.630625 0.030000 0.023750
14 0.426667 0.643750 0.036667 0.020000
9 0.427500 0.712500 0.025000 0.022500
9 0.355000 0.730625 0.026667 0.023750
9 0.372500 0.751250 0.025000 0.025000
14 0.391667 0.748125 0.026667 0.023750
14 0.339167 0.736875 0.028333 0.023750
9 0.302500 0.742500 0.028333 0.025000
9 0.249167 0.756250 0.025000 0.025000
9 0.228333 0.760000 0.026667 0.025000
14 0.283333 0.773125 0.023333 0.021250
9 0.214167 0.793125 0.025000 0.021250
9 0.193333 0.795000 0.026667 0.025000
9 0.161667 0.780000 0.030000 0.025000
9 0.123333 0.788125 0.026667 0.023750
9 0.108333 0.794375 0.030000 0.026250
9 0.087500 0.821250 0.028333 0.025000
14 0.259167 0.661250 0.031667 0.022500
9 0.225000 0.673750 0.026667 0.020000
14 0.175833 0.690625 0.028333 0.021250
14 0.162500 0.696875 0.028333 0.021250
14 0.143333 0.701875 0.026667 0.021250
9 0.130833 0.711250 0.028333 0.025000
9 0.095833 0.721250 0.031667 0.025000
9 0.077500 0.726875 0.031667 0.026250
9 0.048333 0.738750 0.033333 0.025000
9 0.094167 0.639375 0.035000 0.021250
13 0.028333 0.784375 0.053333 0.021250
12 0.164167 0.566250 0.038333 0.020000
9 0.180000 0.508125 0.023333 0.028750
12 0.593333 0.378125 0.036667 0.023750
9 0.416667 0.369375 0.030000 0.023750
9 0.396667 0.374375 0.023333 0.021250
9 0.382500 0.383750 0.028333 0.022500
14 0.310000 0.410625 0.026667 0.021250
14 0.294167 0.413125 0.028333 0.023750
14 0.275833 0.421250 0.021667 0.017500
14 0.339167 0.841875 0.025000 0.021250
9 0.250833 0.838750 0.028333 0.027500
14 0.177500 0.853750 0.025000 0.022500
14 0.195833 0.878125 0.025000 0.023750
14 0.158333 0.884375 0.026667 0.023750
9 0.340833 0.896875 0.028333 0.026250
9 0.282500 0.934375 0.025000 0.023750
9 0.234167 0.948750 0.025000 0.022500
9 0.340833 0.976875 0.028333 0.026250
32 0.772500 0.640625 0.455000 0.418750
12 0.490000 0.141875 0.043333 0.028750
17 0.575833 0.108125 0.048333 0.023750
11 0.215000 0.192500 0.046667 0.030000
11 0.193333 0.182500 0.046667 0.025000
11 0.145833 0.153750 0.068333 0.037500
14 0.310833 0.065625 0.038333 0.023750
11 0.356667 0.043125 0.040000 0.026250
11 0.065000 0.185625 0.070000 0.038750
11 0.086667 0.196250 0.070000 0.040000
11 0.103333 0.206250 0.066667 0.037500
11 0.125000 0.214375 0.046667 0.028750
11 0.156667 0.219375 0.046667 0.026250