6 0.207500 0.771875 0.215000 0.026250
6 0.530833 0.944375 0.225000 0.021250
6 0.518333 0.958750 0.173333 0.017500
6 0.881667 0.973750 0.223333 0.025000
6 0.892500 0.954375 0.215000 0.023750
6 0.879167 0.938125 0.241667 0.026250
6 0.878333 0.918750 0.220000 0.025000
6 0.523333 0.974375 0.223333 0.018750
6 0.533333 0.926250 0.233333 0.025000
6 0.165833 0.876250 0.231667 0.020000
6 0.197500 0.852500 0.275000 0.022500
6 0.222500 0.829375 0.278333 0.021250
6 0.239167 0.808125 0.228333 0.018750
6 0.239167 0.787500 0.231667 0.020000