29 0.463000 0.224000 0.058000 0.058000
22 0.079000 0.432000 0.088000 0.094000
29 0.168000 0.443500 0.084000 0.089000
29 0.255500 0.455500 0.085000 0.089000
29 0.345500 0.460000 0.073000 0.080000
29 0.434500 0.476000 0.085000 0.090000
29 0.524500 0.503000 0.087000 0.084000
22 0.480500 0.654000 0.087000 0.092000
22 0.391500 0.651000 0.085000 0.090000
22 0.289000 0.644000 0.086000 0.090000
28 0.199500 0.634000 0.095000 0.104000
22 0.110500 0.620000 0.087000 0.092000
22 0.031500 0.614000 0.063000 0.088000