25 0.976500 0.202000 0.047000 0.060000
29 0.982500 0.359000 0.035000 0.060000
25 0.931000 0.356500 0.062000 0.063000
25 0.742000 0.514000 0.062000 0.060000
29 0.841000 0.565000 0.058000 0.060000
29 0.430000 0.519000 0.048000 0.052000
19 0.500500 0.322000 0.063000 0.060000
29 0.549500 0.107500 0.043000 0.047000
29 0.549500 0.154500 0.063000 0.063000
29 0.331000 0.145000 0.066000 0.064000
21 0.297000 0.217500 0.108000 0.107000
27 0.259000 0.300000 0.108000 0.108000
20 0.214500 0.378000 0.115000 0.112000
29 0.039000 0.270500 0.072000 0.081000
29 0.194500 0.461000 0.063000 0.060000
29 0.246500 0.501000 0.071000 0.072000
29 0.309500 0.533500 0.085000 0.083000
29 0.969500 0.882500 0.061000 0.063000