4 0.155000 0.047500 0.060000 0.060000
5 0.591667 0.235000 0.110000 0.057500
2 0.510000 0.201250 0.053333 0.065000
2 0.528333 0.196250 0.050000 0.060000
2 0.653333 0.210000 0.033333 0.052500
2 0.672500 0.200000 0.018333 0.050000
2 0.692500 0.208125 0.025000 0.043750
5 0.504167 0.333750 0.075000 0.037500
5 0.486667 0.289375 0.070000 0.033750
5 0.495000 0.310000 0.080000 0.042500
2 0.500833 0.355000 0.088333 0.037500
5 0.503333 0.371875 0.090000 0.041250
1 0.502500 0.215625 0.028333 0.031250
1 0.608333 0.188125 0.023333 0.026250
1 0.598333 0.188125 0.023333 0.026250