21 0.272500 0.099500 0.093000 0.083000
21 0.400500 0.206500 0.097000 0.099000
21 0.230000 0.209500 0.094000 0.097000
20 0.159500 0.270500 0.127000 0.133000
20 0.173000 0.374500 0.084000 0.085000
29 0.322000 0.376000 0.110000 0.112000
29 0.545000 0.214500 0.046000 0.039000
29 0.568500 0.397000 0.085000 0.084000
25 0.471000 0.504000 0.066000 0.066000
21 0.512000 0.578000 0.122000 0.120000
21 0.566500 0.648000 0.107000 0.106000
22 0.269000 0.600500 0.108000 0.109000
22 0.324500 0.677500 0.109000 0.109000
22 0.378500 0.754500 0.107000 0.107000
20 0.222500 0.788000 0.123000 0.122000
21 0.284500 0.860000 0.099000 0.096000
21 0.434500 0.828500 0.107000 0.107000
21 0.335500 0.940500 0.121000 0.119000
26 0.745500 0.285000 0.071000 0.072000
20 0.791500 0.195500 0.087000 0.091000