29 0.945000 0.342143 0.072857 0.072857
29 0.972143 0.385000 0.055714 0.061429
20 0.850000 0.357857 0.114286 0.115714
29 0.895714 0.273571 0.068571 0.067143
29 0.726429 0.366429 0.041429 0.041429
29 0.816429 0.397857 0.050000 0.050000
19 0.719286 0.399286 0.092857 0.092857
29 0.746429 0.402857 0.038571 0.040000
29 0.598571 0.235714 0.080000 0.080000
29 0.606429 0.192857 0.070000 0.068571
29 0.680000 0.192143 0.080000 0.090000
29 0.724286 0.201429 0.051429 0.054286
29 0.782857 0.219286 0.034286 0.035714
29 0.764286 0.183571 0.091429 0.090000