30 0.648333 0.075000 0.326667 0.150000
30 0.192500 0.370000 0.295000 0.167500
14 0.438333 0.570000 0.040000 0.025000
9 0.714167 0.602500 0.031667 0.020000
12 0.852500 0.630625 0.031667 0.023750
9 0.695833 0.608750 0.025000 0.015000
12 0.615833 0.666875 0.031667 0.023750
12 0.502500 0.745625 0.035000 0.026250
14 0.799167 0.743125 0.035000 0.021250
14 0.755833 0.768750 0.045000 0.027500
9 0.866667 0.959375 0.036667 0.011250
14 0.745000 0.988750 0.040000 0.010000
14 0.384167 0.987500 0.035000 0.010000
14 0.345833 0.962500 0.035000 0.010000
14 0.430000 0.948750 0.036667 0.010000
9 0.478333 0.922500 0.030000 0.030000