1 0.930833 0.735625 0.038333 0.031250
9 0.071667 0.907500 0.036667 0.025000
14 0.121667 0.866875 0.033333 0.023750
12 0.092500 0.849375 0.038333 0.026250
9 0.100000 0.784375 0.036667 0.023750
9 0.193333 0.836875 0.036667 0.023750
9 0.202500 0.829375 0.031667 0.021250
9 0.173333 0.810000 0.040000 0.027500
14 0.701667 0.787500 0.026667 0.020000
9 0.635000 0.711875 0.026667 0.018750
14 0.608333 0.815625 0.030000 0.018750
14 0.579167 0.800625 0.031667 0.021250
14 0.496667 0.780000 0.030000 0.020000
9 0.422500 0.732500 0.038333 0.027500
14 0.699167 0.542500 0.028333 0.020000
9 0.876667 0.488750 0.033333 0.025000
14 0.849167 0.469375 0.035000 0.023750
9 0.806667 0.521250 0.036667 0.022500
9 0.775833 0.501875 0.035000 0.023750
9 0.745000 0.485000 0.036667 0.022500
9 0.625000 0.415000 0.033333 0.025000
9 0.956667 0.266250 0.030000 0.020000
9 0.537500 0.298750 0.025000 0.017500
12 0.584167 0.389375 0.038333 0.026250
9 0.432500 0.133750 0.038333 0.025000
14 0.467500 0.118125 0.035000 0.021250
14 0.227500 0.136875 0.031667 0.021250
9 0.102500 0.050000 0.035000 0.025000
14 0.228333 0.237500 0.036667 0.025000