29 0.961000 0.257500 0.048000 0.041000
29 0.965000 0.315000 0.050000 0.040000
29 0.885500 0.279000 0.039000 0.036000
21 0.377500 0.274500 0.099000 0.091000
27 0.380500 0.383500 0.085000 0.083000
20 0.395500 0.490500 0.097000 0.107000
27 0.393500 0.598500 0.087000 0.083000
19 0.434000 0.726500 0.056000 0.049000
22 0.155000 0.033000 0.082000 0.066000
28 0.171000 0.270500 0.100000 0.089000
29 0.181000 0.359000 0.074000 0.066000
29 0.184500 0.449000 0.087000 0.086000
22 0.191500 0.539000 0.077000 0.080000
20 0.199000 0.628000 0.088000 0.082000