22 0.382500 0.946250 0.131667 0.107500
26 0.434167 0.870625 0.125000 0.088750
29 0.134167 0.718125 0.061667 0.043750
29 0.023333 0.535625 0.046667 0.041250
29 0.045000 0.503125 0.050000 0.041250
29 0.070000 0.452500 0.060000 0.045000
29 0.106667 0.415625 0.050000 0.041250
29 0.104167 0.329375 0.081667 0.061250
21 0.485833 0.324375 0.188333 0.136250
20 0.783333 0.406250 0.190000 0.140000
21 0.706667 0.520000 0.173333 0.127500
21 0.487500 0.688750 0.178333 0.135000
20 0.620833 0.633125 0.188333 0.138750
20 0.704167 0.704375 0.185000 0.133750
20 0.634167 0.801250 0.188333 0.137500