7 0.596000 0.106500 0.018000 0.065000
7 0.616500 0.103000 0.019000 0.062000
7 0.624000 0.171000 0.020000 0.068000
7 0.609500 0.170000 0.019000 0.064000
7 0.513000 0.212000 0.036000 0.068000
7 0.523500 0.207000 0.033000 0.066000
7 0.535000 0.204000 0.034000 0.064000
7 0.545500 0.201500 0.033000 0.061000
7 0.554500 0.193000 0.031000 0.058000
7 0.563500 0.187500 0.031000 0.059000
7 0.574500 0.184000 0.033000 0.064000
7 0.585500 0.180000 0.033000 0.058000
4 0.658000 0.604000 0.018000 0.066000
5 0.069000 0.509500 0.038000 0.121000