25 0.054000 0.023500 0.058000 0.047000
25 0.028500 0.072000 0.057000 0.060000
27 0.253000 0.090500 0.072000 0.077000
25 0.372500 0.201000 0.053000 0.054000
25 0.405000 0.248500 0.052000 0.049000
26 0.213500 0.133000 0.069000 0.070000
25 0.158500 0.380000 0.045000 0.040000
25 0.404500 0.306000 0.049000 0.046000
25 0.383500 0.356000 0.061000 0.058000
25 0.354000 0.406000 0.054000 0.054000
25 0.302500 0.390000 0.045000 0.044000
29 0.090000 0.492000 0.048000 0.048000
26 0.147000 0.519000 0.068000 0.068000
26 0.240000 0.575000 0.064000 0.054000
22 0.190000 0.706500 0.080000 0.081000