14 0.007500 0.040500 0.015000 0.017000
11 0.035500 0.072000 0.033000 0.042000
11 0.095000 0.153000 0.032000 0.040000
11 0.128500 0.202000 0.035000 0.042000
11 0.184500 0.275500 0.045000 0.055000
14 0.239000 0.258000 0.010000 0.020000
11 0.079500 0.041000 0.037000 0.044000
15 0.175500 0.177500 0.043000 0.055000
11 0.276500 0.314500 0.017000 0.019000
11 0.275000 0.342500 0.036000 0.041000
11 0.340500 0.380500 0.033000 0.029000
11 0.298500 0.393000 0.055000 0.048000
11 0.287500 0.479000 0.063000 0.036000
11 0.342000 0.440000 0.048000 0.030000
11 0.286000 0.406500 0.040000 0.037000
14 0.244000 0.364000 0.016000 0.016000
14 0.221500 0.331500 0.019000 0.015000
11 0.065000 0.380500 0.036000 0.023000
14 0.118500 0.403500 0.025000 0.019000
11 0.155000 0.419500 0.050000 0.031000
11 0.224500 0.451500 0.037000 0.025000
11 0.413000 0.535000 0.032000 0.024000
11 0.457000 0.554500 0.030000 0.021000
11 0.463500 0.444500 0.049000 0.031000
14 0.386500 0.463000 0.017000 0.012000
11 0.443500 0.486500 0.051000 0.027000
14 0.516000 0.491000 0.018000 0.014000
9 0.577000 0.492500 0.020000 0.015000
14 0.596500 0.501500 0.019000 0.013000
14 0.705500 0.551000 0.019000 0.014000
14 0.723000 0.561000 0.022000 0.016000
14 0.722000 0.582000 0.018000 0.014000
14 0.768000 0.581500 0.022000 0.015000
14 0.792000 0.592000 0.022000 0.016000
14 0.818500 0.604000 0.015000 0.012000
14 0.836500 0.610500 0.017000 0.013000
12 0.967000 0.690500 0.022000 0.015000
14 0.979500 0.675500 0.015000 0.011000
11 0.968000 0.728000 0.034000 0.024000
14 0.927000 0.710000 0.020000 0.014000
11 0.887500 0.688000 0.049000 0.028000
11 0.827500 0.659500 0.051000 0.029000
11 0.776000 0.635000 0.022000 0.016000
11 0.730500 0.617500 0.029000 0.017000
14 0.586000 0.554500 0.018000 0.013000
14 0.560500 0.540500 0.021000 0.015000
11 0.524000 0.522500 0.050000 0.031000
14 0.485500 0.507000 0.015000 0.012000
14 0.450000 0.143000 0.024000 0.020000
14 0.315500 0.148000 0.015000 0.018000
14 0.178000 0.137500 0.016000 0.017000
14 0.218000 0.179000 0.016000 0.018000
14 0.229500 0.176500 0.013000 0.015000
14 0.237500 0.171500 0.015000 0.017000
14 0.265500 0.156000 0.013000 0.014000
14 0.212500 0.119000 0.017000 0.020000
14 0.221500 0.115000 0.017000 0.020000
14 0.239000 0.106500 0.016000 0.019000
14 0.249000 0.102500 0.012000 0.015000
9 0.256500 0.097500 0.015000 0.017000
14 0.211500 0.050000 0.015000 0.018000
14 0.203000 0.055000 0.014000 0.016000
14 0.184500 0.063000 0.013000 0.014000
14 0.168000 0.072500 0.014000 0.017000
14 0.158000 0.075500 0.016000 0.019000
14 0.150000 0.080500 0.012000 0.013000
14 0.139500 0.085000 0.015000 0.018000
14 0.107000 0.039500 0.014000 0.017000
14 0.133500 0.025000 0.013000 0.016000
14 0.151500 0.016000 0.015000 0.018000
14 0.180500 0.023000 0.011000 0.014000
14 0.118000 0.054500 0.014000 0.017000
14 0.223000 0.067000 0.014000 0.018000
14 0.214500 0.072000 0.015000 0.018000
14 0.204000 0.075000 0.016000 0.018000
14 0.195500 0.079500 0.015000 0.017000
14 0.187500 0.083500 0.013000 0.015000
14 0.169500 0.092000 0.015000 0.018000
14 0.160500 0.096500 0.015000 0.017000
14 0.206000 0.143000 0.012000 0.016000
14 0.215500 0.139000 0.015000 0.018000
14 0.233500 0.131000 0.015000 0.018000
14 0.250000 0.122500 0.014000 0.015000
14 0.259000 0.116000 0.016000 0.018000
14 0.268500 0.113500 0.015000 0.017000
12 0.880500 0.432000 0.039000 0.026000
12 0.874000 0.443500 0.042000 0.027000
12 0.866500 0.452000 0.039000 0.026000
12 0.859500 0.462500 0.039000 0.025000
15 0.852500 0.473000 0.039000 0.026000
12 0.896500 0.397000 0.017000 0.014000
15 0.548000 0.154000 0.052000 0.030000
11 0.571500 0.148500 0.049000 0.029000
11 0.479500 0.108500 0.049000 0.029000
11 0.482000 0.091500 0.050000 0.031000
11 0.810000 0.241500 0.048000 0.029000
11 0.912000 0.307000 0.062000 0.034000
11 0.980500 0.603000 0.033000 0.040000
11 0.970500 0.592000 0.025000 0.028000
11 0.949000 0.582000 0.024000 0.028000
11 0.935500 0.575000 0.023000 0.026000
14 0.899500 0.559500 0.025000 0.029000
14 0.876500 0.386000 0.017000 0.020000
14 0.848500 0.428500 0.015000 0.017000
14 0.836000 0.447500 0.016000 0.019000
14 0.824000 0.465000 0.016000 0.018000
11 0.811000 0.484500 0.020000 0.023000
11 0.821500 0.494500 0.029000 0.035000
11 0.854000 0.736500 0.036000 0.025000
11 0.918000 0.767500 0.036000 0.025000
11 0.980500 0.796000 0.035000 0.024000
12 0.950000 0.866500 0.034000 0.013000
12 0.902500 0.848500 0.035000 0.025000
11 0.812000 0.805000 0.048000 0.032000
11 0.727000 0.766000 0.050000 0.030000
11 0.642500 0.729000 0.053000 0.032000
15 0.563500 0.692500 0.077000 0.045000
11 0.479000 0.653500 0.058000 0.037000
11 0.417000 0.627500 0.010000 0.009000
11 0.311000 0.566500 0.058000 0.047000
15 0.246000 0.549000 0.064000 0.036000
11 0.180000 0.519000 0.068000 0.038000
14 0.044500 0.475500 0.015000 0.017000
11 0.551500 0.599500 0.049000 0.029000
11 0.620000 0.628500 0.048000 0.031000
11 0.672000 0.653500 0.048000 0.029000
11 0.687500 0.677500 0.037000 0.025000
9 0.089500 0.597000 0.019000 0.014000
14 0.104500 0.618000 0.021000 0.014000
13 0.205500 0.662500 0.069000 0.045000
11 0.261500 0.693500 0.051000 0.031000
11 0.266500 0.684500 0.049000 0.029000
11 0.297000 0.710500 0.028000 0.021000
11 0.312000 0.706000 0.050000 0.034000
14 0.424000 0.745000 0.022000 0.016000
11 0.530500 0.816500 0.051000 0.033000
9 0.440000 0.843500 0.022000 0.017000
14 0.433500 0.851500 0.021000 0.015000
14 0.415500 0.871000 0.021000 0.016000
14 0.414500 0.879500 0.015000 0.013000
14 0.409500 0.886500 0.019000 0.013000
14 0.399500 0.900500 0.017000 0.013000
14 0.412000 0.909500 0.012000 0.011000
14 0.374000 0.934000 0.022000 0.016000
14 0.369000 0.942000 0.020000 0.016000
14 0.364500 0.950000 0.021000 0.016000
14 0.357500 0.958500 0.021000 0.015000
11 0.073500 0.949500 0.047000 0.031000
13 0.281000 0.943000 0.032000 0.042000
11 0.013000 0.918000 0.020000 0.022000
11 0.024000 0.922000 0.020000 0.022000
11 0.034000 0.928000 0.020000 0.024000
13 0.207000 0.825000 0.022000 0.026000
13 0.228500 0.803500 0.021000 0.027000
13 0.157500 0.968500 0.049000 0.029000
13 0.177000 0.964000 0.028000 0.020000
13 0.196500 0.982000 0.027000 0.018000
11 0.258000 0.969000 0.020000 0.024000
11 0.258000 0.926000 0.032000 0.044000
11 0.310000 0.901000 0.032000 0.042000
11 0.336500 0.864000 0.031000 0.040000
11 0.362000 0.826500 0.034000 0.043000
11 0.732000 0.965500 0.012000 0.011000
11 0.794500 0.991500 0.013000 0.007000
14 0.958500 0.943000 0.021000 0.014000
10 0.419500 0.170000 0.033000 0.042000
10 0.393500 0.209000 0.037000 0.044000
13 0.376000 0.153000 0.032000 0.042000
13 0.350000 0.192500 0.032000 0.043000
13 0.358000 0.160000 0.034000 0.042000
13 0.333000 0.154000 0.028000 0.036000
13 0.315000 0.182000 0.022000 0.028000
14 0.784000 0.521000 0.018000 0.020000
9 0.791000 0.559500 0.018000 0.019000
9 0.813500 0.570500 0.013000 0.015000
9 0.801000 0.564500 0.014000 0.017000
12 0.721500 0.512500 0.015000 0.017000
13 0.878000 0.975500 0.048000 0.029000
13 0.884000 0.966500 0.048000 0.029000
13 0.708500 0.896500 0.077000 0.047000
13 0.778000 0.928000 0.074000 0.048000
11 0.398500 0.732500 0.033000 0.023000
11 0.444000 0.403000 0.044000 0.030000
11 0.507500 0.433500 0.039000 0.027000
11 0.514000 0.424000 0.038000 0.026000
14 0.690500 0.314000 0.017000 0.018000
14 0.677500 0.332000 0.019000 0.020000
14 0.666000 0.349500 0.020000 0.023000
9 0.652500 0.369000 0.019000 0.020000
14 0.638500 0.388500 0.019000 0.019000
14 0.865500 0.384000 0.013000 0.014000