29 0.060714 0.299286 0.067143 0.058571
27 0.327143 0.212857 0.160000 0.160000
29 0.405000 0.195000 0.084286 0.087143
29 0.468571 0.170714 0.060000 0.070000
29 0.333571 0.336429 0.110000 0.090000
25 0.593571 0.193571 0.092857 0.090000
26 0.588571 0.260714 0.091429 0.078571
26 0.710000 0.207143 0.071429 0.080000
29 0.845000 0.092857 0.087143 0.085714
29 0.809286 0.147857 0.081429 0.081429
29 0.811429 0.214286 0.071429 0.065714
29 0.820000 0.288571 0.068571 0.068571
29 0.832857 0.360714 0.057143 0.064286
24 0.075000 0.446429 0.087143 0.087143
25 0.339286 0.415000 0.075714 0.064286