25 0.640500 0.902000 0.063000 0.064000
29 0.761000 0.955500 0.040000 0.043000
29 0.708500 0.725500 0.039000 0.043000
19 0.842000 0.467500 0.062000 0.065000
29 0.875000 0.201500 0.076000 0.079000
25 0.022500 0.183500 0.045000 0.061000
20 0.048000 0.487500 0.096000 0.119000
25 0.074500 0.395500 0.061000 0.061000
20 0.116500 0.317000 0.109000 0.112000
25 0.604500 0.392000 0.055000 0.058000
25 0.661500 0.395000 0.057000 0.058000
25 0.717000 0.310500 0.058000 0.055000
29 0.706500 0.258500 0.047000 0.051000
25 0.548000 0.144000 0.058000 0.058000
29 0.754500 0.106500 0.053000 0.059000
29 0.805500 0.112500 0.057000 0.071000
29 0.848000 0.085000 0.050000 0.050000