25 0.496500 0.257000 0.063000 0.064000
25 0.450000 0.307000 0.064000 0.064000
19 0.207000 0.256000 0.072000 0.072000
25 0.266000 0.190500 0.068000 0.067000
25 0.310500 0.139000 0.065000 0.066000
25 0.461000 0.967000 0.068000 0.066000
25 0.525500 0.735500 0.065000 0.065000
26 0.333500 0.076500 0.061000 0.059000
25 0.703500 0.317500 0.055000 0.049000
25 0.145500 0.297500 0.057000 0.057000
26 0.969500 0.288500 0.057000 0.061000
25 0.923000 0.273500 0.048000 0.053000
25 0.824000 0.247500 0.054000 0.053000
25 0.774000 0.236000 0.042000 0.048000
25 0.612500 0.219500 0.047000 0.047000
25 0.554000 0.221000 0.062000 0.060000
19 0.122500 0.047500 0.067000 0.069000