6 0.075625 0.358333 0.068750 0.103333
3 0.067500 0.320000 0.032500 0.040000
7 0.109375 0.470833 0.071250 0.058333
7 0.106875 0.490833 0.076250 0.061667
3 0.183750 0.486667 0.035000 0.070000
5 0.206875 0.505000 0.058750 0.106667
4 0.350000 0.589167 0.032500 0.071667
4 0.453750 0.648333 0.035000 0.076667
5 0.401250 0.621667 0.117500 0.136667
4 0.487500 0.628333 0.032500 0.056667
5 0.517500 0.656667 0.080000 0.143333
4 0.500000 0.635000 0.030000 0.053333
5 0.553125 0.693333 0.086250 0.140000
5 0.596875 0.732500 0.068750 0.115000
5 0.641875 0.737500 0.093750 0.155000