7 0.022500 0.096667 0.045000 0.193333
7 0.042500 0.094167 0.052500 0.188333
1 0.038125 0.518333 0.028750 0.060000
1 0.016875 0.505000 0.031250 0.063333
1 0.018125 0.627500 0.028750 0.068333
1 0.029375 0.442500 0.031250 0.061667
6 0.140000 0.332500 0.022500 0.241667
6 0.158125 0.319167 0.023750 0.268333
6 0.179375 0.332500 0.028750 0.288333
6 0.205625 0.332500 0.033750 0.281667
6 0.231875 0.332500 0.026250 0.281667
6 0.253125 0.325000 0.021250 0.233333
6 0.271875 0.327500 0.021250 0.231667
6 0.293125 0.317500 0.023750 0.228333