29 0.890000 0.964500 0.058000 0.063000
22 0.044000 0.954000 0.088000 0.092000
28 0.111000 0.912000 0.106000 0.108000
25 0.187500 0.863500 0.063000 0.063000
25 0.264000 0.813000 0.062000 0.064000
22 0.412000 0.715500 0.108000 0.109000
20 0.578500 0.610000 0.111000 0.110000
25 0.717500 0.368500 0.063000 0.063000
25 0.565500 0.391500 0.065000 0.065000
22 0.481500 0.427500 0.103000 0.103000
20 0.403500 0.487500 0.119000 0.121000
25 0.031000 0.734000 0.062000 0.064000
22 0.903500 0.165000 0.109000 0.110000