29 0.175000 0.901500 0.076000 0.079000
29 0.327000 0.814500 0.048000 0.051000
29 0.377000 0.229000 0.054000 0.056000
29 0.054500 0.806500 0.053000 0.059000
29 0.105500 0.812500 0.057000 0.071000
29 0.148000 0.785000 0.050000 0.050000
29 0.115000 0.663000 0.068000 0.070000
29 0.059000 0.636000 0.076000 0.076000
19 0.022000 0.599000 0.044000 0.068000
25 0.165000 0.470500 0.058000 0.059000
25 0.272000 0.517000 0.058000 0.060000
25 0.301500 0.471000 0.063000 0.062000
19 0.319000 0.357500 0.060000 0.053000
25 0.289500 0.310500 0.055000 0.053000
29 0.264500 0.256000 0.073000 0.072000
29 0.225000 0.213000 0.062000 0.068000
26 0.130500 0.243000 0.071000 0.072000
29 0.047000 0.235500 0.052000 0.053000