12 0.333333 0.081250 0.033333 0.027500
9 0.390000 0.164375 0.043333 0.018750
14 0.806667 0.151250 0.030000 0.025000
14 0.779167 0.208125 0.051667 0.023750
9 0.934167 0.177500 0.028333 0.025000
14 0.970833 0.342500 0.018333 0.015000
14 0.381667 0.274375 0.030000 0.018750
14 0.417500 0.286875 0.041667 0.018750
12 0.418333 0.326875 0.043333 0.021250
14 0.536667 0.318750 0.043333 0.022500
13 0.497500 0.348125 0.045000 0.021250
14 0.453333 0.334375 0.043333 0.026250
9 0.760000 0.378125 0.043333 0.021250
35 0.200000 0.241250 0.123333 0.092500
14 0.287500 0.463750 0.035000 0.017500
9 0.811667 0.600625 0.046667 0.023750
9 0.769167 0.721875 0.035000 0.031250
14 0.794167 0.775625 0.028333 0.023750
14 0.845000 0.723750 0.026667 0.022500
9 0.646667 0.776250 0.026667 0.015000
14 0.526667 0.773125 0.036667 0.016250
9 0.245000 0.665625 0.046667 0.023750
14 0.215833 0.690000 0.038333 0.017500
9 0.337500 0.690625 0.038333 0.016250
35 0.715000 0.815625 0.120000 0.086250
14 0.349167 0.949375 0.025000 0.021250
9 0.530833 0.905625 0.031667 0.011250
14 0.631667 0.861250 0.023333 0.022500
14 0.605000 0.888750 0.030000 0.030000