33 0.064167 0.332500 0.128333 0.127500
33 0.226667 0.231875 0.136667 0.108750
33 0.326667 0.210625 0.136667 0.108750
12 0.216667 0.960000 0.060000 0.025000
12 0.104167 0.931250 0.025000 0.025000
9 0.084167 0.941250 0.031667 0.030000
14 0.033333 0.780625 0.026667 0.026250
12 0.120000 0.846875 0.030000 0.031250
14 0.182500 0.836875 0.025000 0.023750
14 0.142500 0.722500 0.038333 0.020000
12 0.103333 0.710000 0.026667 0.027500
14 0.085833 0.714375 0.025000 0.023750
12 0.065833 0.718750 0.025000 0.025000
12 0.042500 0.720000 0.025000 0.025000
9 0.025833 0.725000 0.025000 0.025000
9 0.257500 0.422500 0.031667 0.025000
9 0.179167 0.448750 0.028333 0.025000
14 0.725000 0.071250 0.036667 0.015000
9 0.700000 0.028750 0.036667 0.015000
9 0.947500 0.010000 0.048333 0.020000
9 0.844167 0.023125 0.041667 0.021250
14 0.231667 0.427500 0.033333 0.027500
9 0.219167 0.436250 0.031667 0.027500
9 0.143333 0.460625 0.030000 0.026250
12 0.151667 0.733125 0.033333 0.016250
14 0.174167 0.768125 0.028333 0.013750
9 0.199167 0.814375 0.038333 0.018750
9 0.060833 0.858750 0.028333 0.027500
9 0.162500 0.454375 0.031667 0.026250
32 0.637500 0.586250 0.675000 0.447500
33 0.427500 0.190625 0.138333 0.111250
33 0.529167 0.170000 0.135000 0.112500
14 0.186667 0.941875 0.050000 0.038750
12 0.130000 0.932500 0.033333 0.030000
12 0.138333 0.843125 0.030000 0.031250
14 0.162500 0.744375 0.028333 0.013750
9 0.077500 0.779375 0.028333 0.026250
9 0.065000 0.799375 0.026667 0.023750
9 0.090000 0.798750 0.020000 0.017500
14 0.046667 0.802500 0.026667 0.025000
14 0.045000 0.866250 0.026667 0.027500
9 0.024167 0.868750 0.021667 0.017500
33 0.047500 0.618125 0.095000 0.128750
12 0.205000 0.444375 0.033333 0.026250
14 0.804167 0.023750 0.038333 0.017500
12 0.794167 0.012500 0.038333 0.015000
12 0.037500 0.991250 0.031667 0.017500