14 0.890833 0.178125 0.028333 0.008750
14 0.938333 0.202500 0.033333 0.010000
9 0.915000 0.610625 0.030000 0.011250
14 0.985000 0.695625 0.013333 0.018750
14 0.926667 0.770625 0.033333 0.011250
14 0.627500 0.006875 0.045000 0.013750
14 0.581667 0.337500 0.030000 0.032500
14 0.606667 0.297500 0.023333 0.020000
14 0.621667 0.301875 0.023333 0.018750
9 0.425000 0.334375 0.033333 0.026250
14 0.617500 0.391250 0.018333 0.020000
14 0.467500 0.773750 0.021667 0.022500
14 0.482500 0.827500 0.031667 0.015000
14 0.480833 0.880625 0.035000 0.018750
14 0.355833 0.881250 0.031667 0.025000
14 0.349167 0.648125 0.038333 0.021250
14 0.173333 0.840625 0.036667 0.018750
14 0.138333 0.853750 0.026667 0.020000