8 0.172500 0.717500 0.171667 0.197500
8 0.208333 0.702500 0.166667 0.192500
8 0.041667 0.535000 0.083333 0.117500
8 0.060833 0.498750 0.121667 0.167500
5 0.330833 0.857500 0.088333 0.085000
31 0.460833 0.351875 0.055000 0.036250
31 0.419167 0.383125 0.065000 0.048750
31 0.518333 0.395000 0.056667 0.050000
31 0.822500 0.833125 0.055000 0.051250
31 0.862500 0.818750 0.055000 0.050000
33 0.492500 0.419375 0.051667 0.038750
33 0.468333 0.440625 0.050000 0.038750
31 0.779167 0.206250 0.061667 0.050000