9 0.939167 0.368750 0.035000 0.025000
14 0.959167 0.343125 0.048333 0.021250
12 0.805000 0.280000 0.036667 0.030000
9 0.675000 0.335625 0.030000 0.026250
14 0.910833 0.590000 0.018333 0.017500
14 0.157500 0.539375 0.031667 0.016250
14 0.267500 0.518750 0.038333 0.020000
14 0.222500 0.505625 0.038333 0.021250
9 0.183333 0.490625 0.036667 0.018750
9 0.148333 0.478125 0.036667 0.018750
9 0.559167 0.896875 0.031667 0.026250
9 0.610833 0.861875 0.028333 0.026250
14 0.594167 0.859375 0.025000 0.023750
14 0.518333 0.840625 0.026667 0.023750
14 0.227500 0.855000 0.025000 0.020000
9 0.197500 0.845000 0.031667 0.025000
9 0.086667 0.871250 0.030000 0.025000
9 0.103333 0.875625 0.026667 0.023750
9 0.120000 0.881875 0.030000 0.026250
9 0.197500 0.905625 0.028333 0.026250
14 0.214167 0.913750 0.025000 0.022500
14 0.025833 0.072500 0.041667 0.022500
14 0.037500 0.061250 0.041667 0.022500
9 0.071667 0.030000 0.036667 0.020000
12 0.068333 0.136250 0.043333 0.022500
9 0.706667 0.016250 0.033333 0.020000
12 0.790833 0.123750 0.045000 0.022500
9 0.829167 0.136250 0.035000 0.020000
12 0.965833 0.103125 0.041667 0.021250
9 0.872500 0.020625 0.031667 0.026250
9 0.486667 0.050625 0.036667 0.018750
12 0.479167 0.065000 0.041667 0.020000
14 0.560833 0.077500 0.028333 0.022500
9 0.472500 0.082500 0.038333 0.020000
9 0.462500 0.091875 0.038333 0.018750
9 0.461667 0.105625 0.036667 0.016250
9 0.452500 0.116250 0.038333 0.020000
12 0.500000 0.113125 0.030000 0.026250
14 0.388333 0.055625 0.030000 0.023750
14 0.219167 0.148125 0.025000 0.023750
14 0.262500 0.198750 0.038333 0.017500
14 0.283333 0.207500 0.033333 0.015000
9 0.369167 0.191250 0.025000 0.022500
14 0.314167 0.316250 0.025000 0.022500
14 0.282500 0.308125 0.025000 0.018750
14 0.268333 0.301250 0.026667 0.025000
14 0.250833 0.296250 0.028333 0.025000
14 0.230000 0.290625 0.026667 0.021250
14 0.193333 0.278750 0.030000 0.025000
14 0.220000 0.251250 0.036667 0.020000
35 0.157500 0.203750 0.125000 0.077500
14 0.116667 0.256250 0.030000 0.027500
14 0.111667 0.289375 0.030000 0.026250
14 0.090000 0.312500 0.023333 0.020000
14 0.062500 0.341250 0.031667 0.030000