14 0.927500 0.035625 0.028333 0.021250
9 0.106667 0.246875 0.030000 0.021250
9 0.155833 0.278750 0.031667 0.022500
11 0.325833 0.315625 0.058333 0.038750
14 0.300000 0.360625 0.030000 0.021250
9 0.325833 0.376250 0.028333 0.020000
14 0.523333 0.497500 0.030000 0.022500
14 0.847500 0.687500 0.031667 0.022500
14 0.714167 0.606875 0.028333 0.021250
9 0.749167 0.626875 0.038333 0.023750
14 0.744167 0.565625 0.031667 0.021250
9 0.771667 0.583750 0.030000 0.022500
14 0.805833 0.603125 0.031667 0.021250
14 0.841667 0.625000 0.026667 0.020000
14 0.930833 0.675625 0.031667 0.021250
14 0.170833 0.952500 0.035000 0.022500
9 0.514167 0.921250 0.038333 0.027500
9 0.660000 0.869375 0.030000 0.023750
9 0.875000 0.814375 0.033333 0.021250
14 0.919167 0.790000 0.028333 0.017500
35 0.405000 0.396875 0.130000 0.096250
9 0.670833 0.231875 0.031667 0.023750
14 0.740000 0.193750 0.030000 0.020000
14 0.904167 0.158750 0.028333 0.020000
9 0.943333 0.135000 0.026667 0.017500
14 0.744167 0.296875 0.038333 0.023750
14 0.780833 0.761875 0.028333 0.011250
14 0.765000 0.745625 0.026667 0.008750
9 0.104167 0.639375 0.028333 0.021250
14 0.097500 0.501250 0.025000 0.017500
14 0.599167 0.230000 0.031667 0.022500
9 0.497500 0.146875 0.015000 0.023750
9 0.605833 0.111250 0.031667 0.020000
9 0.620833 0.118125 0.031667 0.021250
9 0.631667 0.126250 0.030000 0.020000
14 0.527500 0.097500 0.028333 0.020000
14 0.328333 0.171875 0.033333 0.023750