19 0.809500 0.143500 0.065000 0.067000
29 0.772000 0.182500 0.040000 0.041000
29 0.728500 0.214000 0.051000 0.050000
19 0.684500 0.243500 0.067000 0.069000
19 0.944500 0.278000 0.067000 0.068000
19 0.825500 0.372500 0.065000 0.067000
19 0.766500 0.420000 0.065000 0.066000
19 0.719000 0.456500 0.066000 0.067000
25 0.660000 0.502000 0.066000 0.066000
22 0.555000 0.573000 0.106000 0.108000
22 0.438000 0.664500 0.108000 0.109000
27 0.211500 0.847000 0.107000 0.108000
29 0.078000 0.958500 0.064000 0.065000