27 0.068000 0.449000 0.098000 0.098000
29 0.148000 0.505500 0.086000 0.085000
21 0.192500 0.593000 0.105000 0.104000
25 0.222500 0.684500 0.049000 0.043000
25 0.205000 0.766500 0.056000 0.055000
25 0.271000 0.883000 0.058000 0.060000
25 0.349500 0.854000 0.059000 0.060000
29 0.493500 0.762000 0.063000 0.068000
19 0.729500 0.858000 0.063000 0.060000
25 0.978500 0.490000 0.043000 0.060000
26 0.983000 0.235000 0.034000 0.060000
27 0.869500 0.060000 0.099000 0.100000
21 0.910500 0.135500 0.117000 0.113000