25 0.077143 0.256429 0.074286 0.070000
25 0.262143 0.241429 0.078571 0.071429
26 0.468571 0.222857 0.082857 0.074286
26 0.477857 0.299286 0.087143 0.072857
29 0.674286 0.282143 0.062857 0.055714
24 0.857143 0.170714 0.080000 0.072857
29 0.941429 0.258571 0.074286 0.071429
26 0.111429 0.548571 0.080000 0.065714
25 0.125714 0.622143 0.085714 0.084286
27 0.049286 0.707143 0.098571 0.114286
25 0.196429 0.355000 0.092857 0.090000
26 0.294286 0.495714 0.085714 0.074286
26 0.305714 0.579286 0.091429 0.075714
26 0.328571 0.678571 0.102857 0.105714
26 0.430714 0.677857 0.072857 0.084286
29 0.493571 0.445000 0.072857 0.070000
29 0.511429 0.587143 0.065714 0.068571
26 0.510714 0.662143 0.098571 0.098571
25 0.684286 0.460000 0.082857 0.071429
24 0.696429 0.545000 0.084286 0.070000
24 0.718571 0.630000 0.100000 0.102857
19 0.807143 0.635000 0.068571 0.070000
19 0.870000 0.351429 0.074286 0.071429
24 0.890000 0.435714 0.077143 0.068571
25 0.887143 0.527143 0.077143 0.068571
29 0.240000 0.859286 0.082857 0.084286
25 0.367143 0.792143 0.082857 0.072857
29 0.496429 0.780000 0.052857 0.045714
27 0.917857 0.897857 0.124286 0.118571