1 0.070500 0.087000 0.009000 0.016000
1 0.088500 0.114500 0.023000 0.021000
1 0.101000 0.124500 0.004000 0.009000
1 0.112000 0.137000 0.016000 0.016000
4 0.130000 0.166000 0.032000 0.042000
8 0.279000 0.402500 0.072000 0.101000
8 0.332000 0.528500 0.064000 0.083000
8 0.354000 0.529000 0.108000 0.150000
8 0.461000 0.700500 0.112000 0.149000
8 0.443500 0.714500 0.105000 0.155000
3 0.532000 0.824000 0.064000 0.074000
3 0.507000 0.838500 0.064000 0.075000
3 0.560500 0.932000 0.033000 0.044000
8 0.589000 0.943500 0.078000 0.113000
8 0.609000 0.934500 0.082000 0.115000
2 0.161000 0.786500 0.022000 0.049000
2 0.191500 0.854000 0.025000 0.050000
2 0.100000 0.873000 0.006000 0.044000
31 0.607500 0.415500 0.031000 0.027000
31 0.582000 0.440500 0.036000 0.041000
31 0.641500 0.452500 0.035000 0.037000
2 0.202500 0.980000 0.021000 0.040000
33 0.611500 0.487500 0.027000 0.031000
33 0.627500 0.471500 0.027000 0.031000
32 0.475500 0.344000 0.151000 0.162000
36 0.233000 0.026500 0.016000 0.023000
36 0.318500 0.072500 0.033000 0.045000
35 0.788000 0.055500 0.038000 0.033000