25 0.115625 0.455000 0.068750 0.060000
29 0.835625 0.376250 0.058750 0.055000
29 0.946875 0.038750 0.058750 0.055000
27 0.797500 0.038125 0.135000 0.076250
27 0.786250 0.128125 0.107500 0.106250
27 0.677500 0.143125 0.135000 0.136250
25 0.641250 0.068125 0.070000 0.063750
25 0.461250 0.020000 0.062500 0.040000
29 0.460625 0.093125 0.051250 0.046250
29 0.444375 0.277500 0.053750 0.042500
25 0.286875 0.035625 0.068750 0.061250
25 0.123125 0.068125 0.071250 0.063750
25 0.134375 0.143125 0.071250 0.063750
29 0.131875 0.212500 0.111250 0.110000
25 0.063125 0.225000 0.061250 0.067500