20 0.446000 0.131000 0.120000 0.120000
20 0.662500 0.176000 0.103000 0.106000
25 0.074000 0.512500 0.060000 0.059000
21 0.253500 0.667500 0.079000 0.083000
20 0.325000 0.729500 0.114000 0.115000
20 0.360000 0.810000 0.112000 0.110000
22 0.395000 0.904500 0.106000 0.107000
22 0.657500 0.955000 0.097000 0.090000
21 0.603500 0.770000 0.119000 0.118000
21 0.538500 0.661500 0.107000 0.107000
21 0.526500 0.556000 0.091000 0.080000
20 0.834500 0.693500 0.111000 0.113000
21 0.873000 0.776000 0.104000 0.104000
34 0.695000 0.313500 0.098000 0.111000