26 0.336000 0.197000 0.070000 0.062000
26 0.364500 0.260500 0.067000 0.061000
26 0.389000 0.325000 0.070000 0.064000
29 0.731500 0.308000 0.053000 0.046000
25 0.790000 0.424500 0.060000 0.059000
25 0.811000 0.473500 0.064000 0.061000
27 0.038000 0.830000 0.076000 0.102000
19 0.663000 0.611000 0.050000 0.054000
25 0.521500 0.572500 0.059000 0.055000
25 0.466000 0.628500 0.060000 0.061000
26 0.372500 0.668500 0.067000 0.069000
29 0.573000 0.800000 0.050000 0.050000
29 0.479500 0.840500 0.033000 0.033000
29 0.438500 0.860500 0.049000 0.049000