14 0.409167 0.135000 0.035000 0.017500
9 0.516667 0.297500 0.040000 0.022500
12 0.540000 0.280625 0.046667 0.023750
12 0.438333 0.238750 0.040000 0.012500
9 0.648333 0.116875 0.036667 0.018750
14 0.658333 0.127500 0.036667 0.020000
14 0.669167 0.140000 0.031667 0.015000
9 0.732500 0.123750 0.028333 0.027500
14 0.751667 0.117500 0.023333 0.022500
9 0.656667 0.174375 0.036667 0.018750
14 0.766667 0.185625 0.030000 0.026250
9 0.746667 0.211875 0.030000 0.023750
14 0.750000 0.250000 0.033333 0.020000
14 0.840000 0.220625 0.040000 0.018750
9 0.847500 0.231250 0.038333 0.015000
9 0.857500 0.240625 0.035000 0.018750
14 0.862500 0.250625 0.035000 0.016250
9 0.869167 0.260000 0.035000 0.012500
12 0.791667 0.258125 0.030000 0.026250
14 0.822500 0.278750 0.031667 0.020000
9 0.822500 0.315000 0.028333 0.022500
14 0.824167 0.331250 0.035000 0.027500
12 0.847500 0.313125 0.031667 0.023750
9 0.864167 0.318750 0.031667 0.022500
12 0.874167 0.341250 0.035000 0.030000
14 0.895833 0.338125 0.021667 0.026250
14 0.924167 0.321250 0.018333 0.022500
14 0.943333 0.323750 0.026667 0.035000
14 0.955833 0.333125 0.025000 0.028750
9 0.879167 0.360625 0.028333 0.023750
9 0.891667 0.369375 0.030000 0.026250
11 0.875000 0.390625 0.033333 0.026250
12 0.857500 0.415625 0.031667 0.026250
9 0.868333 0.425000 0.030000 0.022500
9 0.892500 0.404375 0.031667 0.026250
12 0.905000 0.412500 0.033333 0.025000
9 0.881667 0.431250 0.030000 0.025000
9 0.897500 0.438125 0.031667 0.023750
9 0.920000 0.420625 0.030000 0.023750
9 0.931667 0.430000 0.026667 0.022500
9 0.912500 0.448125 0.031667 0.026250
14 0.928333 0.394375 0.033333 0.026250
14 0.966667 0.455625 0.033333 0.021250
12 0.974167 0.445625 0.035000 0.021250
14 0.976667 0.434375 0.033333 0.018750
12 0.968333 0.401875 0.040000 0.023750
9 0.977500 0.421250 0.038333 0.022500
9 0.963333 0.363750 0.036667 0.012500
9 0.974167 0.341875 0.025000 0.028750
9 0.988333 0.346250 0.023333 0.027500
14 0.977500 0.488125 0.035000 0.011250
14 0.983333 0.168125 0.026667 0.018750
9 0.975000 0.156250 0.033333 0.025000
9 0.961667 0.131875 0.033333 0.026250
9 0.952500 0.120000 0.035000 0.027500
14 0.945000 0.108125 0.030000 0.023750
9 0.935833 0.096250 0.031667 0.025000
14 0.926667 0.083750 0.030000 0.022500
14 0.917500 0.072500 0.031667 0.025000
14 0.906667 0.063125 0.030000 0.023750
12 0.863333 0.083125 0.033333 0.028750
14 0.822500 0.094375 0.025000 0.023750