7 0.321667 0.028750 0.060000 0.037500
7 0.629167 0.095625 0.131667 0.136250
7 0.613333 0.087500 0.086667 0.090000
7 0.452500 0.273750 0.131667 0.127500
7 0.472500 0.282500 0.131667 0.127500
7 0.523333 0.325625 0.136667 0.131250
7 0.494167 0.290625 0.151667 0.151250
7 0.515000 0.299375 0.153333 0.156250
7 0.315833 0.411250 0.128333 0.125000
7 0.313333 0.448125 0.140000 0.141250
7 0.132500 0.605625 0.151667 0.156250
7 0.151667 0.616250 0.183333 0.187500
7 0.390000 0.662500 0.270000 0.247500
7 0.818333 0.767500 0.073333 0.065000
7 0.681667 0.923125 0.140000 0.136250
7 0.720000 0.928125 0.096667 0.091250
7 0.735833 0.955625 0.091667 0.088750
7 0.155833 0.922500 0.195000 0.155000