14 0.366667 0.225625 0.023333 0.023750
14 0.172500 0.704375 0.025000 0.021250
14 0.151667 0.729375 0.033333 0.026250
14 0.082500 0.739375 0.038333 0.023750
11 0.660833 0.941875 0.031667 0.063750
14 0.600833 0.987500 0.035000 0.010000
14 0.745833 0.805000 0.041667 0.022500
12 0.778333 0.776875 0.040000 0.023750
14 0.785833 0.766250 0.035000 0.022500
14 0.698333 0.711250 0.033333 0.022500
14 0.735833 0.691250 0.045000 0.030000
9 0.948333 0.681250 0.040000 0.010000
12 0.971667 0.633125 0.020000 0.031250
35 0.365000 0.321875 0.196667 0.108750