11 0.345833 0.963125 0.061667 0.018750
14 0.520000 0.950625 0.016667 0.018750
14 0.539167 0.955000 0.028333 0.025000
14 0.563333 0.960625 0.033333 0.028750
14 0.606667 0.971875 0.026667 0.023750
14 0.623333 0.983750 0.030000 0.022500
14 0.838333 0.988125 0.026667 0.023750
14 0.540833 0.806250 0.031667 0.020000
14 0.527500 0.751875 0.035000 0.021250
14 0.520833 0.724375 0.041667 0.026250
14 0.449167 0.815625 0.018333 0.021250
9 0.445833 0.795625 0.018333 0.021250
9 0.438333 0.765000 0.023333 0.025000
12 0.407500 0.804375 0.021667 0.026250
9 0.421667 0.686875 0.023333 0.023750
14 0.416667 0.663750 0.023333 0.025000
9 0.404167 0.616250 0.018333 0.020000
9 0.397500 0.588125 0.021667 0.023750
14 0.393333 0.563750 0.020000 0.020000
14 0.390000 0.540625 0.020000 0.021250
9 0.457500 0.312500 0.035000 0.025000
9 0.462500 0.326250 0.028333 0.020000
14 0.466667 0.342500 0.036667 0.025000
9 0.422500 0.137500 0.035000 0.025000
9 0.324167 0.283125 0.021667 0.023750
11 0.294167 0.255000 0.035000 0.045000
14 0.380000 0.501250 0.023333 0.025000
9 0.381667 0.008750 0.036667 0.010000
14 0.670000 0.031875 0.036667 0.011250
14 0.228333 0.797500 0.023333 0.025000
12 0.105833 0.754375 0.035000 0.016250
9 0.235000 0.517500 0.043333 0.010000
14 0.271667 0.400000 0.036667 0.010000
14 0.236667 0.402500 0.033333 0.010000
14 0.201667 0.287500 0.036667 0.010000
14 0.153333 0.290000 0.043333 0.012500
14 0.142500 0.244375 0.038333 0.011250