14 0.974167 0.223125 0.031667 0.023750
14 0.908333 0.183125 0.030000 0.023750
9 0.882500 0.167500 0.035000 0.025000
12 0.815833 0.201875 0.035000 0.026250
10 0.739167 0.076250 0.041667 0.030000
9 0.369167 0.063750 0.028333 0.025000
9 0.326667 0.083125 0.026667 0.023750
10 0.277500 0.072500 0.031667 0.030000
14 0.284167 0.103125 0.028333 0.023750
9 0.252500 0.117500 0.028333 0.025000
9 0.132500 0.103750 0.028333 0.022500
9 0.195833 0.142500 0.031667 0.027500
14 0.182500 0.149375 0.025000 0.021250
9 0.165833 0.154375 0.028333 0.023750
9 0.138333 0.166250 0.030000 0.025000
9 0.098333 0.191250 0.026667 0.022500
14 0.083333 0.198750 0.026667 0.022500
14 0.040000 0.218125 0.026667 0.021250
12 0.280000 0.851875 0.043333 0.011250
14 0.060000 0.932500 0.040000 0.030000
9 0.952500 0.798125 0.031667 0.021250
14 0.429167 0.485625 0.031667 0.018750
14 0.320833 0.530625 0.035000 0.023750
33 0.635000 0.324375 0.076667 0.101250