7 0.052500 0.419000 0.067000 0.096000
2 0.098500 0.437500 0.071000 0.111000
2 0.237000 0.478000 0.076000 0.048000
2 0.243000 0.466000 0.068000 0.042000
2 0.249500 0.455000 0.071000 0.046000
2 0.299000 0.514500 0.064000 0.041000
2 0.306500 0.504500 0.063000 0.041000
3 0.039000 0.143500 0.078000 0.037000
2 0.486500 0.624500 0.063000 0.053000
2 0.454500 0.632000 0.051000 0.040000
2 0.541000 0.668500 0.062000 0.049000
2 0.547500 0.657500 0.061000 0.047000
7 0.698500 0.795500 0.081000 0.067000
7 0.745000 0.780000 0.094000 0.082000
7 0.762000 0.771000 0.108000 0.096000
7 0.031500 0.344000 0.063000 0.048000
2 0.027000 0.366500 0.054000 0.039000