9 0.604167 0.985000 0.028333 0.027500
14 0.585000 0.979375 0.026667 0.023750
12 0.705000 0.823750 0.036667 0.030000
14 0.602500 0.801250 0.041667 0.025000
14 0.576667 0.831250 0.040000 0.020000
9 0.547500 0.863125 0.041667 0.013750
14 0.527500 0.881250 0.038333 0.012500
9 0.583333 0.900625 0.023333 0.028750
9 0.655000 0.898125 0.016667 0.018750
12 0.675833 0.894375 0.018333 0.023750
14 0.698333 0.891875 0.020000 0.023750
14 0.719167 0.893125 0.018333 0.023750
14 0.740000 0.891875 0.020000 0.026250
9 0.731667 0.923750 0.016667 0.020000
12 0.766667 0.918750 0.020000 0.025000
9 0.784167 0.921250 0.021667 0.022500
14 0.901667 0.911250 0.033333 0.027500
9 0.945833 0.900625 0.038333 0.028750
9 0.946667 0.565625 0.033333 0.011250
14 0.920833 0.541875 0.035000 0.011250
9 0.875833 0.510625 0.038333 0.013750
9 0.844167 0.486875 0.035000 0.011250
9 0.834167 0.476250 0.038333 0.012500
9 0.717500 0.453125 0.038333 0.018750
12 0.789167 0.438125 0.041667 0.026250
9 0.925833 0.013750 0.028333 0.025000
9 0.911667 0.018750 0.033333 0.025000
14 0.896667 0.025000 0.040000 0.025000
14 0.595000 0.164375 0.036667 0.021250
13 0.499167 0.024375 0.025000 0.021250
14 0.464167 0.036250 0.028333 0.025000
14 0.448333 0.043750 0.023333 0.020000
11 0.505000 0.716875 0.046667 0.051250
11 0.475000 0.718750 0.036667 0.037500
11 0.442500 0.721250 0.045000 0.042500
14 0.336667 0.663125 0.033333 0.018750
14 0.255000 0.395000 0.033333 0.027500
14 0.050000 0.448125 0.036667 0.028750
14 0.034167 0.435625 0.035000 0.026250
9 0.122500 0.439375 0.025000 0.023750
9 0.142500 0.433750 0.025000 0.022500
14 0.172500 0.425000 0.028333 0.025000
14 0.195833 0.418125 0.018333 0.016250
11 0.322500 0.535000 0.041667 0.037500
14 0.296667 0.540625 0.033333 0.031250
14 0.256667 0.556875 0.026667 0.026250
35 0.221667 0.295000 0.300000 0.190000
35 0.769167 0.744375 0.268333 0.191250