25 0.586500 0.583000 0.065000 0.062000
19 0.671000 0.652500 0.060000 0.065000
19 0.623500 0.678000 0.059000 0.062000
26 0.576500 0.702000 0.063000 0.068000
19 0.518500 0.725000 0.061000 0.064000
25 0.481500 0.789000 0.067000 0.064000
25 0.468000 0.874500 0.064000 0.061000
25 0.518500 0.911000 0.061000 0.060000
25 0.540500 0.961500 0.063000 0.061000
25 0.892500 0.631500 0.065000 0.063000
25 0.876500 0.812000 0.063000 0.064000
25 0.830500 0.831500 0.059000 0.059000
25 0.752500 0.865500 0.063000 0.061000
25 0.782000 0.967000 0.064000 0.062000
25 0.967500 0.975000 0.065000 0.050000