27 0.425500 0.717500 0.091000 0.091000
21 0.376000 0.818500 0.104000 0.105000
21 0.301500 0.846500 0.115000 0.115000
19 0.288000 0.909500 0.058000 0.053000
28 0.378000 0.963000 0.102000 0.074000
25 0.466500 0.950500 0.057000 0.057000
22 0.553500 0.929500 0.097000 0.099000
20 0.630500 0.880500 0.117000 0.115000
25 0.637500 0.814000 0.055000 0.054000
28 0.596500 0.753500 0.109000 0.103000
27 0.564000 0.667500 0.098000 0.097000
22 0.780500 0.580500 0.099000 0.095000
27 0.806500 0.667500 0.101000 0.097000
27 0.836000 0.752500 0.094000 0.095000
27 0.860500 0.841000 0.101000 0.098000
22 0.950500 0.617000 0.093000 0.094000
29 0.955500 0.709000 0.089000 0.104000
29 0.732500 0.074000 0.113000 0.120000
29 0.751000 0.182500 0.110000 0.117000
21 0.779500 0.299000 0.109000 0.106000
29 0.896500 0.371500 0.103000 0.093000