14 0.556667 0.510000 0.033333 0.022500
14 0.575833 0.504375 0.028333 0.021250
14 0.588333 0.496250 0.033333 0.022500
14 0.737500 0.636250 0.035000 0.025000
9 0.591667 0.618750 0.030000 0.022500
14 0.604167 0.598125 0.048333 0.023750
9 0.552500 0.570000 0.038333 0.025000
9 0.530000 0.553125 0.040000 0.011250
14 0.492500 0.530625 0.031667 0.023750
14 0.469167 0.540625 0.038333 0.026250
9 0.455833 0.548125 0.035000 0.023750
14 0.317500 0.557500 0.038333 0.010000
9 0.370833 0.589375 0.021667 0.023750
14 0.290833 0.615000 0.021667 0.027500
9 0.218333 0.658750 0.016667 0.022500
35 0.255000 0.340625 0.103333 0.153750
14 0.416667 0.204375 0.036667 0.026250
14 0.140833 0.799375 0.041667 0.011250
9 0.219167 0.710625 0.018333 0.023750
9 0.294167 0.825625 0.015000 0.021250
12 0.220000 0.516250 0.020000 0.025000
14 0.087500 0.357500 0.031667 0.022500
14 0.665000 0.866875 0.036667 0.026250
14 0.605000 0.864375 0.036667 0.023750
9 0.832500 0.806875 0.038333 0.026250
14 0.739167 0.733125 0.035000 0.023750
9 0.779167 0.713125 0.035000 0.023750
9 0.851667 0.676875 0.030000 0.021250
9 0.895000 0.718750 0.030000 0.020000
9 0.886667 0.658750 0.033333 0.022500
9 0.679167 0.015000 0.035000 0.025000
9 0.919167 0.018125 0.031667 0.023750
9 0.855833 0.051875 0.021667 0.016250
9 0.578333 0.240625 0.033333 0.023750
9 0.603333 0.256250 0.026667 0.020000
9 0.929167 0.525625 0.035000 0.021250