21 0.910556 0.098333 0.114444 0.101111
25 0.405556 0.287778 0.071111 0.068889
26 0.557778 0.346111 0.064444 0.056667
26 0.563889 0.407222 0.067778 0.061111
26 0.675000 0.314444 0.056667 0.064444
20 0.925000 0.216111 0.116667 0.123333
20 0.936111 0.335556 0.114444 0.122222
28 0.946111 0.455556 0.107778 0.100000
27 0.537778 0.491667 0.093333 0.094444
29 0.534444 0.637222 0.073333 0.063333
29 0.670556 0.739444 0.054444 0.050000
26 0.362222 0.781667 0.066667 0.054444
25 0.914444 0.720000 0.060000 0.055556