9 0.115000 0.988125 0.016667 0.023750
14 0.828333 0.969375 0.020000 0.018750
14 0.829167 0.948125 0.015000 0.013750
14 0.830000 0.917500 0.016667 0.020000
9 0.111667 0.961250 0.016667 0.020000
14 0.118333 0.932500 0.020000 0.025000
10 0.483333 0.647500 0.046667 0.010000
9 0.382500 0.465000 0.045000 0.007500
35 0.803333 0.441875 0.160000 0.098750
14 0.888333 0.431250 0.036667 0.007500
12 0.750833 0.410000 0.038333 0.030000
33 0.330000 0.128750 0.080000 0.100000
33 0.434167 0.128750 0.078333 0.100000
33 0.540000 0.129375 0.080000 0.101250
33 0.645833 0.128750 0.081667 0.102500
33 0.374167 0.296875 0.081667 0.101250
33 0.480000 0.296250 0.080000 0.100000
33 0.585833 0.296250 0.078333 0.100000
9 0.069167 0.958750 0.021667 0.022500
14 0.753333 0.538750 0.016667 0.010000
9 0.830000 0.870625 0.013333 0.018750
9 0.830000 0.895000 0.016667 0.020000