19 0.518500 0.028500 0.061000 0.057000
25 0.481500 0.089000 0.067000 0.064000
25 0.468000 0.174500 0.064000 0.061000
25 0.518500 0.211000 0.061000 0.060000
25 0.540500 0.261500 0.063000 0.061000
25 0.566500 0.309000 0.061000 0.058000
25 0.876500 0.112000 0.063000 0.064000
25 0.830500 0.131500 0.059000 0.059000
25 0.752500 0.165500 0.063000 0.061000
25 0.782000 0.267000 0.064000 0.062000
22 0.822000 0.346500 0.104000 0.101000
25 0.967500 0.281500 0.065000 0.063000
29 0.976500 0.615500 0.047000 0.059000