8 0.063500 0.206000 0.127000 0.098000
8 0.225500 0.375000 0.105000 0.156000
5 0.140500 0.525500 0.069000 0.083000
5 0.342000 0.575000 0.062000 0.070000
3 0.378000 0.480000 0.046000 0.034000
5 0.374500 0.396500 0.069000 0.083000
3 0.456500 0.272500 0.033000 0.045000
5 0.565000 0.331500 0.066000 0.073000
3 0.591000 0.339500 0.024000 0.031000
5 0.447000 0.526500 0.070000 0.087000
5 0.600000 0.559000 0.072000 0.088000
5 0.355500 0.671500 0.073000 0.091000
5 0.384000 0.689500 0.048000 0.053000
3 0.502000 0.737500 0.032000 0.045000
4 0.775500 0.801000 0.035000 0.040000