28 0.135000 0.775000 0.155000 0.155000
25 0.410625 0.614375 0.053750 0.056250
19 0.351250 0.779375 0.077500 0.076250
29 0.358750 0.718750 0.075000 0.072500
25 0.440000 0.730625 0.060000 0.063750
25 0.610000 0.688750 0.077500 0.080000
25 0.615000 0.761875 0.072500 0.066250
25 0.632500 0.824375 0.077500 0.076250
25 0.618750 0.892500 0.077500 0.075000
25 0.865625 0.940625 0.066250 0.063750
25 0.851875 0.869375 0.061250 0.058750
26 0.842500 0.802500 0.075000 0.060000
19 0.845000 0.738125 0.085000 0.081250
26 0.906250 0.686875 0.082500 0.086250
19 0.976250 0.683125 0.047500 0.066250