7 0.400000 0.160000 0.140000 0.120000
1 0.473000 0.067000 0.082000 0.078000
7 0.543000 0.042000 0.150000 0.084000
7 0.695000 0.036000 0.106000 0.072000
7 0.692000 0.064000 0.116000 0.084000
7 0.809000 0.087000 0.106000 0.082000
9 0.634000 0.165000 0.040000 0.038000
9 0.570000 0.229000 0.040000 0.038000
14 0.644000 0.329000 0.032000 0.030000
9 0.699000 0.368000 0.038000 0.032000
14 0.444000 0.602000 0.032000 0.028000
11 0.899000 0.669000 0.058000 0.054000
11 0.919000 0.649000 0.058000 0.054000
11 0.932000 0.634000 0.060000 0.056000
11 0.972000 0.701000 0.056000 0.038000
13 0.944000 0.750000 0.072000 0.056000
11 0.924000 0.767000 0.072000 0.058000
11 0.826000 0.839000 0.064000 0.058000
11 0.809000 0.859000 0.062000 0.062000
12 0.821000 0.951000 0.074000 0.070000
9 0.878000 0.895000 0.036000 0.034000
9 0.952000 0.831000 0.040000 0.038000
12 0.701000 0.953000 0.050000 0.050000
12 0.576000 0.930000 0.052000 0.044000
14 0.479000 0.950000 0.034000 0.036000
11 0.443000 0.978000 0.062000 0.044000
11 0.406000 0.977000 0.064000 0.046000
11 0.350000 0.936000 0.068000 0.064000
17 0.309000 0.932000 0.058000 0.052000
11 0.302000 0.907000 0.064000 0.054000
11 0.363000 0.856000 0.066000 0.064000