9 0.028000 0.939000 0.044000 0.014000
9 0.029000 0.900000 0.042000 0.016000
14 0.073000 0.846000 0.038000 0.016000
9 0.076000 0.901000 0.040000 0.014000
9 0.075000 0.919000 0.042000 0.014000
9 0.078000 0.938000 0.048000 0.016000
9 0.074000 0.957000 0.044000 0.014000
9 0.079000 0.975000 0.046000 0.018000
14 0.029000 0.992000 0.042000 0.016000
14 0.080000 0.993000 0.048000 0.014000
14 0.084000 0.882000 0.044000 0.016000
9 0.192000 0.827000 0.036000 0.014000
9 0.178000 0.866000 0.044000 0.016000
14 0.236000 0.827000 0.044000 0.018000
14 0.179000 0.919000 0.050000 0.018000
14 0.233000 0.921000 0.050000 0.018000
14 0.179000 0.958000 0.042000 0.016000
14 0.225000 0.961000 0.046000 0.018000
14 0.034000 0.828000 0.060000 0.016000
14 0.120000 0.713000 0.024000 0.034000
12 0.078000 0.723000 0.040000 0.050000
12 0.050000 0.660000 0.052000 0.020000
11 0.173000 0.532000 0.106000 0.072000
14 0.479000 0.992000 0.022000 0.016000
14 0.437000 0.996000 0.022000 0.008000
14 0.658000 0.995000 0.024000 0.010000
14 0.546000 0.954000 0.024000 0.040000
14 0.589000 0.955000 0.030000 0.034000
14 0.388000 0.959000 0.016000 0.026000
9 0.657000 0.873000 0.018000 0.030000
14 0.637000 0.867000 0.018000 0.034000
14 0.569000 0.825000 0.018000 0.034000
9 0.424000 0.820000 0.028000 0.040000
14 0.363000 0.774000 0.054000 0.032000
9 0.780000 0.943000 0.040000 0.014000
9 0.777000 0.960000 0.038000 0.012000
9 0.776000 0.978000 0.040000 0.016000
9 0.776000 0.995000 0.044000 0.010000
12 0.777000 0.883000 0.046000 0.018000
9 0.669000 0.584000 0.022000 0.032000
9 0.777000 0.540000 0.038000 0.016000
9 0.778000 0.503000 0.036000 0.014000
9 0.774000 0.484000 0.040000 0.016000
9 0.770000 0.447000 0.040000 0.018000
14 0.624000 0.584000 0.020000 0.028000
9 0.449000 0.484000 0.018000 0.032000
14 0.430000 0.479000 0.016000 0.030000
14 0.499000 0.479000 0.022000 0.034000
14 0.651000 0.372000 0.022000 0.032000
14 0.674000 0.371000 0.020000 0.034000
14 0.700000 0.373000 0.020000 0.034000
12 0.784000 0.276000 0.052000 0.016000
14 0.767000 0.252000 0.050000 0.016000
14 0.703000 0.252000 0.038000 0.012000
14 0.640000 0.255000 0.040000 0.014000
9 0.542000 0.253000 0.048000 0.014000
9 0.638000 0.230000 0.044000 0.016000
14 0.709000 0.228000 0.050000 0.016000
14 0.776000 0.228000 0.044000 0.016000
9 0.920000 0.050000 0.020000 0.036000
14 0.983000 0.440000 0.022000 0.036000
14 0.999000 0.354000 0.002000 0.036000
14 0.987000 0.386000 0.026000 0.036000
14 0.912000 0.332000 0.024000 0.032000
14 0.907000 0.550000 0.018000 0.032000
14 0.658000 0.490000 0.044000 0.016000
14 0.882000 0.889000 0.024000 0.038000
35 0.886000 0.229000 0.228000 0.250000
14 0.355000 0.612000 0.038000 0.016000
14 0.352000 0.632000 0.044000 0.016000
14 0.029000 0.958000 0.042000 0.016000