7 0.439500 0.806000 0.077000 0.090000
7 0.429000 0.757500 0.050000 0.045000
7 0.436000 0.735000 0.072000 0.070000
5 0.482500 0.781500 0.049000 0.055000
2 0.470000 0.743000 0.044000 0.042000
5 0.459000 0.713000 0.064000 0.050000
5 0.489500 0.703500 0.063000 0.047000
7 0.440500 0.674000 0.029000 0.024000
5 0.451000 0.665500 0.046000 0.041000
7 0.480500 0.671000 0.029000 0.018000
7 0.462000 0.649000 0.034000 0.026000
7 0.473000 0.633500 0.060000 0.043000
7 0.481500 0.616000 0.063000 0.042000
7 0.481500 0.596000 0.037000 0.030000
7 0.481500 0.583500 0.023000 0.017000
7 0.500500 0.596500 0.021000 0.021000
5 0.501500 0.575500 0.059000 0.049000
7 0.510000 0.556000 0.050000 0.038000
5 0.526000 0.542000 0.058000 0.046000
5 0.537000 0.521500 0.060000 0.047000
7 0.584000 0.527000 0.050000 0.036000
7 0.597500 0.514500 0.057000 0.043000
7 0.577000 0.455000 0.074000 0.054000
7 0.575500 0.431500 0.049000 0.037000
7 0.585000 0.413500 0.052000 0.043000
7 0.692000 0.354000 0.048000 0.036000
5 0.712000 0.385000 0.048000 0.036000
7 0.726000 0.377000 0.030000 0.020000
7 0.714000 0.348500 0.062000 0.043000
7 0.623500 0.338000 0.043000 0.032000
7 0.651000 0.332500 0.050000 0.039000
7 0.655000 0.309500 0.078000 0.055000
7 0.714000 0.334000 0.030000 0.022000
7 0.706500 0.314000 0.055000 0.042000
7 0.646000 0.281500 0.042000 0.033000
7 0.619000 0.314500 0.026000 0.025000
7 0.673000 0.297500 0.030000 0.027000
7 0.659000 0.273500 0.046000 0.029000
5 0.670000 0.363000 0.050000 0.038000
7 0.660000 0.381500 0.050000 0.039000
5 0.674000 0.260500 0.056000 0.047000
7 0.715500 0.279500 0.039000 0.029000
7 0.699000 0.247500 0.096000 0.067000
7 0.703500 0.225000 0.063000 0.046000
7 0.760500 0.265500 0.069000 0.057000
5 0.795500 0.265000 0.051000 0.042000
2 0.765000 0.203500 0.050000 0.033000
7 0.783000 0.064000 0.048000 0.036000
7 0.793000 0.050000 0.048000 0.038000
7 0.787500 0.033500 0.025000 0.017000
7 0.791500 0.028000 0.027000 0.020000
7 0.803500 0.021000 0.047000 0.042000
7 0.823000 0.017500 0.032000 0.023000
7 0.801500 0.006000 0.019000 0.012000
5 0.746500 0.120000 0.053000 0.048000
7 0.733500 0.128500 0.023000 0.019000
7 0.739500 0.168500 0.085000 0.049000
2 0.772500 0.159500 0.035000 0.019000
2 0.729500 0.144000 0.045000 0.024000
7 0.737500 0.306500 0.073000 0.045000
7 0.765000 0.288500 0.042000 0.035000
7 0.629000 0.448500 0.062000 0.043000
7 0.719000 0.409500 0.078000 0.055000
7 0.606000 0.371000 0.050000 0.048000
7 0.596500 0.387500 0.045000 0.045000
7 0.657000 0.436000 0.026000 0.016000
7 0.651000 0.423500 0.036000 0.023000
7 0.646000 0.399000 0.042000 0.038000
2 0.626500 0.410000 0.019000 0.030000
2 0.613500 0.458000 0.043000 0.026000
2 0.629500 0.474500 0.037000 0.021000
2 0.642000 0.491000 0.030000 0.022000
2 0.638500 0.501000 0.043000 0.034000
7 0.617500 0.504000 0.065000 0.052000
7 0.678000 0.545500 0.078000 0.063000
7 0.592000 0.551000 0.054000 0.026000
7 0.639500 0.562500 0.047000 0.033000
7 0.600000 0.572000 0.084000 0.034000
7 0.593500 0.590500 0.045000 0.023000
5 0.643000 0.602500 0.052000 0.031000
7 0.990500 0.257000 0.019000 0.110000
35 0.161000 0.061500 0.060000 0.057000
35 0.490000 0.235500 0.046000 0.045000
35 0.277500 0.633000 0.047000 0.044000