29 0.802000 0.683000 0.052000 0.050000
29 0.201000 0.107000 0.050000 0.050000
29 0.620000 0.264000 0.044000 0.040000
29 0.775000 0.286000 0.034000 0.032000
29 0.815000 0.292000 0.038000 0.032000
29 0.855000 0.296000 0.038000 0.032000
29 0.878000 0.269000 0.040000 0.034000
29 0.934000 0.301000 0.040000 0.034000
29 0.957000 0.279000 0.042000 0.038000
29 0.663000 0.364000 0.066000 0.068000
29 0.734000 0.373000 0.080000 0.082000
29 0.874000 0.392000 0.080000 0.080000
29 0.945000 0.398000 0.070000 0.072000
29 0.915000 0.476000 0.046000 0.044000
29 0.782000 0.492000 0.044000 0.044000
29 0.801000 0.494000 0.026000 0.036000
29 0.907000 0.548000 0.030000 0.036000
29 0.921000 0.530000 0.038000 0.036000
29 0.659000 0.569000 0.054000 0.050000
29 0.710000 0.573000 0.048000 0.046000
29 0.762000 0.580000 0.048000 0.044000