9 0.407000 0.724000 0.018000 0.032000
9 0.409000 0.550000 0.018000 0.016000
9 0.343000 0.541000 0.018000 0.034000
9 0.341000 0.578000 0.018000 0.032000
35 0.371000 0.270000 0.106000 0.104000
12 0.071000 0.386000 0.018000 0.032000
14 0.882000 0.249000 0.040000 0.014000
9 0.853000 0.272000 0.054000 0.020000
14 0.783000 0.911000 0.042000 0.014000
9 0.406000 0.638000 0.016000 0.040000
14 0.261000 0.663000 0.042000 0.014000
14 0.729000 0.250000 0.034000 0.012000
14 0.656000 0.295000 0.040000 0.014000
14 0.577000 0.298000 0.054000 0.016000
14 0.526000 0.296000 0.040000 0.012000
9 0.407000 0.681000 0.014000 0.034000