1 0.128500 0.159000 0.007000 0.028000
1 0.121500 0.159000 0.007000 0.028000
1 0.114000 0.160000 0.012000 0.030000
1 0.159000 0.153000 0.008000 0.020000
1 0.153000 0.156000 0.006000 0.028000
1 0.126500 0.201000 0.005000 0.028000
1 0.121500 0.199500 0.007000 0.025000
1 0.115000 0.202000 0.008000 0.026000
1 0.109000 0.202500 0.008000 0.021000
1 0.103000 0.201500 0.008000 0.027000
1 0.150500 0.203000 0.005000 0.022000
1 0.160000 0.205000 0.010000 0.030000
1 0.154500 0.203500 0.007000 0.021000
1 0.168500 0.205000 0.011000 0.030000
1 0.180500 0.208500 0.015000 0.027000
1 0.173500 0.206000 0.009000 0.022000
1 0.156500 0.181000 0.007000 0.024000
1 0.151000 0.181500 0.006000 0.021000
1 0.149500 0.231000 0.005000 0.024000
1 0.158000 0.232500 0.006000 0.013000
1 0.153500 0.230000 0.007000 0.018000
1 0.145000 0.133000 0.022000 0.008000
1 0.143500 0.139000 0.021000 0.008000
1 0.117000 0.184500 0.024000 0.007000
2 0.034000 0.082500 0.034000 0.011000
2 0.036000 0.075000 0.030000 0.010000
2 0.049000 0.209000 0.004000 0.024000
2 0.042000 0.213000 0.008000 0.036000
2 0.013000 0.207500 0.010000 0.037000
2 0.003500 0.212000 0.007000 0.034000
2 0.050500 0.167000 0.007000 0.042000
2 0.042000 0.167500 0.008000 0.041000
2 0.015500 0.163000 0.009000 0.038000
2 0.005500 0.164000 0.011000 0.040000
2 0.041500 0.115500 0.013000 0.041000
2 0.014000 0.112000 0.010000 0.046000
36 0.188500 0.060500 0.043000 0.049000
35 0.743000 0.455500 0.052000 0.053000
35 0.956500 0.059000 0.051000 0.052000