7 0.153000 0.024166 0.059334 0.019666
3 0.544500 0.029666 0.025000 0.017334
7 0.304500 0.068000 0.063000 0.023334
7 0.378166 0.151834 0.066334 0.033000
7 0.178666 0.169500 0.060666 0.024334
7 0.015667 0.177500 0.031334 0.013666
7 0.112334 0.310834 0.062666 0.035000
8 0.026834 0.540666 0.053667 0.013334
4 0.316000 0.692334 0.040666 0.024000
8 0.298000 0.636666 0.048666 0.026000
8 0.397500 0.592666 0.063666 0.032666
6 0.423000 0.644334 0.036000 0.020000
6 0.306834 0.704834 0.023000 0.013666
4 0.309334 0.708334 0.013334 0.007334
4 0.310000 0.711000 0.013334 0.008000
8 0.281666 0.675834 0.027334 0.049000
7 0.479166 0.621166 0.055000 0.031000
7 0.493166 0.289666 0.047666 0.055334
7 0.454166 0.339834 0.046334 0.055000