9 0.905000 0.004000 0.038000 0.008000
9 0.855000 0.008000 0.030000 0.016000
35 0.611000 0.032000 0.110000 0.064000
14 0.598000 0.125000 0.020000 0.034000
14 0.604000 0.159000 0.020000 0.034000
14 0.682000 0.152000 0.028000 0.040000
9 0.649000 0.153000 0.022000 0.038000
14 0.613000 0.192000 0.022000 0.036000
9 0.709000 0.297000 0.018000 0.030000
9 0.702000 0.261000 0.024000 0.034000
9 0.717000 0.333000 0.026000 0.038000
9 0.726000 0.368000 0.020000 0.036000
14 0.549000 0.387000 0.034000 0.034000
9 0.521000 0.389000 0.026000 0.026000
9 0.662000 0.435000 0.016000 0.030000
9 0.666000 0.467000 0.020000 0.030000
9 0.713000 0.450000 0.022000 0.036000
9 0.743000 0.461000 0.018000 0.030000
14 0.752000 0.490000 0.016000 0.028000
9 0.677000 0.508000 0.022000 0.036000
14 0.684000 0.546000 0.028000 0.036000
14 0.757000 0.522000 0.014000 0.028000
14 0.762000 0.553000 0.020000 0.034000
14 0.691000 0.577000 0.022000 0.030000
35 0.756000 0.674000 0.124000 0.124000
14 0.946000 0.615000 0.040000 0.018000
14 0.992000 0.677000 0.016000 0.022000
14 0.957000 0.682000 0.038000 0.020000
9 0.664000 0.699000 0.048000 0.026000
9 0.777000 0.914000 0.022000 0.036000
9 0.861000 0.934000 0.022000 0.036000
14 0.870000 0.977000 0.020000 0.042000
9 0.793000 0.976000 0.026000 0.036000
14 0.012000 0.115000 0.024000 0.018000
14 0.088000 0.037000 0.040000 0.018000
9 0.111000 0.052000 0.038000 0.024000
14 0.057000 0.111000 0.038000 0.018000
9 0.188000 0.093000 0.036000 0.022000
9 0.136000 0.032000 0.036000 0.016000
14 0.214000 0.019000 0.036000 0.022000
14 0.298000 0.009000 0.040000 0.018000
14 0.327000 0.075000 0.038000 0.018000
9 0.392000 0.021000 0.044000 0.022000
14 0.385000 0.004000 0.038000 0.008000
9 0.345000 0.007000 0.038000 0.014000
14 0.304000 0.131000 0.020000 0.030000
14 0.425000 0.061000 0.038000 0.018000
14 0.435000 0.001000 0.038000 0.002000
9 0.464000 0.057000 0.040000 0.018000
14 0.562000 0.002000 0.040000 0.004000
14 0.075000 0.210000 0.026000 0.036000
14 0.097000 0.204000 0.022000 0.032000
9 0.118000 0.202000 0.020000 0.036000
14 0.043000 0.516000 0.050000 0.024000
9 0.026000 0.483000 0.036000 0.018000
14 0.076000 0.438000 0.028000 0.036000
9 0.060000 0.549000 0.036000 0.022000
9 0.059000 0.731000 0.038000 0.018000
9 0.109000 0.722000 0.046000 0.024000
14 0.099000 0.793000 0.038000 0.022000
9 0.214000 0.709000 0.036000 0.022000
9 0.223000 0.734000 0.038000 0.016000
9 0.317000 0.759000 0.018000 0.018000
9 0.232000 0.763000 0.040000 0.022000
9 0.371000 0.690000 0.042000 0.024000
14 0.418000 0.708000 0.044000 0.024000
9 0.384000 0.733000 0.040000 0.018000
9 0.483000 0.674000 0.038000 0.020000
9 0.462000 0.748000 0.032000 0.020000
9 0.536000 0.670000 0.036000 0.020000
9 0.575000 0.664000 0.034000 0.020000
9 0.563000 0.736000 0.034000 0.020000
14 0.191000 0.428000 0.042000 0.044000
14 0.286000 0.416000 0.024000 0.036000
9 0.262000 0.420000 0.024000 0.032000
14 0.240000 0.424000 0.028000 0.036000
14 0.198000 0.456000 0.044000 0.024000
9 0.187000 0.478000 0.038000 0.020000
9 0.226000 0.488000 0.024000 0.040000
9 0.187000 0.512000 0.038000 0.020000
14 0.175000 0.532000 0.034000 0.016000
9 0.342000 0.475000 0.040000 0.022000
14 0.368000 0.400000 0.020000 0.036000
9 0.359000 0.358000 0.026000 0.036000
9 0.386000 0.353000 0.024000 0.038000
12 0.410000 0.319000 0.024000 0.050000
14 0.261000 0.239000 0.030000 0.042000
9 0.301000 0.227000 0.026000 0.038000
14 0.387000 0.116000 0.022000 0.036000
9 0.396000 0.151000 0.024000 0.038000
12 0.391000 0.935000 0.050000 0.022000
12 0.398000 0.950000 0.048000 0.024000
12 0.475000 0.967000 0.030000 0.054000