19 0.084428 0.590286 0.018572 0.019428
29 0.028000 0.001714 0.026858 0.003429
20 0.300858 0.022428 0.032572 0.030572
19 0.372000 0.047428 0.018858 0.019428
29 0.391428 0.037858 0.025142 0.026000
29 0.419858 0.088572 0.017428 0.017142
21 0.399858 0.100572 0.032286 0.034286
22 0.373000 0.119858 0.027142 0.027142
21 0.387142 0.151858 0.034286 0.032286
27 0.400000 0.173572 0.028572 0.028858
22 0.411428 0.195286 0.031428 0.030572
27 0.424428 0.217428 0.028858 0.029142
27 0.436572 0.238858 0.030286 0.030858
29 0.448714 0.261000 0.026000 0.024858
26 0.483428 0.313858 0.015428 0.019142
26 0.507142 0.306714 0.020000 0.020858
29 0.560142 0.338572 0.025428 0.025714
19 0.527428 0.361000 0.018858 0.019142
21 0.504142 0.370572 0.031142 0.031428
21 0.481142 0.382714 0.032000 0.032858
29 0.340142 0.463142 0.019714 0.020572
19 0.298714 0.490000 0.017428 0.018286
19 0.276714 0.498286 0.018572 0.019428
29 0.258714 0.465000 0.012858 0.011714
29 0.263000 0.441286 0.020286 0.018572
29 0.255000 0.414286 0.026572 0.025714
29 0.241142 0.389286 0.026286 0.025428
21 0.186286 0.343142 0.029714 0.029142
29 0.190572 0.322714 0.024000 0.021428
21 0.150428 0.251428 0.030572 0.031428
19 0.130572 0.244286 0.018858 0.018286
19 0.116572 0.225714 0.017142 0.016000
19 0.109286 0.208858 0.018572 0.017714
19 0.137000 0.187572 0.018000 0.019142
29 0.459714 0.165000 0.026286 0.025428
19 0.529428 0.220000 0.018858 0.020000
19 0.509572 0.272142 0.014572 0.015714
19 0.644000 0.479572 0.019428 0.019142
22 0.946428 0.747858 0.030572 0.031142
19 0.540572 0.166714 0.018858 0.019142
36 0.834428 0.932857 0.103142 0.134285
36 0.882142 0.922286 0.114000 0.155428