3 0.920500 0.053000 0.027000 0.032000
2 0.939000 0.289500 0.012000 0.041000
2 0.909000 0.204000 0.036000 0.016000
2 0.908500 0.192500 0.031000 0.009000
2 0.910500 0.184500 0.029000 0.007000
2 0.893500 0.234000 0.011000 0.040000
1 0.896000 0.338000 0.006000 0.024000
1 0.888500 0.336500 0.009000 0.021000
1 0.880500 0.335500 0.005000 0.019000
1 0.831000 0.350000 0.006000 0.024000
1 0.825000 0.351000 0.004000 0.024000
1 0.819000 0.350500 0.006000 0.027000
1 0.812500 0.349500 0.009000 0.025000
1 0.806000 0.349000 0.004000 0.024000
1 0.821000 0.324500 0.004000 0.021000
1 0.815500 0.324000 0.005000 0.024000
1 0.807500 0.323500 0.005000 0.023000
2 0.761500 0.336000 0.013000 0.036000
2 0.750000 0.331000 0.010000 0.038000
2 0.812500 0.283500 0.015000 0.041000
2 0.816500 0.234000 0.017000 0.040000
2 0.783500 0.232000 0.017000 0.040000
2 0.832000 0.183000 0.014000 0.042000
2 0.817500 0.182500 0.015000 0.041000
2 0.819500 0.131500 0.013000 0.045000
2 0.786000 0.180000 0.018000 0.048000
2 0.771500 0.179000 0.015000 0.050000
2 0.787000 0.129500 0.018000 0.049000
2 0.805000 0.089500 0.040000 0.011000
2 0.804500 0.100500 0.041000 0.011000
2 0.708000 0.006500 0.038000 0.013000
2 0.773000 0.054000 0.020000 0.050000
2 0.717500 0.034500 0.009000 0.041000
2 0.725000 0.038000 0.010000 0.042000
2 0.734000 0.035000 0.012000 0.042000
2 0.741500 0.035500 0.015000 0.047000
2 0.712500 0.078000 0.011000 0.034000
2 0.723000 0.081000 0.010000 0.040000
2 0.735500 0.083000 0.015000 0.042000
2 0.746000 0.082500 0.008000 0.029000
2 0.716500 0.123000 0.015000 0.044000
2 0.728500 0.121500 0.009000 0.031000
2 0.714500 0.162000 0.013000 0.034000
2 0.725500 0.161500 0.009000 0.035000
2 0.715500 0.199000 0.015000 0.038000
2 0.727000 0.199000 0.008000 0.036000
2 0.672500 0.143000 0.009000 0.042000
2 0.675000 0.087500 0.008000 0.035000
2 0.685500 0.087000 0.011000 0.036000
1 0.693000 0.024000 0.004000 0.022000
1 0.687000 0.023500 0.006000 0.021000
1 0.680000 0.024000 0.008000 0.022000