0 0.038500 0.457000 0.021000 0.058000
0 0.059500 0.391000 0.023000 0.066000
0 0.035500 0.388000 0.019000 0.070000
0 0.034500 0.314000 0.021000 0.066000
0 0.059500 0.317000 0.021000 0.054000
0 0.035500 0.245500 0.019000 0.057000
0 0.060500 0.245000 0.021000 0.062000
0 0.027500 0.171500 0.029000 0.073000
0 0.052000 0.171500 0.034000 0.075000
0 0.014500 0.133000 0.029000 0.020000
0 0.013500 0.117500 0.027000 0.023000
0 0.171500 0.315000 0.017000 0.058000
0 0.232500 0.452500 0.015000 0.049000
0 0.218500 0.321500 0.017000 0.055000
1 0.178500 0.445000 0.013000 0.038000
1 0.180500 0.477500 0.007000 0.021000
1 0.219500 0.452000 0.009000 0.036000
1 0.344000 0.394000 0.012000 0.036000
1 0.355500 0.389500 0.009000 0.037000
1 0.367500 0.385500 0.011000 0.035000
1 0.347000 0.479000 0.008000 0.022000
1 0.357000 0.477500 0.010000 0.037000
1 0.369000 0.475000 0.008000 0.032000
1 0.365000 0.428500 0.012000 0.037000
1 0.406500 0.473000 0.007000 0.030000
1 0.407000 0.440000 0.006000 0.028000
1 0.407500 0.407000 0.007000 0.030000
1 0.415000 0.439500 0.008000 0.033000
1 0.417000 0.401500 0.014000 0.041000
2 0.192500 0.277500 0.049000 0.009000
1 0.391000 0.364000 0.036000 0.008000
1 0.393000 0.357500 0.036000 0.007000
1 0.395000 0.349500 0.036000 0.007000
1 0.426000 0.398500 0.012000 0.029000
1 0.434500 0.398500 0.013000 0.029000
1 0.446000 0.400500 0.014000 0.029000
1 0.429000 0.474000 0.008000 0.012000
1 0.422000 0.474500 0.010000 0.017000
1 0.414500 0.471500 0.009000 0.025000
1 0.444500 0.442500 0.009000 0.033000
1 0.434500 0.440000 0.009000 0.030000
1 0.424000 0.438500 0.008000 0.029000