8 0.094000 0.302666 0.153334 0.026666
1 0.042000 0.028000 0.033334 0.021334
1 0.034000 0.012667 0.049334 0.025334
1 0.038666 0.019334 0.048000 0.030666
8 0.098666 0.116666 0.109334 0.022666
4 0.197334 0.114666 0.066666 0.024000
4 0.198000 0.136000 0.060000 0.018666
8 0.099334 0.135334 0.110666 0.012000
8 0.107334 0.340666 0.110666 0.020000
4 0.068000 0.502666 0.066666 0.018666
4 0.069334 0.536666 0.069334 0.020000
4 0.185334 0.540000 0.074666 0.021334
4 0.090666 0.707334 0.045334 0.014666
4 0.145334 0.706000 0.048000 0.017334
4 0.092000 0.735334 0.042666 0.014666
4 0.147334 0.740666 0.044000 0.020000
4 0.181334 0.894000 0.061334 0.022666
4 0.094666 0.930666 0.066666 0.016000
4 0.156666 0.930000 0.028000 0.012000
4 0.190000 0.937334 0.030666 0.018666
4 0.930000 0.932666 0.036000 0.038666
4 0.770000 0.990000 0.033334 0.020000
4 0.864000 0.958666 0.042666 0.042666
4 0.834666 0.962666 0.048000 0.048000
4 0.852666 0.962666 0.046666 0.053334
4 0.899334 0.921334 0.038666 0.037334
4 0.881334 0.933334 0.037334 0.037334
4 0.910000 0.915334 0.036000 0.036000
4 0.888000 0.926000 0.034666 0.041334
1 0.919334 0.914000 0.025334 0.022666
1 0.926000 0.904666 0.025334 0.022666
4 0.876000 0.945334 0.032000 0.037334
4 0.886666 0.990666 0.034666 0.018666
32 0.412000 0.398000 0.088000 0.164000