9 0.898000 0.648000 0.024000 0.040000
9 0.970000 0.650000 0.024000 0.044000
12 0.497000 0.201000 0.022000 0.042000
15 0.572000 0.187000 0.024000 0.058000
15 0.541000 0.180000 0.026000 0.076000
11 0.958000 0.066000 0.084000 0.028000
11 0.973000 0.112000 0.054000 0.024000
11 0.931000 0.159000 0.118000 0.030000
11 0.925000 0.181000 0.118000 0.026000
11 0.917000 0.205000 0.118000 0.030000
11 0.913000 0.229000 0.118000 0.026000
11 0.914000 0.255000 0.096000 0.026000
10 0.685000 0.016000 0.114000 0.032000
10 0.688000 0.042000 0.116000 0.024000
10 0.681000 0.069000 0.114000 0.030000
11 0.677000 0.090000 0.118000 0.028000
11 0.661000 0.115000 0.122000 0.026000
11 0.645000 0.140000 0.114000 0.028000
11 0.646000 0.162000 0.112000 0.028000
11 0.645000 0.188000 0.114000 0.028000
11 0.649000 0.213000 0.114000 0.026000
11 0.641000 0.236000 0.110000 0.032000
11 0.638000 0.259000 0.116000 0.026000
11 0.635000 0.285000 0.122000 0.030000
11 0.634000 0.309000 0.116000 0.030000
11 0.624000 0.337000 0.120000 0.030000
11 0.629000 0.368000 0.118000 0.032000
11 0.513000 0.276000 0.114000 0.032000
11 0.511000 0.296000 0.094000 0.024000
11 0.510000 0.316000 0.112000 0.028000
11 0.507000 0.359000 0.110000 0.022000
14 0.873000 0.296000 0.030000 0.044000
14 0.914000 0.300000 0.040000 0.048000
14 0.945000 0.301000 0.042000 0.046000
14 0.973000 0.305000 0.038000 0.046000
11 0.895000 0.366000 0.098000 0.020000
12 0.448000 0.140000 0.020000 0.032000
14 0.465000 0.030000 0.018000 0.032000
12 0.398000 0.014000 0.024000 0.028000
9 0.245000 0.504000 0.030000 0.036000
9 0.072000 0.451000 0.032000 0.038000