29 0.002250 0.807250 0.004500 0.045500
25 0.024250 0.766500 0.048500 0.038000
25 0.009000 0.513750 0.018000 0.053500
25 0.031500 0.544750 0.053000 0.053500
25 0.080750 0.587750 0.059500 0.059500
22 0.168000 0.657000 0.076000 0.068000
25 0.230750 0.630000 0.052500 0.053000
25 0.162500 0.763000 0.047000 0.043000
19 0.274500 0.585000 0.052000 0.046000
26 0.238250 0.536250 0.057500 0.055500
26 0.155000 0.451500 0.062000 0.060000
19 0.116500 0.415000 0.054000 0.054000
19 0.228500 0.330000 0.057000 0.056000
29 0.387750 0.487000 0.057500 0.055000
29 0.571750 0.286500 0.055500 0.056000