36 0.588000 0.656500 0.148000 0.145000
0 0.558000 0.902500 0.114000 0.123000
1 0.355000 0.007500 0.020000 0.015000
1 0.371000 0.031500 0.022000 0.027000
1 0.344500 0.034000 0.023000 0.030000
1 0.365500 0.078000 0.035000 0.042000
7 0.442000 0.178000 0.036000 0.044000
7 0.441500 0.209000 0.049000 0.058000
7 0.482000 0.251500 0.042000 0.057000
7 0.597500 0.489000 0.051000 0.074000
7 0.606500 0.453000 0.079000 0.104000
11 0.036000 0.738500 0.022000 0.045000
11 0.017000 0.670000 0.032000 0.036000
14 0.131000 0.623000 0.020000 0.024000
11 0.124500 0.903000 0.049000 0.034000
15 0.384500 0.773500 0.049000 0.033000
14 0.313000 0.793500 0.022000 0.017000
14 0.237000 0.939500 0.016000 0.011000
9 0.257000 0.930500 0.024000 0.017000
14 0.217000 0.950000 0.022000 0.018000
14 0.464500 0.830500 0.019000 0.015000
14 0.485000 0.820000 0.022000 0.016000
14 0.419500 0.853000 0.019000 0.014000
14 0.393500 0.866000 0.019000 0.014000
9 0.374000 0.875500 0.020000 0.015000
9 0.527500 0.800500 0.021000 0.017000
14 0.505500 0.810500 0.017000 0.013000
14 0.572500 0.779000 0.019000 0.014000
14 0.443500 0.823000 0.015000 0.018000
14 0.707500 0.599000 0.019000 0.016000
15 0.838000 0.520000 0.048000 0.034000
15 0.973500 0.452500 0.051000 0.033000
14 0.905000 0.524000 0.022000 0.016000
13 0.846000 0.568500 0.022000 0.017000
15 0.920000 0.668000 0.036000 0.046000
15 0.986000 0.785500 0.028000 0.037000
15 0.949000 0.799000 0.036000 0.046000
11 0.510000 0.164500 0.034000 0.045000
11 0.532000 0.205500 0.018000 0.021000
11 0.569000 0.267500 0.020000 0.025000
11 0.624000 0.319500 0.022000 0.027000
11 0.576000 0.060000 0.020000 0.024000
12 0.617000 0.061500 0.038000 0.021000
12 0.639000 0.038000 0.036000 0.024000