9 0.471667 0.015625 0.023333 0.026250
14 0.472500 0.041250 0.025000 0.022500
9 0.440833 0.030000 0.028333 0.027500
9 0.775000 0.086250 0.033333 0.022500
9 0.750000 0.070000 0.030000 0.022500
14 0.669167 0.029375 0.021667 0.016250
9 0.655833 0.020625 0.025000 0.018750
9 0.625000 0.069375 0.033333 0.023750
9 0.659167 0.093750 0.028333 0.022500
12 0.679167 0.100000 0.038333 0.027500
14 0.715000 0.123125 0.030000 0.021250
14 0.653333 0.198125 0.033333 0.023750
12 0.633333 0.186875 0.033333 0.023750
9 0.575833 0.150000 0.031667 0.022500
9 0.519167 0.196875 0.035000 0.016250
14 0.510833 0.206875 0.041667 0.018750
11 0.491667 0.236875 0.030000 0.016250
14 0.485000 0.248125 0.033333 0.016250
14 0.401667 0.247500 0.026667 0.025000
14 0.369167 0.238125 0.028333 0.026250
11 0.373333 0.171875 0.036667 0.041250
11 0.346667 0.162500 0.036667 0.035000
11 0.318333 0.153750 0.036667 0.035000
14 0.222500 0.032500 0.028333 0.027500
9 0.187500 0.025625 0.028333 0.023750
14 0.169167 0.026250 0.025000 0.022500
14 0.187500 0.051875 0.021667 0.023750
14 0.154167 0.103125 0.025000 0.023750
14 0.117500 0.175625 0.028333 0.023750
14 0.083333 0.166875 0.023333 0.026250
11 0.906667 0.241250 0.053333 0.037500
14 0.300833 0.948125 0.028333 0.021250
14 0.315833 0.958750 0.035000 0.025000
9 0.194167 0.959375 0.031667 0.016250
14 0.671667 0.652500 0.033333 0.010000
9 0.893333 0.633750 0.040000 0.012500
14 0.697500 0.040000 0.031667 0.022500