9 0.255833 0.515000 0.045000 0.017500
11 0.096667 0.483750 0.086667 0.032500
9 0.138333 0.053125 0.023333 0.023750
9 0.200833 0.067500 0.021667 0.022500
14 0.115000 0.111250 0.023333 0.022500
9 0.171667 0.131875 0.020000 0.021250
11 0.135000 0.145625 0.070000 0.101250
9 0.084167 0.171250 0.018333 0.017500
14 0.146667 0.199375 0.026667 0.026250
14 0.051667 0.245000 0.020000 0.020000
9 0.081667 0.251875 0.023333 0.021250
9 0.117500 0.249375 0.025000 0.023750
9 0.099167 0.288750 0.021667 0.022500
14 0.030833 0.338125 0.021667 0.021250
13 0.043333 0.367500 0.080000 0.085000
9 0.980000 0.705625 0.030000 0.026250
14 0.982500 0.746875 0.031667 0.023750
9 0.906667 0.843750 0.030000 0.022500
9 0.880833 0.871875 0.028333 0.026250
9 0.963333 0.845625 0.033333 0.026250
9 0.947500 0.856875 0.025000 0.018750
14 0.937500 0.864375 0.028333 0.021250
14 0.928333 0.875625 0.033333 0.026250
9 0.903333 0.901250 0.033333 0.027500
14 0.871667 0.973750 0.026667 0.027500
14 0.845833 0.972500 0.021667 0.025000
14 0.806667 0.960000 0.023333 0.022500
9 0.787500 0.983125 0.021667 0.018750
11 0.343333 0.851250 0.083333 0.042500
36 0.798333 0.613125 0.280000 0.136250