33 0.316667 0.223750 0.186667 0.105000
33 0.145000 0.125000 0.183333 0.105000
12 0.787500 0.323125 0.035000 0.023750
9 0.912500 0.371875 0.031667 0.016250
9 0.934167 0.395000 0.035000 0.020000
14 0.933333 0.461250 0.023333 0.020000
9 0.670000 0.473125 0.026667 0.021250
9 0.856667 0.480000 0.030000 0.027500
9 0.831667 0.487500 0.030000 0.025000
9 0.600000 0.575625 0.033333 0.018750
12 0.610000 0.587500 0.043333 0.022500
12 0.666667 0.595000 0.026667 0.022500
9 0.660833 0.637500 0.035000 0.017500
14 0.675833 0.646875 0.038333 0.021250
12 0.684167 0.656875 0.035000 0.018750
14 0.695833 0.666250 0.038333 0.020000
12 0.706667 0.675000 0.033333 0.020000
9 0.718333 0.685625 0.036667 0.021250
9 0.742500 0.704375 0.035000 0.021250
9 0.755000 0.713750 0.033333 0.017500
9 0.765833 0.723125 0.038333 0.021250
9 0.810833 0.765625 0.035000 0.021250
9 0.895000 0.750000 0.040000 0.020000
9 0.916667 0.769375 0.036667 0.018750
12 0.965833 0.729375 0.038333 0.023750
9 0.880000 0.826875 0.036667 0.033750
9 0.815833 0.896875 0.031667 0.026250
4 0.645000 0.983125 0.050000 0.023750
12 0.703333 0.967500 0.043333 0.020000
9 0.715833 0.978750 0.038333 0.017500
9 0.656667 0.750625 0.030000 0.023750
14 0.555000 0.655625 0.033333 0.026250
9 0.534167 0.637500 0.028333 0.022500
12 0.348333 0.470000 0.033333 0.027500
9 0.312500 0.447500 0.028333 0.020000
9 0.066667 0.345000 0.040000 0.017500
9 0.095000 0.603750 0.036667 0.015000
14 0.089167 0.591875 0.041667 0.013750
14 0.078333 0.570000 0.033333 0.012500
13 0.017500 0.476875 0.018333 0.018750