14 0.986667 0.028750 0.026667 0.017500
14 0.575833 0.063750 0.038333 0.020000
14 0.618333 0.076250 0.040000 0.022500
14 0.573333 0.130000 0.036667 0.017500
14 0.587500 0.206875 0.035000 0.028750
9 0.107500 0.244375 0.045000 0.021250
35 0.495000 0.336250 0.123333 0.095000
12 0.720000 0.248750 0.043333 0.020000
9 0.962500 0.281875 0.021667 0.023750
9 0.888333 0.461875 0.036667 0.016250
14 0.968333 0.225000 0.023333 0.022500
9 0.054167 0.624375 0.038333 0.021250
14 0.254167 0.543125 0.031667 0.028750
9 0.228333 0.571250 0.026667 0.025000
14 0.275833 0.598750 0.025000 0.025000
13 0.275000 0.524375 0.030000 0.023750
14 0.523333 0.540000 0.036667 0.017500
9 0.708333 0.536875 0.030000 0.028750
9 0.830000 0.613750 0.036667 0.027500
9 0.786667 0.581250 0.033333 0.015000
9 0.798333 0.830625 0.043333 0.021250
35 0.170000 0.670000 0.130000 0.100000
9 0.151667 0.726875 0.043333 0.033750
9 0.053333 0.748750 0.026667 0.025000
9 0.014167 0.785625 0.025000 0.023750
14 0.189167 0.861250 0.038333 0.022500
12 0.231667 0.873750 0.043333 0.022500
9 0.668333 0.126250 0.033333 0.030000
9 0.814167 0.976250 0.038333 0.020000