32 0.212000 0.784500 0.424000 0.431000
33 0.038000 0.397500 0.076000 0.101000
33 0.099000 0.286500 0.084000 0.093000
33 0.037500 0.260500 0.075000 0.103000
33 0.144000 0.169500 0.086000 0.091000
33 0.215000 0.190500 0.086000 0.091000
9 0.804500 0.006500 0.015000 0.013000
15 0.923000 0.023000 0.044000 0.028000
12 0.867500 0.029000 0.017000 0.020000
9 0.948500 0.063500 0.017000 0.021000
11 0.431000 0.424000 0.020000 0.026000
30 0.412500 0.084000 0.209000 0.168000
17 0.366000 0.619500 0.054000 0.047000