9 0.893333 0.752500 0.026667 0.022500
9 0.873333 0.751250 0.030000 0.025000
9 0.850000 0.772500 0.033333 0.025000
14 0.822500 0.774375 0.031667 0.026250
14 0.845833 0.754375 0.031667 0.026250
9 0.824167 0.752500 0.028333 0.025000
14 0.800833 0.753125 0.028333 0.023750
14 0.753333 0.773750 0.033333 0.025000
9 0.775000 0.755000 0.030000 0.025000
14 0.752500 0.755000 0.028333 0.022500
14 0.728333 0.773750 0.026667 0.022500
14 0.730000 0.752500 0.026667 0.022500
9 0.708333 0.773125 0.036667 0.028750
9 0.710000 0.750625 0.030000 0.023750
9 0.688333 0.770625 0.033333 0.026250
9 0.660000 0.775000 0.030000 0.025000
9 0.682500 0.754375 0.031667 0.023750
14 0.658333 0.756875 0.026667 0.021250
9 0.638333 0.773125 0.023333 0.021250
14 0.635833 0.755000 0.031667 0.025000
9 0.510833 0.781250 0.035000 0.012500
14 0.552500 0.716250 0.038333 0.030000
14 0.610000 0.714375 0.036667 0.028750
14 0.634167 0.712500 0.025000 0.020000
14 0.700000 0.711875 0.026667 0.021250
14 0.725000 0.710625 0.030000 0.023750
35 0.395833 0.648125 0.065000 0.056250
9 0.550000 0.660000 0.030000 0.010000
9 0.640000 0.658125 0.030000 0.011250
9 0.680833 0.657500 0.038333 0.010000
14 0.822500 0.429375 0.025000 0.016250
14 0.749167 0.390000 0.038333 0.022500
14 0.743333 0.306250 0.020000 0.020000
14 0.217500 0.463125 0.031667 0.011250
14 0.275833 0.441250 0.031667 0.010000
9 0.374167 0.261875 0.018333 0.026250
14 0.950833 0.170625 0.025000 0.023750
9 0.197500 0.683125 0.018333 0.021250
9 0.176667 0.685000 0.016667 0.022500
9 0.095000 0.685000 0.016667 0.020000
9 0.072500 0.685000 0.018333 0.022500
9 0.053333 0.685000 0.016667 0.020000
9 0.033333 0.684375 0.016667 0.018750
9 0.125833 0.261250 0.031667 0.010000
9 0.126667 0.250625 0.036667 0.011250
12 0.122500 0.226250 0.048333 0.015000
14 0.157500 0.061875 0.031667 0.008750