33 0.243125 0.886667 0.098750 0.146667
32 0.264375 0.357500 0.528750 0.715000
33 0.545625 0.777500 0.101250 0.145000
33 0.470000 0.805833 0.100000 0.145000
33 0.395625 0.832500 0.101250 0.145000
33 0.319375 0.860833 0.101250 0.145000
33 0.670000 0.642500 0.102500 0.145000
32 0.621250 0.286667 0.512500 0.573333
33 0.745000 0.614167 0.102500 0.145000
9 0.693125 0.896667 0.023750 0.033333
9 0.634375 0.931667 0.021250 0.033333
9 0.962500 0.212500 0.027500 0.021667
14 0.673750 0.903333 0.025000 0.036667
9 0.664375 0.915000 0.023750 0.036667
9 0.607500 0.947500 0.022500 0.035000
9 0.621875 0.939167 0.023750 0.035000
33 0.820625 0.587500 0.103750 0.148333
33 0.896875 0.560000 0.101250 0.150000
9 0.971875 0.227500 0.028750 0.021667
12 0.653750 0.925833 0.025000 0.035000