14 0.874167 0.315000 0.041667 0.022500
14 0.835000 0.641875 0.030000 0.018750
9 0.842500 0.675000 0.031667 0.020000
9 0.432500 0.768125 0.038333 0.026250
14 0.552500 0.847500 0.038333 0.025000
9 0.497500 0.837500 0.031667 0.022500
9 0.334167 0.928125 0.031667 0.021250
9 0.263333 0.946250 0.033333 0.022500
9 0.182500 0.827500 0.035000 0.025000
9 0.148333 0.846250 0.036667 0.025000
9 0.101667 0.872500 0.033333 0.022500
14 0.058333 0.898750 0.036667 0.025000
9 0.021667 0.921250 0.040000 0.027500
30 0.375833 0.212500 0.401667 0.285000