33 0.234167 0.817500 0.171667 0.110000
33 0.045000 0.961875 0.090000 0.076250
35 0.879167 0.883125 0.148333 0.126250
17 0.518333 0.412500 0.036667 0.025000
11 0.530833 0.403125 0.045000 0.026250
11 0.570833 0.401250 0.041667 0.027500
14 0.565000 0.419375 0.030000 0.018750
14 0.594167 0.436250 0.041667 0.025000
14 0.628333 0.450625 0.033333 0.021250
14 0.642500 0.435625 0.028333 0.023750
14 0.626667 0.430000 0.026667 0.020000
14 0.508333 0.508750 0.033333 0.020000
12 0.570833 0.516875 0.068333 0.031250
14 0.675833 0.537500 0.028333 0.022500
9 0.582500 0.695625 0.035000 0.021250
12 0.786667 0.805625 0.033333 0.021250