29 0.727500 0.265500 0.063000 0.061000
19 0.646500 0.156500 0.067000 0.067000
19 0.557500 0.044500 0.069000 0.069000
25 0.461000 0.236500 0.066000 0.065000
25 0.368500 0.448000 0.069000 0.068000
25 0.318500 0.377500 0.065000 0.065000
20 0.518500 0.853500 0.119000 0.117000
22 0.591000 0.953000 0.106000 0.094000
26 0.463000 0.865500 0.080000 0.077000
19 0.125500 0.579000 0.071000 0.068000
25 0.029500 0.589500 0.059000 0.065000
31 0.265500 0.858000 0.037000 0.040000
31 0.282500 0.845000 0.037000 0.040000