14 0.855000 0.753125 0.036667 0.026250
14 0.976667 0.720000 0.030000 0.022500
14 0.988333 0.711875 0.023333 0.023750
14 0.667500 0.388125 0.025000 0.018750
12 0.786667 0.215000 0.036667 0.027500
14 0.172500 0.853750 0.025000 0.020000
12 0.202500 0.749375 0.038333 0.023750
14 0.420000 0.622500 0.033333 0.015000
12 0.156667 0.536250 0.020000 0.027500
12 0.075833 0.449375 0.021667 0.028750
14 0.057500 0.443125 0.015000 0.016250
9 0.541667 0.450625 0.030000 0.023750
14 0.460000 0.356875 0.030000 0.023750
14 0.483333 0.350000 0.033333 0.027500
14 0.172500 0.761875 0.025000 0.016250