7 0.267500 0.034375 0.161667 0.068750
2 0.424167 0.079375 0.048333 0.058750
2 0.492500 0.235000 0.105000 0.047500
2 0.500000 0.248125 0.106667 0.048750
2 0.513333 0.273125 0.076667 0.033750
2 0.516667 0.284375 0.080000 0.036250
2 0.523333 0.293750 0.073333 0.032500
2 0.530000 0.303125 0.076667 0.033750
2 0.679167 0.321875 0.075000 0.036250
2 0.741667 0.346250 0.060000 0.067500
7 0.797500 0.421250 0.071667 0.082500
2 0.784167 0.476875 0.075000 0.033750
2 0.790833 0.486875 0.075000 0.033750
2 0.740833 0.545000 0.081667 0.040000
2 0.745833 0.555000 0.078333 0.037500
2 0.747500 0.566250 0.085000 0.040000
2 0.856667 0.576250 0.043333 0.060000
2 0.870833 0.572500 0.038333 0.052500
2 0.800000 0.600000 0.046667 0.057500
2 0.833333 0.586250 0.046667 0.057500
2 0.846667 0.581250 0.043333 0.055000
2 0.834167 0.688750 0.075000 0.035000
2 0.825833 0.681250 0.068333 0.037500
2 0.822500 0.671250 0.071667 0.042500
2 0.817500 0.660625 0.061667 0.038750
2 0.804167 0.653750 0.075000 0.042500
2 0.795000 0.645625 0.076667 0.046250
2 0.849167 0.636250 0.035000 0.035000
2 0.915833 0.703125 0.045000 0.061250
2 0.930833 0.701875 0.045000 0.061250
2 0.942500 0.695625 0.041667 0.056250
2 0.875000 0.770625 0.083333 0.038750
2 0.882500 0.778750 0.075000 0.035000
2 0.890833 0.788750 0.071667 0.035000
2 0.895833 0.798125 0.075000 0.038750
2 0.901667 0.808125 0.073333 0.036250
2 0.909167 0.817500 0.075000 0.037500
2 0.941667 0.775000 0.046667 0.060000
2 0.955833 0.770000 0.048333 0.057500
2 0.970000 0.767500 0.046667 0.055000
2 0.975000 0.846875 0.050000 0.058750
2 0.960000 0.852500 0.050000 0.055000
2 0.947500 0.858125 0.048333 0.058750
2 0.934167 0.875625 0.071667 0.048750