29 0.756667 0.320000 0.076667 0.080000
25 0.922500 0.302500 0.078333 0.078333
27 0.072500 0.749167 0.145000 0.188333
29 0.140000 0.728333 0.096667 0.100000
29 0.214167 0.699167 0.068333 0.081667
29 0.060833 0.891667 0.121667 0.106667
25 0.360000 0.726667 0.106667 0.103333
26 0.354167 0.805000 0.105000 0.090000
26 0.495000 0.742500 0.083333 0.095000
29 0.653333 0.608333 0.100000 0.100000
29 0.610833 0.673333 0.095000 0.096667
29 0.613333 0.750833 0.083333 0.078333
29 0.624167 0.836667 0.078333 0.080000
29 0.639167 0.921667 0.068333 0.073333