7 0.780000 0.275500 0.044000 0.089000
7 0.770000 0.293000 0.038000 0.072000
2 0.793500 0.345500 0.023000 0.033000
2 0.802500 0.344500 0.021000 0.031000
2 0.826500 0.371000 0.037000 0.032000
2 0.820000 0.381500 0.042000 0.039000
7 0.606500 0.350500 0.171000 0.083000
7 0.822500 0.534000 0.075000 0.118000
7 0.881000 0.707500 0.064000 0.123000
5 0.736500 0.722500 0.073000 0.127000
5 0.759000 0.737000 0.084000 0.146000
7 0.601000 0.184500 0.202000 0.059000
4 0.278500 0.269000 0.041000 0.014000
7 0.134000 0.267500 0.188000 0.093000
7 0.279500 0.384500 0.029000 0.161000