33 0.804500 0.368000 0.049000 0.082000
33 0.741500 0.368000 0.049000 0.082000
33 0.679500 0.368000 0.049000 0.082000
33 0.616500 0.368000 0.047000 0.082000
33 0.551000 0.368000 0.050000 0.082000
33 0.487000 0.368000 0.048000 0.082000
33 0.778000 0.241000 0.050000 0.082000
33 0.710000 0.241000 0.050000 0.082000
33 0.641500 0.241000 0.049000 0.082000
33 0.550000 0.241000 0.050000 0.082000
33 0.487000 0.241000 0.048000 0.082000
14 0.010500 0.691500 0.015000 0.019000
12 0.116500 0.702500 0.027000 0.011000
14 0.220000 0.695000 0.022000 0.010000
14 0.219000 0.686500 0.022000 0.009000
11 0.351500 0.426000 0.037000 0.022000
10 0.091500 0.591000 0.023000 0.042000
12 0.081500 0.178000 0.027000 0.010000
11 0.040000 0.195500 0.014000 0.039000
14 0.079500 0.164000 0.019000 0.008000
31 0.027500 0.539500 0.055000 0.103000
14 0.700000 0.566000 0.024000 0.006000