20 0.846250 0.370833 0.112500 0.141667
21 0.858125 0.881667 0.103750 0.153333
29 0.638125 0.898333 0.076250 0.113333
29 0.620625 0.646667 0.088750 0.106667
22 0.615625 0.396667 0.101250 0.130000
20 0.295625 0.189167 0.111250 0.141667
22 0.301250 0.392500 0.100000 0.131667
29 0.310000 0.561667 0.085000 0.103333
22 0.313125 0.710833 0.088750 0.128333
20 0.053125 0.248333 0.106250 0.170000
22 0.051875 0.415833 0.101250 0.128333
21 0.056250 0.568333 0.112500 0.140000
20 0.057500 0.719167 0.112500 0.138333
20 0.063750 0.872500 0.112500 0.138333