29 0.700500 0.947500 0.089000 0.091000
20 0.623500 0.899000 0.117000 0.118000
25 0.554000 0.866500 0.060000 0.059000
26 0.520500 0.739500 0.071000 0.067000
25 0.444500 0.482000 0.063000 0.062000
22 0.230000 0.123000 0.106000 0.106000
25 0.072000 0.221000 0.062000 0.064000
25 0.060000 0.382000 0.060000 0.060000
26 0.182500 0.400000 0.065000 0.068000
25 0.249000 0.351000 0.056000 0.058000
25 0.328000 0.309000 0.060000 0.062000
21 0.412500 0.241500 0.121000 0.123000
25 0.636500 0.088500 0.059000 0.059000