14 0.066667 0.131250 0.033333 0.007500
14 0.205000 0.946250 0.033333 0.030000
14 0.521667 0.855000 0.026667 0.020000
14 0.483333 0.838125 0.030000 0.021250
14 0.463333 0.828125 0.036667 0.026250
14 0.447500 0.820000 0.038333 0.025000
14 0.551667 0.811875 0.030000 0.021250
14 0.537500 0.799375 0.028333 0.023750
14 0.500833 0.786875 0.025000 0.021250
14 0.480833 0.781875 0.031667 0.023750
14 0.464167 0.775625 0.031667 0.023750
12 0.083333 0.806875 0.013333 0.021250
9 0.289167 0.837500 0.051667 0.022500
12 0.336667 0.815000 0.043333 0.025000
9 0.239167 0.708125 0.038333 0.018750
14 0.188333 0.664375 0.026667 0.023750
12 0.246667 0.651875 0.033333 0.031250
9 0.405833 0.607500 0.028333 0.025000
14 0.700000 0.645000 0.016667 0.020000
14 0.850833 0.614375 0.025000 0.023750
14 0.760000 0.954375 0.033333 0.021250
14 0.737500 0.935000 0.031667 0.020000
14 0.717500 0.921250 0.031667 0.020000
31 0.849167 0.428125 0.151667 0.121250