7 0.068500 0.780000 0.069000 0.080000
7 0.216500 0.721000 0.043000 0.084000
7 0.232000 0.710500 0.036000 0.081000
7 0.192000 0.611000 0.036000 0.068000
5 0.112000 0.648500 0.032000 0.053000
7 0.176000 0.437500 0.048000 0.085000
5 0.071500 0.327000 0.073000 0.132000
3 0.063000 0.357000 0.030000 0.050000
5 0.185500 0.303500 0.055000 0.103000
7 0.202000 0.294500 0.038000 0.071000
3 0.172000 0.316500 0.024000 0.039000
3 0.160500 0.278000 0.021000 0.034000
2 0.391000 0.155000 0.018000 0.030000
2 0.399500 0.157500 0.005000 0.025000
2 0.405000 0.158000 0.006000 0.026000
2 0.411500 0.158000 0.011000 0.028000