7 0.317500 0.040000 0.065000 0.070000
7 0.331875 0.034167 0.063750 0.068333
7 0.431250 0.060833 0.062500 0.071667
7 0.358125 0.324167 0.086250 0.095000
7 0.417500 0.240833 0.090000 0.075000
7 0.508750 0.177500 0.075000 0.065000
7 0.576875 0.169167 0.041250 0.035000
7 0.603125 0.170833 0.111250 0.091667
7 0.640625 0.175833 0.061250 0.051667
1 0.658125 0.181667 0.036250 0.030000
7 0.726875 0.216667 0.058750 0.063333
7 0.735000 0.292500 0.105000 0.081667
7 0.731250 0.173333 0.177500 0.193333
7 0.767500 0.170833 0.080000 0.088333
7 0.843750 0.290833 0.067500 0.078333
7 0.843750 0.330833 0.075000 0.085000
7 0.873125 0.407500 0.076250 0.065000
7 0.893750 0.425000 0.075000 0.066667
7 0.918750 0.359167 0.085000 0.091667
7 0.795000 0.661667 0.097500 0.096667
3 0.841250 0.015000 0.030000 0.030000
7 0.443125 0.030833 0.058750 0.061667
4 0.779375 0.290000 0.038750 0.030000