12 0.205000 0.469375 0.036667 0.023750
9 0.064167 0.481250 0.035000 0.025000
14 0.931667 0.791250 0.026667 0.025000
9 0.893333 0.748125 0.030000 0.026250
9 0.825833 0.686250 0.035000 0.025000
12 0.657500 0.573750 0.038333 0.030000
14 0.220833 0.743750 0.031667 0.020000
12 0.439167 0.683750 0.041667 0.030000
9 0.418333 0.689375 0.033333 0.023750
9 0.404167 0.696875 0.031667 0.023750
12 0.374167 0.714375 0.035000 0.026250
14 0.398333 0.733750 0.030000 0.022500
14 0.417500 0.728125 0.035000 0.026250
9 0.140000 0.678125 0.030000 0.021250
9 0.205000 0.596875 0.033333 0.026250
9 0.191667 0.605000 0.033333 0.025000
9 0.139167 0.564375 0.035000 0.026250
9 0.065000 0.601875 0.033333 0.023750