7 0.518333 0.423125 0.070000 0.098750
6 0.148333 0.310625 0.123333 0.206250
4 0.270000 0.240625 0.050000 0.021250
4 0.275000 0.231875 0.053333 0.021250
7 0.270833 0.375625 0.031667 0.053750
7 0.855000 0.572500 0.113333 0.107500
7 0.875000 0.583750 0.106667 0.105000
7 0.885833 0.603125 0.118333 0.123750
7 0.907500 0.610000 0.118333 0.125000
7 0.917500 0.631875 0.115000 0.118750
7 0.681667 0.760625 0.123333 0.116250
7 0.699167 0.771250 0.125000 0.122500
7 0.770000 0.730000 0.130000 0.125000
7 0.799167 0.730625 0.121667 0.116250
7 0.819167 0.740625 0.115000 0.108750
7 0.538333 0.905000 0.113333 0.115000