7 0.111500 0.294500 0.155000 0.075000
6 0.097500 0.172000 0.089000 0.038000
4 0.205500 0.264000 0.033000 0.058000
4 0.214500 0.260000 0.029000 0.056000
4 0.223500 0.255000 0.029000 0.056000
7 0.196500 0.413500 0.099000 0.103000
7 0.268500 0.477000 0.087000 0.144000
6 0.227000 0.313500 0.028000 0.039000
6 0.238500 0.310500 0.029000 0.041000
6 0.252000 0.349000 0.032000 0.038000
6 0.263000 0.343000 0.034000 0.040000
6 0.175000 0.694000 0.094000 0.150000
7 0.816000 0.840000 0.034000 0.062000
7 0.847000 0.935000 0.034000 0.060000
7 0.861500 0.928500 0.031000 0.051000
7 0.873000 0.920500 0.030000 0.053000