9 0.935000 0.895625 0.036667 0.021250
9 0.864167 0.846250 0.031667 0.020000
9 0.951667 0.868750 0.033333 0.022500
9 0.951667 0.851250 0.036667 0.022500
9 0.898333 0.843750 0.033333 0.020000
9 0.850000 0.821875 0.033333 0.021250
9 0.908333 0.831250 0.036667 0.022500
9 0.865000 0.811875 0.036667 0.023750
9 0.679167 0.785000 0.035000 0.020000
14 0.792500 0.748125 0.035000 0.021250
14 0.685833 0.749375 0.045000 0.021250
9 0.783333 0.720000 0.040000 0.022500
14 0.846667 0.698750 0.033333 0.022500
9 0.564167 0.696875 0.035000 0.021250
11 0.339167 0.677500 0.055000 0.030000
9 0.425000 0.690625 0.036667 0.018750
9 0.469167 0.705625 0.041667 0.021250
14 0.438333 0.712500 0.033333 0.017500
9 0.509167 0.721250 0.028333 0.015000
9 0.489167 0.730000 0.031667 0.017500
14 0.574167 0.818750 0.031667 0.017500
9 0.556667 0.805000 0.033333 0.017500
9 0.513333 0.824375 0.033333 0.018750
11 0.445000 0.860000 0.040000 0.022500
14 0.408333 0.857500 0.030000 0.017500
11 0.267500 0.923125 0.058333 0.031250
14 0.024167 0.913125 0.038333 0.028750
14 0.062500 0.900000 0.031667 0.025000
14 0.093333 0.852500 0.033333 0.022500
9 0.579167 0.475000 0.035000 0.027500
14 0.660833 0.405000 0.028333 0.022500
14 0.685833 0.428125 0.028333 0.023750
14 0.837500 0.475000 0.031667 0.025000
14 0.055833 0.123750 0.045000 0.022500
14 0.149167 0.148125 0.041667 0.021250
9 0.815000 0.675625 0.030000 0.026250
35 0.663333 0.765625 0.313333 0.178750