29 0.243000 0.949500 0.060000 0.059000
20 0.301500 0.908000 0.115000 0.112000
25 0.204500 0.570000 0.071000 0.068000
29 0.238000 0.623500 0.070000 0.071000
26 0.348500 0.427500 0.075000 0.071000
25 0.222500 0.262000 0.069000 0.066000
25 0.287000 0.343000 0.068000 0.066000
29 0.182500 0.104000 0.069000 0.068000
29 0.394000 0.173500 0.062000 0.061000
19 0.435000 0.227000 0.068000 0.070000
19 0.495500 0.095000 0.069000 0.068000
19 0.617500 0.254500 0.067000 0.067000
34 0.926500 0.951000 0.119000 0.098000
31 0.041000 0.924000 0.036000 0.038000
31 0.058000 0.912000 0.036000 0.036000
25 0.026500 0.526000 0.053000 0.068000