9 0.631250 0.880833 0.027500 0.011667
14 0.498125 0.677500 0.023750 0.008333
9 0.440000 0.622500 0.017500 0.028333
9 0.425000 0.622500 0.020000 0.031667
9 0.405625 0.710000 0.023750 0.033333
9 0.473125 0.845000 0.008750 0.026667
9 0.295000 0.850833 0.017500 0.031667
9 0.343750 0.801667 0.022500 0.026667
9 0.345000 0.713333 0.020000 0.026667
9 0.239375 0.687500 0.018750 0.028333
9 0.306250 0.685000 0.022500 0.030000
9 0.297500 0.623333 0.015000 0.026667
9 0.266875 0.620833 0.018750 0.028333
14 0.233125 0.623333 0.018750 0.030000
14 0.131250 0.619167 0.030000 0.015000
14 0.136875 0.665833 0.026250 0.011667
14 0.135625 0.694167 0.033750 0.011667
14 0.157500 0.761667 0.022500 0.010000
9 0.163125 0.802500 0.011250 0.011667
9 0.160000 0.840833 0.027500 0.011667
11 0.116875 0.754167 0.021250 0.061667
11 0.058125 0.647500 0.016250 0.071667
11 0.039375 0.624167 0.016250 0.038333
11 0.020000 0.625833 0.017500 0.038333
9 0.856250 0.581667 0.027500 0.013333
9 0.871875 0.860833 0.026250 0.011667
14 0.841250 0.850000 0.010000 0.026667
9 0.824375 0.855833 0.011250 0.028333
9 0.811875 0.858333 0.013750 0.030000
11 0.021250 0.306667 0.042500 0.043333
11 0.049375 0.298333 0.063750 0.050000
11 0.108125 0.298333 0.063750 0.050000
11 0.173750 0.300833 0.045000 0.065000
11 0.224375 0.292500 0.053750 0.061667
11 0.254375 0.076667 0.036250 0.016667
14 0.660000 0.969167 0.012500 0.018333
9 0.676875 0.966667 0.011250 0.016667