9 0.755833 0.072500 0.025000 0.025000
9 0.101667 0.949375 0.033333 0.018750
14 0.185000 0.983750 0.033333 0.020000
9 0.045000 0.500625 0.020000 0.021250
9 0.806667 0.357500 0.033333 0.017500
9 0.815000 0.366875 0.030000 0.016250
12 0.828333 0.376250 0.040000 0.020000
9 0.838333 0.386250 0.036667 0.020000
9 0.859167 0.406250 0.031667 0.017500
9 0.879167 0.425625 0.031667 0.018750
11 0.900000 0.448750 0.043333 0.022500
9 0.958333 0.401250 0.030000 0.017500
9 0.938333 0.367500 0.036667 0.020000
14 0.967500 0.281875 0.035000 0.031250
12 0.935833 0.293750 0.038333 0.032500
9 0.901667 0.303750 0.026667 0.022500
12 0.870833 0.315000 0.028333 0.025000
9 0.838333 0.331250 0.033333 0.027500