19 0.117500 0.545000 0.060000 0.076667
26 0.121875 0.645000 0.076250 0.080000
29 0.119375 0.749167 0.056250 0.071667
25 0.235625 0.784167 0.058750 0.081667
25 0.123750 0.837500 0.055000 0.078333
29 0.121875 0.940000 0.091250 0.110000
29 0.510625 0.230000 0.091250 0.116667
21 0.723125 0.430000 0.121250 0.150000
21 0.717500 0.636667 0.110000 0.136667
29 0.721875 0.854167 0.088750 0.108333
20 0.484375 0.632500 0.118750 0.155000
20 0.486250 0.778333 0.120000 0.153333
20 0.491250 0.929167 0.117500 0.141667