7 0.411000 0.295000 0.178000 0.248000
7 0.622000 0.682000 0.068000 0.040000
7 0.610000 0.693000 0.066000 0.038000
7 0.702500 0.713000 0.057000 0.034000
7 0.699500 0.727000 0.069000 0.038000
7 0.688500 0.756500 0.069000 0.039000
7 0.694500 0.741500 0.071000 0.039000
7 0.677000 0.905000 0.042000 0.056000
7 0.604500 0.934000 0.067000 0.038000
7 0.530500 0.885500 0.073000 0.039000
7 0.525000 0.901500 0.066000 0.037000
7 0.441500 0.866500 0.063000 0.037000
7 0.360000 0.833000 0.070000 0.040000
7 0.270500 0.797000 0.069000 0.042000
7 0.168500 0.755000 0.071000 0.042000
7 0.160500 0.655500 0.043000 0.057000
7 0.207000 0.576500 0.048000 0.063000
7 0.224000 0.586000 0.042000 0.058000
7 0.177000 0.661500 0.046000 0.065000