9 0.828333 0.010625 0.030000 0.008750
9 0.831667 0.023125 0.033333 0.011250
12 0.831667 0.035625 0.033333 0.011250
12 0.838333 0.046250 0.036667 0.012500
14 0.833333 0.063125 0.036667 0.013750
14 0.844167 0.075000 0.035000 0.012500
12 0.691667 0.006875 0.040000 0.013750
12 0.698333 0.020000 0.043333 0.015000
12 0.705000 0.032500 0.043333 0.015000
12 0.709167 0.046250 0.041667 0.015000
9 0.715000 0.070000 0.036667 0.010000
12 0.725833 0.080000 0.045000 0.015000
12 0.841667 0.086875 0.053333 0.018750
11 0.775833 0.139375 0.031667 0.036250
12 0.807500 0.135000 0.025000 0.030000
12 0.820000 0.110625 0.033333 0.028750
12 0.838333 0.135000 0.026667 0.027500
14 0.855000 0.133125 0.020000 0.021250
12 0.591667 0.144375 0.043333 0.013750
14 0.844167 0.655000 0.031667 0.010000
14 0.970833 0.831875 0.041667 0.021250
11 0.894167 0.960625 0.078333 0.026250
1 0.874167 0.130625 0.025000 0.028750
12 0.880833 0.181250 0.075000 0.020000
11 0.974167 0.794375 0.031667 0.013750
14 0.710000 0.058750 0.033333 0.010000