20 0.107000 0.208500 0.134000 0.135000
27 0.057500 0.455000 0.109000 0.110000
29 0.151500 0.424500 0.045000 0.049000
27 0.304500 0.558500 0.103000 0.103000
27 0.227000 0.513500 0.110000 0.111000
27 0.102000 0.963500 0.106000 0.073000
29 0.038500 0.938000 0.077000 0.116000
29 0.123000 0.465500 0.038000 0.049000
29 0.183000 0.441000 0.052000 0.050000
29 0.377500 0.522000 0.061000 0.062000
29 0.416500 0.539000 0.029000 0.040000
29 0.450000 0.561500 0.032000 0.033000
29 0.437000 0.597000 0.046000 0.044000
29 0.395000 0.673000 0.052000 0.050000
29 0.513000 0.607500 0.052000 0.057000
25 0.522500 0.713000 0.069000 0.064000
29 0.440000 0.748500 0.060000 0.059000
25 0.174500 0.682500 0.067000 0.067000
29 0.241000 0.709500 0.078000 0.079000
25 0.221000 0.949000 0.074000 0.076000
25 0.261000 0.911000 0.078000 0.078000
29 0.470500 0.789000 0.059000 0.058000
20 0.280000 0.378000 0.132000 0.128000
27 0.557500 0.527000 0.117000 0.114000
27 0.609500 0.735500 0.109000 0.111000
25 0.764000 0.724000 0.066000 0.058000
25 0.734500 0.828000 0.071000 0.068000
29 0.732500 0.939000 0.061000 0.064000
26 0.921000 0.890000 0.080000 0.080000
25 0.891000 0.937500 0.078000 0.075000