20 0.120500 0.079000 0.113000 0.108000
19 0.369000 0.166000 0.066000 0.068000
29 0.437500 0.133500 0.087000 0.091000
29 0.537000 0.311000 0.062000 0.060000
21 0.467000 0.352500 0.114000 0.119000
22 0.372500 0.420000 0.095000 0.096000
21 0.422500 0.532500 0.119000 0.113000
27 0.468000 0.608000 0.100000 0.102000
22 0.507500 0.684500 0.109000 0.107000
27 0.553000 0.761500 0.102000 0.103000
27 0.595500 0.837000 0.107000 0.108000
29 0.638500 0.914000 0.091000 0.088000
29 0.676500 0.578000 0.093000 0.088000
19 0.920500 0.770000 0.067000 0.070000
19 0.850500 0.953500 0.051000 0.055000
19 0.959000 0.584000 0.066000 0.068000