12 0.841667 0.896250 0.030000 0.017500
13 0.825833 0.876875 0.031667 0.023750
12 0.801667 0.864375 0.030000 0.023750
9 0.747500 0.708125 0.025000 0.021250
11 0.758333 0.728125 0.026667 0.026250
9 0.772500 0.723750 0.021667 0.022500
17 0.641667 0.677500 0.046667 0.030000
9 0.983333 0.778750 0.016667 0.020000
9 0.945000 0.783750 0.026667 0.022500
9 0.945000 0.842500 0.033333 0.012500
12 0.945000 0.852500 0.030000 0.007500
11 0.076667 0.045000 0.126667 0.020000
11 0.105000 0.073125 0.130000 0.021250
11 0.114167 0.088125 0.131667 0.023750
11 0.097500 0.103125 0.128333 0.021250
12 0.210833 0.946250 0.041667 0.027500
9 0.220000 0.960625 0.033333 0.023750
14 0.223333 0.978125 0.036667 0.026250
11 0.383333 0.930625 0.033333 0.028750
12 0.405833 0.926875 0.035000 0.031250
12 0.429167 0.919375 0.035000 0.028750
9 0.290000 0.764375 0.030000 0.026250
12 0.312500 0.756250 0.031667 0.027500
9 0.330833 0.749375 0.025000 0.023750
9 0.385000 0.725000 0.033333 0.020000
9 0.265833 0.684375 0.035000 0.026250
12 0.496667 0.680000 0.043333 0.027500
13 0.458333 0.695625 0.033333 0.018750
12 0.268333 0.221250 0.053333 0.020000
13 0.234167 0.270000 0.051667 0.025000
13 0.176667 0.280625 0.056667 0.023750
13 0.692500 0.209375 0.055000 0.018750
9 0.880000 0.385625 0.020000 0.026250
12 0.886667 0.414375 0.023333 0.023750
12 0.806667 0.519375 0.056667 0.023750
9 0.717500 0.607500 0.041667 0.032500
12 0.753333 0.625625 0.036667 0.008750
12 0.755833 0.610625 0.041667 0.011250
14 0.853333 0.570625 0.016667 0.018750
14 0.910833 0.567500 0.015000 0.020000
14 0.945000 0.563750 0.016667 0.022500
9 0.961667 0.562500 0.020000 0.022500