11 0.884167 0.319375 0.061667 0.033750
11 0.843333 0.281875 0.063333 0.036250
9 0.779167 0.227500 0.031667 0.017500
9 0.943333 0.364375 0.036667 0.021250
9 0.595000 0.304375 0.030000 0.018750
14 0.457500 0.048125 0.028333 0.008750
14 0.452500 0.059375 0.038333 0.008750
14 0.281667 0.028125 0.016667 0.021250
14 0.087500 0.205625 0.028333 0.023750
12 0.183333 0.197500 0.036667 0.015000
14 0.085000 0.232500 0.033333 0.020000
14 0.155000 0.360625 0.033333 0.016250
12 0.434167 0.329375 0.038333 0.031250
9 0.466667 0.328125 0.026667 0.023750
12 0.557500 0.370625 0.031667 0.026250
14 0.639167 0.381875 0.028333 0.016250
9 0.610833 0.393750 0.025000 0.015000
14 0.641667 0.451250 0.026667 0.020000
9 0.558333 0.452500 0.040000 0.032500
9 0.186667 0.573750 0.023333 0.015000
9 0.158333 0.584375 0.030000 0.016250
9 0.710833 0.628750 0.031667 0.027500
12 0.604167 0.723125 0.035000 0.028750
14 0.418333 0.871875 0.030000 0.016250
14 0.228333 0.856875 0.026667 0.023750
9 0.027500 0.670625 0.028333 0.023750