35 0.496250 0.624167 0.147500 0.158333
12 0.610625 0.019167 0.028750 0.021667
9 0.603750 0.039167 0.027500 0.015000
12 0.606875 0.056667 0.033750 0.020000
9 0.605625 0.071667 0.031250 0.016667
12 0.611875 0.087500 0.031250 0.021667
9 0.614375 0.100000 0.031250 0.016667
14 0.621250 0.115000 0.027500 0.013333
9 0.618750 0.132500 0.032500 0.015000
9 0.622500 0.149167 0.030000 0.015000
12 0.625625 0.165000 0.033750 0.016667
9 0.680000 0.020833 0.032500 0.018333
12 0.685625 0.037500 0.033750 0.018333
12 0.706875 0.159167 0.018750 0.038333
12 0.447500 0.288333 0.030000 0.013333
14 0.438750 0.323333 0.027500 0.013333
14 0.434375 0.346667 0.033750 0.016667
14 0.445000 0.397500 0.037500 0.021667
11 0.557500 0.393333 0.095000 0.026667
11 0.578750 0.430833 0.097500 0.028333
11 0.585625 0.450833 0.098750 0.031667
11 0.573125 0.470833 0.096250 0.028333
12 0.476250 0.670833 0.025000 0.028333
12 0.701250 0.628333 0.040000 0.026667
13 0.675625 0.693333 0.038750 0.033333
13 0.632500 0.707500 0.042500 0.031667