14 0.850833 0.603125 0.028333 0.008750
14 0.042500 0.911875 0.025000 0.018750
12 0.890833 0.918125 0.025000 0.021250
14 0.839167 0.951250 0.028333 0.025000
14 0.865833 0.974375 0.031667 0.026250
14 0.962500 0.985000 0.028333 0.022500
14 0.914167 0.650000 0.038333 0.010000
14 0.808333 0.592500 0.023333 0.007500
14 0.867500 0.711875 0.038333 0.011250
9 0.915000 0.727500 0.043333 0.010000
14 0.701667 0.105625 0.030000 0.026250
12 0.923333 0.584375 0.040000 0.011250
12 0.885000 0.583750 0.030000 0.010000