29 0.016111 0.588333 0.032222 0.032222
28 0.231111 0.800000 0.137778 0.137778
25 0.476111 0.657222 0.047778 0.050000
19 0.423333 0.803889 0.068889 0.067778
29 0.430000 0.750000 0.066667 0.064444
25 0.502222 0.760556 0.053333 0.056667
25 0.653333 0.723333 0.068889 0.071111
25 0.657778 0.788333 0.064444 0.058889
25 0.673333 0.843889 0.068889 0.067778
25 0.661111 0.904444 0.068889 0.066667
25 0.880556 0.947222 0.058889 0.056667
25 0.868333 0.883889 0.054444 0.052222
26 0.860000 0.824444 0.066667 0.053333
19 0.862222 0.767222 0.075556 0.072222
26 0.916667 0.721667 0.073333 0.076667
19 0.978889 0.718333 0.042222 0.058889