25 0.275000 0.360714 0.075714 0.072857
25 0.257857 0.278571 0.070000 0.068571
26 0.247857 0.202143 0.084286 0.067143
19 0.250714 0.127857 0.095714 0.092857
26 0.320714 0.070000 0.092857 0.100000
19 0.414286 0.067857 0.082857 0.078571
19 0.496429 0.105000 0.087143 0.087143
24 0.527143 0.245000 0.077143 0.070000
25 0.637857 0.115714 0.070000 0.074286
19 0.745000 0.113571 0.064286 0.067143
19 0.769286 0.181429 0.064286 0.068571
19 0.750000 0.300714 0.065714 0.067143
19 0.691429 0.362143 0.085714 0.087143
19 0.950000 0.215000 0.065714 0.064286
25 0.950714 0.141429 0.064286 0.065714
25 0.950000 0.066429 0.074286 0.067143