19 0.504000 0.146500 0.060000 0.059000
29 0.637500 0.268500 0.065000 0.071000
19 0.794000 0.327000 0.048000 0.046000
26 0.797500 0.387000 0.061000 0.048000
29 0.795500 0.449500 0.045000 0.043000
25 0.888500 0.470500 0.047000 0.049000
25 0.799000 0.502500 0.044000 0.047000
29 0.797500 0.564000 0.073000 0.066000
25 0.894000 0.616000 0.046000 0.046000
25 0.804500 0.701500 0.049000 0.047000
25 0.809000 0.756000 0.046000 0.046000
19 0.797000 0.829000 0.048000 0.044000
25 0.818500 0.924000 0.049000 0.046000
25 0.756000 0.924000 0.044000 0.044000
25 0.696500 0.926000 0.045000 0.044000
26 0.635500 0.933000 0.047000 0.058000