7 0.034167 0.640625 0.068333 0.026250
7 0.034167 0.656875 0.068333 0.028750
7 0.036667 0.671875 0.073333 0.028750
7 0.237500 0.563750 0.108333 0.032500
7 0.430833 0.646875 0.125000 0.031250
7 0.600000 0.535625 0.116667 0.033750
7 0.603333 0.553125 0.113333 0.031250
7 0.607500 0.570625 0.111667 0.028750
7 0.616667 0.584375 0.106667 0.028750
5 0.625000 0.605000 0.096667 0.035000
7 0.720833 0.520625 0.095000 0.013750
7 0.717500 0.531875 0.085000 0.013750
7 0.859167 0.535000 0.115000 0.022500
5 0.400000 0.573750 0.103333 0.035000
5 0.413333 0.598750 0.100000 0.037500
5 0.416667 0.627500 0.100000 0.037500
35 0.188333 0.377500 0.033333 0.032500