7 0.084000 0.149500 0.046000 0.087000
1 0.102500 0.021000 0.017000 0.024000
7 0.090500 0.093000 0.025000 0.036000
7 0.426500 0.106500 0.023000 0.037000
7 0.566000 0.157500 0.052000 0.097000
7 0.593000 0.223000 0.036000 0.030000
7 0.777500 0.276500 0.079000 0.109000
7 0.768000 0.270000 0.052000 0.072000
7 0.671500 0.419000 0.079000 0.102000
7 0.683500 0.426000 0.079000 0.102000
7 0.714000 0.460500 0.082000 0.105000
7 0.696500 0.432500 0.091000 0.121000
7 0.709000 0.439500 0.092000 0.125000
7 0.589500 0.529000 0.077000 0.100000
7 0.588000 0.558500 0.084000 0.113000
7 0.479500 0.684500 0.091000 0.125000
7 0.491000 0.693000 0.110000 0.150000
7 0.634000 0.730000 0.162000 0.198000
7 0.284500 0.978000 0.019000 0.044000
7 0.324500 0.918500 0.047000 0.061000
7 0.319000 0.911000 0.050000 0.064000
7 0.367000 0.848000 0.050000 0.066000
7 0.891000 0.814000 0.044000 0.052000
7 0.809000 0.938500 0.084000 0.109000
7 0.832000 0.942500 0.058000 0.073000
7 0.841500 0.964500 0.055000 0.071000
7 0.494000 0.938000 0.116000 0.124000