12 0.287500 0.407000 0.021000 0.012000
12 0.547000 0.900500 0.016000 0.021000
12 0.580000 0.868500 0.016000 0.021000
14 0.566500 0.873000 0.017000 0.022000
12 0.552500 0.873500 0.019000 0.025000
12 0.531000 0.881500 0.016000 0.023000
14 0.520500 0.886000 0.015000 0.020000
14 0.495000 0.891500 0.014000 0.019000
9 0.483000 0.895500 0.014000 0.019000
12 0.469000 0.918000 0.014000 0.022000
12 0.424000 0.908500 0.014000 0.023000
11 0.419500 0.874000 0.017000 0.024000
12 0.307500 0.962000 0.015000 0.018000
12 0.294000 0.965000 0.018000 0.024000
12 0.281000 0.966500 0.016000 0.021000
14 0.269000 0.967500 0.016000 0.023000
14 0.355000 0.926500 0.018000 0.023000
14 0.340500 0.929500 0.017000 0.023000
14 0.330500 0.935500 0.015000 0.021000
9 0.319000 0.937000 0.014000 0.020000
14 0.309500 0.941500 0.017000 0.023000
9 0.296000 0.943500 0.014000 0.019000
9 0.283000 0.946500 0.014000 0.017000
9 0.308000 0.898000 0.022000 0.014000
14 0.301500 0.866000 0.019000 0.012000
14 0.296000 0.856500 0.020000 0.011000
14 0.294000 0.848500 0.020000 0.013000
14 0.288000 0.837500 0.024000 0.015000
13 0.251000 0.902500 0.022000 0.013000
14 0.250000 0.892500 0.022000 0.011000
9 0.247500 0.881500 0.019000 0.013000
9 0.243000 0.870500 0.020000 0.013000
14 0.240500 0.861000 0.023000 0.016000
14 0.236500 0.849500 0.023000 0.015000
11 0.523000 0.830000 0.026000 0.014000
14 0.546000 0.769000 0.012000 0.008000
11 0.567000 0.745000 0.026000 0.014000
14 0.558500 0.735500 0.023000 0.013000
14 0.553500 0.726500 0.019000 0.009000
14 0.549500 0.716500 0.021000 0.009000
14 0.547000 0.704000 0.022000 0.008000
14 0.749000 0.720500 0.022000 0.019000
14 0.739000 0.729500 0.022000 0.019000
14 0.734000 0.738500 0.022000 0.019000
14 0.724500 0.746000 0.021000 0.018000
14 0.720500 0.756500 0.023000 0.019000
14 0.713000 0.763500 0.022000 0.017000
11 0.896500 0.721000 0.065000 0.020000
14 0.770500 0.581000 0.013000 0.018000
9 0.766000 0.609500 0.012000 0.019000
9 0.620000 0.538500 0.014000 0.021000
9 0.609500 0.513000 0.023000 0.018000
9 0.635000 0.502000 0.016000 0.020000
11 0.656500 0.459500 0.013000 0.017000
14 0.436500 0.694000 0.021000 0.012000
9 0.467500 0.552500 0.017000 0.021000
9 0.480000 0.531000 0.018000 0.022000
12 0.512500 0.513000 0.021000 0.026000
14 0.408500 0.407500 0.027000 0.015000
12 0.412500 0.396000 0.027000 0.014000
14 0.357000 0.493000 0.020000 0.024000
9 0.365500 0.509000 0.017000 0.022000
14 0.336500 0.479000 0.025000 0.014000
9 0.275000 0.472500 0.016000 0.013000
11 0.384500 0.596500 0.031000 0.019000
9 0.375000 0.647500 0.014000 0.019000
14 0.419000 0.651000 0.018000 0.022000
12 0.407000 0.658500 0.018000 0.025000
12 0.382500 0.664500 0.017000 0.021000
9 0.369500 0.666500 0.015000 0.019000
9 0.330500 0.668000 0.017000 0.022000
11 0.321500 0.723000 0.045000 0.022000
11 0.240500 0.738500 0.045000 0.021000
11 0.200500 0.748000 0.027000 0.018000
14 0.281500 0.616500 0.025000 0.013000
9 0.283500 0.627500 0.025000 0.013000
9 0.296500 0.658000 0.023000 0.014000
11 0.267000 0.661500 0.028000 0.017000
11 0.221000 0.697500 0.018000 0.025000
11 0.206500 0.700500 0.021000 0.027000
14 0.209000 0.673000 0.022000 0.012000
14 0.212000 0.653500 0.022000 0.013000
14 0.210500 0.631500 0.019000 0.011000
9 0.079000 0.585000 0.024000 0.014000
11 0.238500 0.580500 0.035000 0.035000
11 0.224000 0.576000 0.034000 0.036000
11 0.209500 0.570000 0.031000 0.034000
11 0.195500 0.565500 0.033000 0.035000
11 0.180000 0.560000 0.032000 0.036000
11 0.167000 0.554000 0.032000 0.036000
11 0.152500 0.551000 0.035000 0.036000
11 0.124500 0.539000 0.041000 0.044000
11 0.108500 0.534500 0.041000 0.045000
11 0.093500 0.529000 0.041000 0.044000
11 0.079500 0.524000 0.043000 0.042000
11 0.062500 0.520500 0.043000 0.043000
11 0.045500 0.515500 0.041000 0.043000
11 0.032500 0.510500 0.039000 0.043000
11 0.018500 0.505500 0.037000 0.043000
11 0.011000 0.496000 0.022000 0.034000