25 0.292500 0.564000 0.055000 0.048000
29 0.868500 0.501000 0.047000 0.044000
29 0.957500 0.231000 0.047000 0.044000
29 0.913000 0.130500 0.038000 0.047000
19 0.976500 0.088500 0.047000 0.047000
26 0.829000 0.048000 0.060000 0.056000
26 0.834000 0.125500 0.064000 0.057000
27 0.838000 0.207500 0.108000 0.107000
27 0.829000 0.302500 0.086000 0.085000
27 0.742000 0.314500 0.108000 0.109000
25 0.713000 0.254500 0.056000 0.051000
26 0.700500 0.194000 0.057000 0.048000
26 0.680000 0.026500 0.056000 0.047000
26 0.550000 0.027000 0.056000 0.048000
25 0.560000 0.095000 0.052000 0.050000
29 0.557500 0.152000 0.051000 0.042000
25 0.569000 0.209500 0.050000 0.045000
29 0.568500 0.274500 0.041000 0.037000
29 0.555500 0.422000 0.043000 0.034000
25 0.429500 0.228500 0.055000 0.049000
25 0.425500 0.169500 0.059000 0.055000
23 0.273500 0.061500 0.053000 0.045000
29 0.281000 0.125000 0.068000 0.062000
29 0.290500 0.192000 0.065000 0.056000
25 0.298500 0.254500 0.057000 0.051000
25 0.307500 0.314500 0.057000 0.051000
29 0.305500 0.370000 0.089000 0.088000
25 0.250500 0.380000 0.049000 0.054000
27 0.180500 0.373500 0.111000 0.111000
19 0.159500 0.311000 0.051000 0.048000
23 0.155000 0.256000 0.052000 0.040000
29 0.084500 0.216000 0.035000 0.042000
26 0.151500 0.199500 0.065000 0.057000
29 0.148000 0.136500 0.074000 0.067000
25 0.031500 0.287500 0.045000 0.049000
26 0.035500 0.339500 0.069000 0.065000
26 0.041500 0.398000 0.069000 0.072000