21 0.051500 0.454000 0.089000 0.088000
21 0.101000 0.541500 0.088000 0.087000
19 0.126500 0.635000 0.049000 0.048000
21 0.112000 0.715500 0.078000 0.075000
19 0.126000 0.777500 0.066000 0.065000
19 0.175500 0.833500 0.057000 0.059000
19 0.252500 0.805000 0.057000 0.058000
21 0.510000 0.880500 0.090000 0.089000
19 0.888000 0.437000 0.056000 0.060000
25 0.967500 0.394000 0.061000 0.064000
25 0.972500 0.172500 0.055000 0.065000
26 0.892000 0.187500 0.058000 0.063000
21 0.811500 0.086000 0.099000 0.100000
29 0.397000 0.712500 0.062000 0.065000