14 0.081667 0.051250 0.030000 0.015000
14 0.268333 0.740000 0.023333 0.022500
11 0.264167 0.016250 0.045000 0.022500
9 0.262500 0.038750 0.035000 0.017500
11 0.287500 0.051875 0.078333 0.033750
11 0.296667 0.066875 0.063333 0.028750
11 0.185833 0.081250 0.035000 0.042500
9 0.126667 0.156250 0.026667 0.025000
14 0.150000 0.153750 0.030000 0.027500
9 0.169167 0.149375 0.028333 0.023750
14 0.190833 0.145625 0.021667 0.021250
9 0.226667 0.135000 0.026667 0.025000
14 0.208333 0.140000 0.030000 0.025000
9 0.243333 0.129375 0.026667 0.026250
14 0.317500 0.094375 0.035000 0.016250
11 0.335833 0.125625 0.071667 0.026250
12 0.363333 0.136875 0.070000 0.028750
9 0.115000 0.215625 0.026667 0.026250
9 0.131667 0.210625 0.023333 0.023750
9 0.154167 0.211875 0.025000 0.026250
9 0.172500 0.206250 0.025000 0.025000
14 0.189167 0.200000 0.025000 0.025000
9 0.209167 0.196250 0.028333 0.025000
9 0.228333 0.193125 0.026667 0.026250
12 0.247500 0.186250 0.028333 0.027500
12 0.265833 0.180000 0.028333 0.030000
14 0.285833 0.178750 0.021667 0.022500
9 0.304167 0.173125 0.025000 0.026250
9 0.327500 0.168125 0.021667 0.023750
13 0.810000 0.493750 0.040000 0.037500
14 0.455833 0.327500 0.045000 0.020000
12 0.182500 0.375625 0.038333 0.018750
14 0.189167 0.388125 0.035000 0.018750
9 0.200000 0.396875 0.033333 0.013750
9 0.203333 0.408750 0.040000 0.017500
14 0.229167 0.455000 0.038333 0.017500
12 0.235833 0.654375 0.018333 0.028750
12 0.201667 0.656250 0.020000 0.032500
12 0.170000 0.658125 0.016667 0.028750
12 0.143333 0.664375 0.026667 0.031250
9 0.045000 0.686250 0.023333 0.025000
12 0.029167 0.692500 0.031667 0.030000
12 0.092500 0.733750 0.025000 0.025000
14 0.199167 0.744375 0.031667 0.031250
14 0.340000 0.724375 0.023333 0.026250
14 0.510833 0.805000 0.025000 0.025000
14 0.529167 0.800625 0.028333 0.026250
14 0.493333 0.990000 0.033333 0.020000