9 0.977000 0.077500 0.022000 0.017000
14 0.197500 0.595000 0.009000 0.016000
9 0.040000 0.928000 0.008000 0.016000
14 0.008500 0.969500 0.007000 0.017000
32 0.580500 0.173000 0.481000 0.346000
32 0.492000 0.384000 0.400000 0.304000
30 0.414000 0.477000 0.182000 0.168000
30 0.856500 0.379000 0.131000 0.120000
33 0.751000 0.524000 0.044000 0.080000
33 0.834000 0.523000 0.046000 0.080000
33 0.917500 0.531000 0.047000 0.080000
33 0.752500 0.654500 0.045000 0.079000
33 0.835000 0.654000 0.046000 0.080000
33 0.919000 0.653500 0.046000 0.079000
9 0.763500 0.050500 0.017000 0.015000