29 0.925000 0.720833 0.080000 0.071667
29 0.927500 0.649167 0.075000 0.065000
29 0.930000 0.581667 0.066667 0.046667
29 0.931667 0.510833 0.070000 0.068333
29 0.976667 0.321667 0.046667 0.100000
29 0.584167 0.320833 0.081667 0.065000
24 0.568333 0.417500 0.080000 0.071667
29 0.544167 0.531667 0.068333 0.053333
29 0.157500 0.944167 0.078333 0.068333
29 0.095833 0.885000 0.078333 0.073333
29 0.026667 0.717500 0.053333 0.078333
19 0.133333 0.647500 0.090000 0.078333
19 0.119167 0.505833 0.078333 0.071667
29 0.082500 0.435833 0.068333 0.058333