9 0.846667 0.940000 0.040000 0.007500
11 0.116667 0.745000 0.053333 0.022500
9 0.359167 0.588750 0.031667 0.022500
9 0.381667 0.587500 0.036667 0.022500
9 0.406667 0.582500 0.040000 0.027500
12 0.442500 0.582500 0.045000 0.032500
14 0.472500 0.581875 0.041667 0.031250
14 0.510833 0.586250 0.025000 0.025000
12 0.541667 0.583125 0.023333 0.026250
12 0.575833 0.583750 0.025000 0.027500
12 0.601667 0.583125 0.030000 0.028750
12 0.637500 0.583750 0.035000 0.032500
9 0.665833 0.584375 0.028333 0.026250
12 0.689167 0.580000 0.035000 0.030000
12 0.555000 0.625000 0.026667 0.037500
15 0.210833 0.693750 0.098333 0.012500
12 0.120000 0.691250 0.073333 0.015000
9 0.015833 0.586875 0.025000 0.023750
14 0.037500 0.587500 0.025000 0.025000
12 0.066667 0.583750 0.030000 0.030000
12 0.324167 0.466250 0.041667 0.017500
14 0.381667 0.463125 0.040000 0.011250
14 0.408333 0.453750 0.040000 0.012500
9 0.352500 0.445625 0.048333 0.016250
12 0.339167 0.455625 0.048333 0.016250
9 0.295833 0.436875 0.038333 0.016250
12 0.288333 0.446875 0.040000 0.018750
9 0.824167 0.489375 0.031667 0.026250
11 0.970000 0.480000 0.060000 0.015000
11 0.960000 0.457500 0.080000 0.022500
12 0.831667 0.581250 0.040000 0.030000
9 0.858333 0.585625 0.030000 0.023750
12 0.880833 0.585000 0.035000 0.030000
9 0.906667 0.585000 0.033333 0.025000
9 0.935000 0.585000 0.040000 0.030000
9 0.965833 0.586250 0.035000 0.027500
9 0.987500 0.585625 0.025000 0.028750
11 0.847500 0.241875 0.055000 0.016250
9 0.620833 0.245000 0.035000 0.017500
9 0.715000 0.233125 0.030000 0.018750
14 0.754167 0.234375 0.038333 0.021250
14 0.747500 0.219375 0.035000 0.016250
14 0.708333 0.217500 0.036667 0.020000
9 0.752500 0.206250 0.038333 0.022500
14 0.715000 0.193750 0.033333 0.020000
9 0.750000 0.193125 0.036667 0.018750
9 0.750833 0.180000 0.035000 0.020000
14 0.751667 0.168125 0.033333 0.018750
9 0.750000 0.152500 0.033333 0.017500
9 0.622500 0.189375 0.035000 0.018750
9 0.618333 0.160000 0.036667 0.017500
9 0.618333 0.217500 0.030000 0.015000
9 0.625000 0.230625 0.040000 0.018750
9 0.646667 0.280000 0.023333 0.007500
9 0.528333 0.100625 0.040000 0.008750
9 0.480000 0.101250 0.036667 0.007500
14 0.243333 0.165625 0.046667 0.016250
14 0.949167 0.717500 0.041667 0.022500
14 0.925000 0.376875 0.020000 0.018750
14 0.968333 0.284375 0.023333 0.021250