35 0.331667 0.185625 0.113333 0.086250
35 0.850000 0.228750 0.066667 0.042500
9 0.756667 0.921875 0.016667 0.023750
14 0.787500 0.889375 0.015000 0.021250
14 0.642500 0.801250 0.018333 0.020000
9 0.674167 0.622500 0.041667 0.010000
14 0.720000 0.595000 0.016667 0.020000
9 0.823333 0.544375 0.020000 0.023750
9 0.726667 0.436250 0.043333 0.012500
14 0.740000 0.407500 0.030000 0.025000
9 0.823333 0.318125 0.020000 0.023750
9 0.745833 0.365000 0.035000 0.015000
9 0.645000 0.269375 0.013333 0.023750
9 0.411667 0.712500 0.030000 0.027500
12 0.391667 0.689375 0.040000 0.031250
9 0.222500 0.626875 0.031667 0.008750
11 0.132500 0.683750 0.028333 0.042500
9 0.125000 0.745000 0.020000 0.022500
14 0.106667 0.730000 0.016667 0.022500
12 0.082500 0.731250 0.028333 0.030000
11 0.291667 0.689375 0.030000 0.041250
11 0.310833 0.700000 0.028333 0.057500
11 0.264167 0.705000 0.051667 0.080000
11 0.221667 0.700625 0.023333 0.033750
13 0.172500 0.725625 0.025000 0.051250
13 0.147500 0.741875 0.021667 0.038750
9 0.060833 0.764375 0.035000 0.021250
9 0.044167 0.757500 0.035000 0.020000
9 0.043333 0.735625 0.036667 0.021250
9 0.035833 0.697500 0.038333 0.020000
9 0.037500 0.724375 0.031667 0.021250
14 0.043333 0.709375 0.030000 0.018750
9 0.032500 0.685000 0.038333 0.022500
9 0.033333 0.656875 0.026667 0.026250
9 0.425833 0.480625 0.038333 0.011250
9 0.407500 0.468750 0.038333 0.012500
9 0.234167 0.480000 0.038333 0.012500
14 0.273333 0.479375 0.033333 0.008750
9 0.305833 0.420625 0.018333 0.021250
14 0.265833 0.350625 0.035000 0.008750
14 0.269167 0.338750 0.035000 0.010000
12 0.140833 0.320625 0.045000 0.011250
11 0.250000 0.182500 0.050000 0.025000
11 0.039167 0.110000 0.048333 0.012500