9 0.942000 0.649500 0.020000 0.015000
14 0.820000 0.717000 0.018000 0.014000
14 0.772500 0.726000 0.017000 0.014000
12 0.738000 0.724500 0.026000 0.019000
15 0.604000 0.798000 0.062000 0.038000
15 0.400500 0.874500 0.063000 0.039000
11 0.241500 0.945500 0.049000 0.031000
12 0.195000 0.980000 0.038000 0.026000
11 0.277000 0.985500 0.038000 0.025000
11 0.352500 0.951500 0.049000 0.031000
11 0.364500 0.961000 0.063000 0.038000
11 0.354500 0.980500 0.051000 0.031000
9 0.409000 0.953500 0.020000 0.015000
14 0.398000 0.931500 0.016000 0.013000
12 0.474000 0.898000 0.064000 0.038000
14 0.457000 0.921500 0.022000 0.015000
14 0.502000 0.902000 0.020000 0.014000
12 0.491500 0.920000 0.027000 0.018000
14 0.538000 0.896000 0.016000 0.012000
14 0.551000 0.879000 0.020000 0.014000
14 0.595500 0.870500 0.017000 0.013000
14 0.594500 0.859000 0.015000 0.012000
11 0.629500 0.829500 0.041000 0.027000
11 0.649500 0.834500 0.039000 0.025000
11 0.668000 0.841500 0.048000 0.031000
14 0.676000 0.809000 0.020000 0.016000
14 0.708500 0.810000 0.025000 0.018000
13 0.755000 0.804000 0.030000 0.020000
13 0.772000 0.781000 0.040000 0.026000
13 0.750000 0.775500 0.030000 0.023000
11 0.808500 0.750000 0.035000 0.024000
11 0.830000 0.756000 0.050000 0.034000
14 0.807000 0.778500 0.018000 0.013000
11 0.885000 0.716000 0.050000 0.032000
11 0.896000 0.724500 0.052000 0.033000
11 0.896000 0.738500 0.048000 0.031000
9 0.957000 0.683000 0.020000 0.014000
11 0.946500 0.700500 0.023000 0.017000
12 0.959000 0.713500 0.028000 0.019000
11 0.635000 0.474500 0.030000 0.023000
12 0.698500 0.446500 0.029000 0.021000
14 0.660000 0.503000 0.018000 0.014000
14 0.520500 0.566000 0.019000 0.014000
9 0.895000 0.158000 0.018000 0.014000
14 0.891500 0.148500 0.019000 0.015000
14 0.887500 0.141000 0.017000 0.014000
14 0.881000 0.134500 0.018000 0.013000
14 0.875500 0.127000 0.017000 0.014000
14 0.870000 0.120000 0.018000 0.014000
14 0.867500 0.112000 0.017000 0.014000
14 0.862000 0.105000 0.020000 0.014000
14 0.857000 0.097500 0.020000 0.015000
14 0.851000 0.091000 0.018000 0.014000
9 0.840000 0.076500 0.024000 0.017000
9 0.833500 0.068500 0.021000 0.015000
14 0.828500 0.062000 0.015000 0.012000
14 0.824000 0.054000 0.018000 0.014000
14 0.818500 0.046500 0.019000 0.015000
14 0.814000 0.038000 0.018000 0.014000
14 0.947500 0.069500 0.019000 0.013000
12 0.877000 0.663000 0.050000 0.032000