29 0.875000 0.901500 0.076000 0.079000
25 0.022500 0.883500 0.045000 0.061000
29 0.706500 0.958500 0.047000 0.051000
25 0.548000 0.844000 0.058000 0.058000
29 0.754500 0.806500 0.053000 0.059000
29 0.805500 0.812500 0.057000 0.071000
29 0.848000 0.785000 0.050000 0.050000
29 0.815000 0.663000 0.068000 0.070000
29 0.759000 0.636000 0.076000 0.076000
19 0.710500 0.599000 0.067000 0.068000
25 0.865000 0.470500 0.058000 0.059000
25 0.971500 0.517000 0.057000 0.060000
25 0.981000 0.310500 0.038000 0.053000
29 0.964000 0.256000 0.072000 0.072000
29 0.925000 0.213000 0.062000 0.068000
26 0.830500 0.243000 0.071000 0.072000
29 0.747000 0.235500 0.052000 0.053000
26 0.616000 0.231500 0.072000 0.067000
25 0.640000 0.180000 0.064000 0.062000
26 0.668000 0.127000 0.072000 0.062000
29 0.519500 0.066000 0.073000 0.074000
29 0.080500 0.031500 0.073000 0.063000
25 0.223000 0.220500 0.058000 0.059000
29 0.166000 0.209000 0.040000 0.048000
25 0.123000 0.302500 0.066000 0.067000