27 0.119500 0.250500 0.085000 0.083000
28 0.117500 0.361500 0.097000 0.091000
28 0.122500 0.493000 0.101000 0.090000
20 0.136000 0.624000 0.094000 0.088000
27 0.134500 0.726500 0.077000 0.085000
21 0.317000 0.244500 0.086000 0.083000
27 0.320500 0.354000 0.075000 0.084000
29 0.565500 0.406500 0.073000 0.075000
20 0.336500 0.591000 0.095000 0.106000
28 0.342500 0.714000 0.097000 0.086000
27 0.142500 0.909500 0.085000 0.081000
27 0.346500 0.905500 0.085000 0.085000
27 0.595500 0.864500 0.085000 0.079000