29 0.197000 0.677500 0.038000 0.041000
29 0.249000 0.655500 0.042000 0.041000
29 0.295500 0.626000 0.051000 0.050000
29 0.378500 0.587000 0.051000 0.052000
29 0.432000 0.569500 0.032000 0.033000
29 0.479000 0.540000 0.050000 0.052000
29 0.552500 0.514500 0.023000 0.023000
29 0.650500 0.463000 0.043000 0.042000
29 0.721000 0.422500 0.050000 0.053000
29 0.774000 0.402500 0.042000 0.041000
29 0.264000 0.812500 0.050000 0.049000
29 0.310500 0.783000 0.033000 0.032000
29 0.362500 0.763500 0.047000 0.047000
29 0.445000 0.724500 0.058000 0.055000
29 0.493500 0.697500 0.037000 0.041000
29 0.543000 0.671500 0.032000 0.031000
25 0.712500 0.591500 0.063000 0.063000