25 0.213889 0.515556 0.061111 0.053333
29 0.853889 0.445556 0.052222 0.048889
29 0.952778 0.145556 0.052222 0.048889
29 0.903333 0.033889 0.042222 0.052222
26 0.815556 0.030000 0.071111 0.060000
27 0.820000 0.119444 0.120000 0.118889
27 0.810000 0.225000 0.095556 0.094444
27 0.713333 0.238333 0.120000 0.121111
25 0.681111 0.171667 0.062222 0.056667
26 0.667222 0.104444 0.063333 0.053333
29 0.508333 0.057778 0.056667 0.046667
25 0.521111 0.121667 0.055556 0.050000
29 0.520556 0.193889 0.045556 0.041111
29 0.506111 0.357778 0.047778 0.037778
25 0.366111 0.142778 0.061111 0.054444
25 0.361667 0.077222 0.065556 0.061111
29 0.200556 0.031111 0.076667 0.062222
29 0.211667 0.102222 0.072222 0.062222
25 0.220556 0.171667 0.063333 0.056667
25 0.230556 0.238333 0.063333 0.056667
29 0.228333 0.300000 0.098889 0.097778
25 0.167222 0.311111 0.054444 0.060000
27 0.089444 0.303889 0.123333 0.123333
19 0.066111 0.234444 0.056667 0.053333
23 0.061111 0.173333 0.057778 0.044444
26 0.057222 0.110556 0.072222 0.063333
29 0.053333 0.040556 0.082222 0.074444