3 0.019000 0.177000 0.038000 0.046000
3 0.048500 0.207500 0.041000 0.039000
7 0.182000 0.485500 0.108000 0.095000
7 0.193500 0.497000 0.115000 0.100000
7 0.201500 0.509500 0.065000 0.057000
7 0.239000 0.148500 0.102000 0.079000
7 0.236000 0.129000 0.084000 0.068000
7 0.226500 0.120000 0.123000 0.096000
7 0.215000 0.108500 0.104000 0.087000
7 0.197500 0.102000 0.035000 0.032000
7 0.864000 0.084500 0.098000 0.057000
7 0.865000 0.068000 0.116000 0.068000
7 0.868000 0.048500 0.098000 0.061000
7 0.893500 0.183500 0.115000 0.041000
7 0.922000 0.267000 0.094000 0.034000
5 0.959500 0.226000 0.027000 0.048000
7 0.922500 0.282500 0.119000 0.039000
7 0.930000 0.298000 0.100000 0.034000
7 0.955500 0.316500 0.077000 0.029000
7 0.945000 0.345000 0.110000 0.040000
7 0.951500 0.360000 0.097000 0.034000
7 0.946000 0.372000 0.108000 0.036000
7 0.939000 0.383500 0.122000 0.037000
7 0.935500 0.399500 0.129000 0.045000