3 0.337500 0.191667 0.067500 0.103333
3 0.306250 0.213333 0.070000 0.110000
8 0.434375 0.390833 0.131250 0.251667
8 0.408750 0.409167 0.135000 0.255000
8 0.553125 0.642500 0.081250 0.145000
8 0.531250 0.644167 0.062500 0.111667
8 0.631250 0.806667 0.097500 0.183333
8 0.610625 0.835000 0.098750 0.193333
8 0.246875 0.066667 0.073750 0.133333
8 0.276875 0.056667 0.066250 0.113333
31 0.705000 0.160000 0.040000 0.063333
31 0.735000 0.143333 0.040000 0.063333
31 0.915625 0.888333 0.046250 0.053333
31 0.926875 0.920000 0.046250 0.053333