12 0.143000 0.881000 0.014000 0.058000
14 0.599000 0.850500 0.016000 0.035000
14 0.631500 0.835500 0.009000 0.015000
12 0.632000 0.726000 0.016000 0.030000
12 0.654500 0.603500 0.015000 0.025000
14 0.630000 0.644000 0.014000 0.022000
9 0.651000 0.556000 0.014000 0.018000
14 0.681500 0.552500 0.013000 0.017000
14 0.691000 0.458500 0.014000 0.019000
14 0.728000 0.377500 0.012000 0.017000
12 0.720500 0.357500 0.019000 0.033000
9 0.706000 0.349500 0.014000 0.019000
11 0.743500 0.237500 0.021000 0.033000
14 0.759000 0.245000 0.010000 0.012000
11 0.837500 0.047000 0.029000 0.044000
11 0.808000 0.073000 0.028000 0.044000
11 0.808500 0.350000 0.023000 0.046000
9 0.805500 0.431000 0.013000 0.018000
14 0.770500 0.583500 0.013000 0.017000
14 0.777000 0.502500 0.014000 0.019000
9 0.745000 0.727000 0.012000 0.020000
11 0.691500 0.709000 0.021000 0.056000
11 0.796000 0.694000 0.014000 0.056000
12 0.797500 0.609500 0.015000 0.031000