11 0.131667 0.358125 0.056667 0.036250
14 0.023333 0.689375 0.023333 0.026250
9 0.050833 0.682500 0.035000 0.025000
12 0.066667 0.671875 0.036667 0.023750
14 0.080833 0.661875 0.031667 0.021250
14 0.127500 0.655625 0.031667 0.021250
14 0.145000 0.649375 0.033333 0.018750
14 0.169167 0.640625 0.041667 0.026250
9 0.039167 0.499375 0.031667 0.021250
9 0.092500 0.501250 0.035000 0.027500
12 0.124167 0.515625 0.028333 0.023750
12 0.141667 0.521875 0.026667 0.021250
14 0.176667 0.549375 0.030000 0.023750
14 0.188333 0.557500 0.036667 0.027500
14 0.208333 0.563750 0.030000 0.025000
12 0.225000 0.568125 0.036667 0.026250
14 0.222500 0.602500 0.035000 0.017500
9 0.234167 0.591250 0.041667 0.020000
14 0.544167 0.621250 0.025000 0.020000
12 0.604167 0.649375 0.028333 0.021250
14 0.630000 0.663750 0.030000 0.022500
12 0.660000 0.678750 0.026667 0.020000
14 0.674167 0.686875 0.028333 0.021250
9 0.573333 0.850625 0.036667 0.021250
11 0.528333 0.747500 0.130000 0.085000
12 0.720000 0.825625 0.036667 0.021250
14 0.862500 0.844375 0.031667 0.021250
12 0.950000 0.808750 0.036667 0.012500
14 0.975000 0.788125 0.033333 0.013750
14 0.827500 0.928125 0.041667 0.026250
12 0.858333 0.955000 0.036667 0.022500