14 0.592500 0.531250 0.028333 0.017500
11 0.263333 0.525000 0.036667 0.035000
14 0.532500 0.755625 0.048333 0.026250
14 0.020833 0.108125 0.041667 0.021250
14 0.345000 0.029375 0.043333 0.023750
9 0.948333 0.085000 0.030000 0.027500
12 0.340833 0.438750 0.041667 0.022500
35 0.783333 0.161250 0.060000 0.035000
14 0.697500 0.353750 0.041667 0.017500
9 0.760833 0.326875 0.048333 0.021250
12 0.893333 0.329375 0.030000 0.031250
9 0.909167 0.355625 0.025000 0.023750
14 0.431667 0.490625 0.026667 0.026250
14 0.570000 0.510000 0.036667 0.017500
12 0.506667 0.637500 0.033333 0.032500
9 0.540000 0.711250 0.020000 0.025000
9 0.895833 0.681875 0.031667 0.016250
12 0.938333 0.700625 0.033333 0.016250