14 0.262500 0.213750 0.028333 0.015000
9 0.326667 0.223125 0.036667 0.013750
11 0.518333 0.511250 0.043333 0.042500
14 0.560833 0.408750 0.025000 0.025000
12 0.665833 0.146250 0.048333 0.050000
14 0.634167 0.183750 0.035000 0.032500
10 0.832500 0.216250 0.048333 0.055000
9 0.431667 0.011875 0.016667 0.023750
9 0.416667 0.053750 0.023333 0.022500
14 0.398333 0.075000 0.026667 0.022500
14 0.370833 0.099375 0.031667 0.021250
14 0.337500 0.113125 0.035000 0.018750
14 0.302500 0.125000 0.035000 0.017500
14 0.272500 0.137500 0.035000 0.017500
14 0.238333 0.148750 0.036667 0.020000
9 0.215000 0.201250 0.036667 0.015000
9 0.165000 0.502500 0.036667 0.012500
9 0.117500 0.495000 0.038333 0.012500
9 0.081667 0.490625 0.036667 0.013750
9 0.035000 0.476250 0.040000 0.012500
9 0.600000 0.573750 0.026667 0.030000
9 0.539167 0.609375 0.021667 0.021250
9 0.566667 0.615625 0.023333 0.021250
14 0.549167 0.642500 0.021667 0.022500
9 0.473333 0.756875 0.023333 0.021250
9 0.458333 0.780000 0.020000 0.020000
12 0.577500 0.897500 0.015000 0.027500
12 0.641667 0.873125 0.046667 0.021250
15 0.749167 0.705000 0.081667 0.017500
14 0.724167 0.657500 0.025000 0.025000
12 0.694167 0.666875 0.025000 0.031250
12 0.630000 0.647500 0.023333 0.025000
14 0.593333 0.676250 0.036667 0.015000