35 0.333333 0.548750 0.120000 0.090000
35 0.712500 0.779375 0.125000 0.093750
9 0.038333 0.346875 0.023333 0.026250
14 0.262500 0.438125 0.025000 0.023750
14 0.375000 0.186250 0.013333 0.020000
14 0.241667 0.118125 0.036667 0.011250
14 0.196667 0.086875 0.016667 0.021250
14 0.175000 0.084375 0.013333 0.021250
14 0.107500 0.446875 0.038333 0.016250
14 0.643333 0.323125 0.033333 0.021250
9 0.720833 0.301250 0.038333 0.010000
9 0.790000 0.340625 0.033333 0.021250
14 0.689167 0.446250 0.031667 0.020000
14 0.393333 0.715000 0.026667 0.017500
9 0.345833 0.810000 0.031667 0.020000
9 0.045000 0.833125 0.040000 0.021250
14 0.140833 0.937500 0.028333 0.022500