14 0.907500 0.642500 0.035000 0.010000
14 0.717500 0.644375 0.035000 0.008750
14 0.665000 0.645000 0.033333 0.007500
9 0.496667 0.645000 0.036667 0.010000
9 0.455833 0.645625 0.035000 0.008750
9 0.576667 0.643125 0.030000 0.008750
14 0.615000 0.644375 0.036667 0.008750
14 0.369167 0.645625 0.031667 0.008750
9 0.318333 0.646250 0.036667 0.010000
14 0.898333 0.935625 0.033333 0.021250
9 0.926667 0.934375 0.036667 0.026250
9 0.697500 0.898125 0.018333 0.021250
9 0.751667 0.908750 0.020000 0.020000
9 0.823333 0.924375 0.020000 0.021250
9 0.805000 0.921250 0.023333 0.020000
9 0.840000 0.871875 0.023333 0.023750
9 0.805000 0.866250 0.023333 0.022500
9 0.768333 0.861250 0.020000 0.025000
14 0.550000 0.865625 0.023333 0.023750
14 0.532500 0.861250 0.021667 0.022500
12 0.404167 0.830000 0.031667 0.027500
14 0.427500 0.783125 0.041667 0.023750
14 0.538333 0.785000 0.033333 0.007500
14 0.906667 0.103125 0.030000 0.033750
14 0.976667 0.112500 0.026667 0.035000
14 0.939167 0.108750 0.028333 0.032500
14 0.873333 0.100000 0.030000 0.035000
30 0.434167 0.426875 0.358333 0.233750