2 0.135625 0.036667 0.066250 0.060000
2 0.447500 0.236667 0.075000 0.066667
2 0.437500 0.250000 0.067500 0.066667
2 0.140000 0.574167 0.067500 0.058333
2 0.113750 0.581667 0.110000 0.100000
2 0.100625 0.601667 0.113750 0.103333
2 0.376250 0.525000 0.060000 0.046667
2 0.493125 0.643333 0.078750 0.080000
2 0.296250 0.718333 0.075000 0.063333
2 0.648750 0.730000 0.077500 0.080000
2 0.831250 0.824167 0.085000 0.078333
2 0.755000 0.464167 0.067500 0.058333
2 0.750000 0.477500 0.065000 0.058333
2 0.741250 0.490833 0.062500 0.058333
2 0.733750 0.504167 0.067500 0.058333
2 0.814375 0.514167 0.061250 0.055000
2 0.811250 0.530000 0.065000 0.056667
2 0.805000 0.542500 0.065000 0.055000
2 0.798125 0.553333 0.063750 0.060000
2 0.882500 0.563333 0.062500 0.056667
2 0.875000 0.575833 0.062500 0.055000
2 0.870000 0.590000 0.067500 0.060000
2 0.863125 0.605000 0.066250 0.060000
2 0.932500 0.951667 0.082500 0.080000
2 0.572500 0.935833 0.082500 0.081667
2 0.548750 0.933333 0.027500 0.026667
2 0.523125 0.944167 0.071250 0.075000
2 0.498125 0.950000 0.073750 0.083333
2 0.464375 0.984167 0.041250 0.031667
2 0.453750 0.989167 0.032500 0.021667
2 0.222500 0.933333 0.055000 0.133333
5 0.493750 0.962500 0.097500 0.075000
2 0.146250 0.025000 0.065000 0.050000
2 0.158750 0.018333 0.052500 0.036667
2 0.200000 0.065000 0.045000 0.040000
2 0.206250 0.050833 0.045000 0.041667
35 0.937500 0.040000 0.045000 0.050000
35 0.805000 0.350833 0.030000 0.038333
35 0.558750 0.163333 0.030000 0.040000