35 0.205833 0.186875 0.201667 0.121250
9 0.077500 0.952500 0.015000 0.010000
14 0.101667 0.960000 0.036667 0.017500
9 0.192500 0.953750 0.015000 0.010000
11 0.140833 0.970625 0.038333 0.021250
14 0.221667 0.963750 0.033333 0.017500
14 0.254167 0.973750 0.028333 0.015000
14 0.285000 0.985000 0.036667 0.017500
9 0.955000 0.840000 0.026667 0.015000
14 0.936667 0.800625 0.026667 0.016250
14 0.908333 0.791250 0.033333 0.017500
9 0.870000 0.778750 0.036667 0.020000
9 0.672500 0.715625 0.035000 0.018750
9 0.629167 0.701875 0.031667 0.016250
9 0.592500 0.691250 0.018333 0.012500
9 0.188333 0.598125 0.020000 0.013750
9 0.215833 0.607500 0.035000 0.017500
9 0.180833 0.578750 0.038333 0.022500
11 0.363333 0.248125 0.050000 0.023750
11 0.357500 0.225625 0.068333 0.031250
9 0.409167 0.241875 0.028333 0.016250
9 0.441667 0.251875 0.026667 0.016250
9 0.472500 0.274375 0.038333 0.018750
9 0.490833 0.288125 0.031667 0.008750
14 0.553333 0.325625 0.046667 0.021250
9 0.557500 0.311250 0.035000 0.020000
9 0.592500 0.301875 0.035000 0.018750
14 0.598333 0.324375 0.033333 0.018750
9 0.625000 0.348125 0.046667 0.021250
11 0.665833 0.324375 0.075000 0.033750
9 0.708333 0.360625 0.036667 0.016250
14 0.730000 0.348125 0.046667 0.023750
9 0.796667 0.385625 0.026667 0.016250
14 0.843333 0.378125 0.040000 0.021250
11 0.883333 0.411875 0.046667 0.026250
9 0.933333 0.407500 0.033333 0.017500
9 0.975000 0.420625 0.036667 0.018750
11 0.981667 0.055000 0.036667 0.022500
12 0.917500 0.034375 0.048333 0.023750
12 0.940000 0.012500 0.036667 0.020000
11 0.905833 0.016875 0.058333 0.028750
14 0.841667 0.009375 0.040000 0.018750
14 0.081667 0.176875 0.023333 0.013750
14 0.056667 0.145625 0.036667 0.018750
14 0.383333 0.033125 0.023333 0.021250
9 0.342500 0.045000 0.028333 0.025000
9 0.342500 0.076250 0.025000 0.020000
14 0.313333 0.051875 0.030000 0.023750
12 0.413333 0.053750 0.026667 0.022500
11 0.388333 0.077500 0.040000 0.035000
9 0.364167 0.103750 0.025000 0.022500
9 0.306667 0.111875 0.023333 0.021250
9 0.340833 0.127500 0.025000 0.022500
14 0.225000 0.118125 0.030000 0.026250
14 0.258333 0.130625 0.026667 0.021250
14 0.250833 0.170625 0.021667 0.018750
9 0.210833 0.205000 0.018333 0.017500
9 0.121667 0.211250 0.023333 0.022500
9 0.098333 0.244375 0.023333 0.021250
14 0.116667 0.268750 0.020000 0.027500
9 0.107500 0.318125 0.025000 0.021250
9 0.086667 0.313750 0.026667 0.022500
14 0.061667 0.301250 0.023333 0.022500