26 0.313500 0.160000 0.073000 0.078000
25 0.064000 0.026500 0.066000 0.053000
25 0.035000 0.128000 0.070000 0.068000
29 0.032500 0.239000 0.061000 0.064000
26 0.221000 0.190000 0.080000 0.080000
25 0.191000 0.237500 0.078000 0.075000
26 0.361000 0.199000 0.078000 0.076000
25 0.380000 0.258500 0.066000 0.071000
25 0.412500 0.360500 0.067000 0.061000
29 0.264500 0.410000 0.055000 0.054000
25 0.101000 0.543000 0.078000 0.078000
25 0.153000 0.575000 0.080000 0.080000
26 0.223000 0.552000 0.078000 0.080000
25 0.270500 0.499000 0.067000 0.064000
25 0.249000 0.628500 0.072000 0.067000
29 0.103500 0.718500 0.093000 0.095000
29 0.196000 0.762500 0.054000 0.055000
29 0.355000 0.779000 0.052000 0.042000
19 0.216500 0.942500 0.073000 0.073000