9 0.625833 0.254375 0.021667 0.021250
9 0.394167 0.081875 0.025000 0.021250
9 0.378333 0.088125 0.026667 0.021250
14 0.281667 0.188125 0.023333 0.021250
14 0.284167 0.125000 0.028333 0.022500
14 0.233333 0.140000 0.023333 0.020000
9 0.217500 0.145625 0.025000 0.021250
9 0.200833 0.151250 0.021667 0.020000
9 0.150833 0.330000 0.025000 0.022500
9 0.134167 0.336250 0.025000 0.022500
14 0.075833 0.387500 0.028333 0.025000
14 0.054167 0.365625 0.025000 0.021250
12 0.780000 0.860625 0.063333 0.033750
14 0.824167 0.911250 0.041667 0.025000
14 0.891667 0.984375 0.036667 0.021250
14 0.988333 0.949375 0.023333 0.016250
14 0.980000 0.939375 0.030000 0.016250
14 0.962500 0.920000 0.041667 0.025000
14 0.946667 0.911875 0.030000 0.018750
9 0.933333 0.889375 0.030000 0.018750