21 0.040833 0.800000 0.081667 0.100000
21 0.420833 0.916250 0.115000 0.080000
26 0.729167 0.903750 0.105000 0.070000
21 0.415833 0.790000 0.135000 0.097500
21 0.738333 0.645000 0.143333 0.107500
21 0.411667 0.651875 0.133333 0.096250
20 0.722500 0.504375 0.155000 0.128750
25 0.221667 0.443125 0.100000 0.073750
21 0.306667 0.379375 0.186667 0.143750
22 0.708333 0.351250 0.120000 0.097500
19 0.035000 0.259375 0.070000 0.063750
28 0.394167 0.225625 0.121667 0.101250
21 0.693333 0.215000 0.120000 0.080000
26 0.032500 0.057500 0.065000 0.090000
22 0.700000 0.089375 0.110000 0.078750