28 0.095000 0.112778 0.112222 0.103333
20 0.303333 0.227778 0.108889 0.102222
27 0.430556 0.252778 0.096667 0.096667
28 0.308889 0.326111 0.128889 0.123333
23 0.448333 0.891667 0.056667 0.045556
25 0.313889 0.616667 0.054444 0.053333
29 0.970000 0.031667 0.060000 0.063333
25 0.945556 0.311667 0.053333 0.061111
27 0.868333 0.304444 0.123333 0.124444
19 0.845000 0.235000 0.056667 0.052222
23 0.840000 0.173333 0.057778 0.044444
29 0.761111 0.129444 0.040000 0.047778
26 0.835556 0.111111 0.073333 0.062222
29 0.832222 0.040556 0.082222 0.074444
25 0.680556 0.040000 0.052222 0.053333
25 0.702778 0.208889 0.050000 0.053333
26 0.706667 0.267222 0.075556 0.072222
26 0.713889 0.331667 0.076667 0.078889
27 0.640556 0.333333 0.094444 0.095556
26 0.549444 0.356667 0.076667 0.077778
19 0.524444 0.193889 0.062222 0.056667
27 0.529444 0.110556 0.110000 0.110000