25 0.201111 0.984444 0.053333 0.031111
26 0.193333 0.935556 0.066667 0.053333
19 0.195556 0.878333 0.075556 0.072222
26 0.250000 0.832778 0.073333 0.076667
19 0.322778 0.830556 0.063333 0.061111
19 0.386667 0.859444 0.068889 0.067778
24 0.410000 0.969444 0.060000 0.054444
25 0.496111 0.868889 0.054444 0.057778
25 0.571111 0.565000 0.064444 0.052222
29 0.898333 0.515000 0.061111 0.061111
19 0.579444 0.866667 0.050000 0.051111
19 0.598889 0.918889 0.051111 0.053333
19 0.807778 0.980556 0.055556 0.038889
19 0.738889 0.945556 0.051111 0.051111
25 0.739444 0.888333 0.050000 0.052222
25 0.738889 0.830556 0.057778 0.052222