9 0.585000 0.129375 0.036667 0.013750
9 0.602500 0.143750 0.041667 0.015000
9 0.808333 0.105625 0.036667 0.011250
9 0.812500 0.123125 0.035000 0.011250
14 0.935833 0.099375 0.035000 0.011250
9 0.604167 0.258750 0.035000 0.015000
14 0.712500 0.253750 0.031667 0.012500
9 0.968333 0.268125 0.033333 0.018750
12 0.700833 0.316250 0.045000 0.020000
9 0.736667 0.326875 0.036667 0.011250
9 0.756667 0.337500 0.036667 0.010000
9 0.760000 0.347500 0.033333 0.012500
11 0.766667 0.369375 0.046667 0.021250
12 0.766667 0.385625 0.046667 0.016250
11 0.783333 0.405000 0.046667 0.017500
12 0.795000 0.421250 0.033333 0.012500
12 0.794167 0.436250 0.041667 0.015000
9 0.802500 0.449375 0.028333 0.011250
12 0.809167 0.460625 0.035000 0.011250
9 0.815833 0.472500 0.035000 0.012500
14 0.817500 0.494375 0.035000 0.013750
9 0.825833 0.505625 0.031667 0.011250
9 0.828333 0.515625 0.030000 0.008750
9 0.831667 0.528125 0.033333 0.011250
12 0.831667 0.540625 0.033333 0.011250
12 0.838333 0.551250 0.036667 0.012500
14 0.833333 0.568125 0.036667 0.013750
14 0.844167 0.580000 0.035000 0.012500
12 0.691667 0.511875 0.040000 0.013750
12 0.698333 0.525000 0.043333 0.015000
12 0.705000 0.537500 0.043333 0.015000
12 0.709167 0.551250 0.041667 0.015000
9 0.715000 0.575000 0.036667 0.010000
12 0.725833 0.585000 0.045000 0.015000
12 0.841667 0.591875 0.053333 0.018750
11 0.775833 0.644375 0.031667 0.036250
12 0.807500 0.640000 0.025000 0.030000
12 0.820000 0.615625 0.033333 0.028750
12 0.838333 0.640000 0.026667 0.027500
14 0.855000 0.638125 0.020000 0.021250
12 0.591667 0.649375 0.043333 0.013750
12 0.924167 0.400000 0.048333 0.015000
9 0.940000 0.460000 0.033333 0.012500
9 0.958333 0.471875 0.036667 0.011250
1 0.874167 0.635625 0.025000 0.028750
12 0.880833 0.686250 0.075000 0.020000
14 0.710000 0.563750 0.033333 0.010000