12 0.359375 0.678333 0.026250 0.020000
14 0.963125 0.968333 0.016250 0.030000
9 0.775000 0.897500 0.017500 0.035000
9 0.761875 0.855000 0.028750 0.030000
9 0.793750 0.836667 0.020000 0.033333
11 0.820625 0.765833 0.016250 0.028333
9 0.584375 0.920833 0.021250 0.035000
9 0.600000 0.885000 0.022500 0.036667
12 0.640625 0.855000 0.026250 0.043333
14 0.510625 0.679167 0.033750 0.025000
12 0.515625 0.660000 0.033750 0.023333
14 0.446250 0.821667 0.025000 0.040000
9 0.456875 0.848333 0.021250 0.036667
14 0.420625 0.798333 0.031250 0.023333
9 0.343750 0.787500 0.020000 0.021667
9 0.098750 0.975000 0.030000 0.023333
11 0.298125 0.967500 0.043750 0.058333
11 0.280000 0.960000 0.042500 0.060000
11 0.261875 0.950000 0.038750 0.056667
11 0.244375 0.942500 0.041250 0.058333
11 0.225000 0.933333 0.040000 0.060000
11 0.208750 0.923333 0.040000 0.060000
11 0.190625 0.918333 0.043750 0.060000
11 0.155625 0.898333 0.051250 0.073333
11 0.135625 0.890833 0.051250 0.075000
11 0.116875 0.881667 0.051250 0.073333
11 0.099375 0.873333 0.053750 0.070000
11 0.078125 0.867500 0.053750 0.071667
11 0.056875 0.859167 0.051250 0.071667
11 0.040625 0.850833 0.048750 0.071667
11 0.013750 0.826667 0.027500 0.056667