14 0.740000 0.722500 0.043333 0.015000
12 0.785000 0.582500 0.040000 0.022500
9 0.774167 0.595000 0.038333 0.022500
9 0.631667 0.420625 0.036667 0.023750
9 0.237500 0.788750 0.035000 0.022500
9 0.213333 0.917500 0.033333 0.027500
9 0.275833 0.858125 0.035000 0.028750
9 0.393333 0.810000 0.030000 0.025000
12 0.305000 0.229375 0.036667 0.021250
9 0.300833 0.242500 0.038333 0.020000
9 0.185833 0.684375 0.031667 0.026250
9 0.237500 0.953125 0.031667 0.023750
9 0.347500 0.792500 0.028333 0.022500
9 0.658333 0.876250 0.036667 0.017500
9 0.880000 0.777500 0.033333 0.012500
14 0.771667 0.311875 0.033333 0.018750
9 0.954167 0.520625 0.031667 0.018750
14 0.105833 0.517500 0.035000 0.017500
9 0.172500 0.328125 0.028333 0.023750
12 0.266667 0.200625 0.036667 0.028750