30 0.829375 0.207500 0.136250 0.171667
11 0.500625 0.569167 0.036250 0.065000
11 0.885000 0.481667 0.037500 0.053333
11 0.861250 0.479167 0.040000 0.055000
11 0.838125 0.483333 0.038750 0.053333
11 0.812500 0.483333 0.035000 0.050000
11 0.787500 0.480833 0.040000 0.055000
11 0.908750 0.476667 0.040000 0.056667
11 0.763750 0.485000 0.042500 0.056667
11 0.739375 0.487500 0.038750 0.055000
11 0.718125 0.490833 0.038750 0.055000
11 0.694375 0.491667 0.041250 0.056667
11 0.671875 0.494167 0.043750 0.061667
11 0.645625 0.494167 0.041250 0.051667
11 0.620625 0.496667 0.041250 0.053333
11 0.571875 0.499167 0.036250 0.051667
11 0.917500 0.374167 0.027500 0.068333
11 0.898750 0.371667 0.032500 0.056667
11 0.874375 0.377500 0.041250 0.061667
11 0.848125 0.382500 0.036250 0.055000
11 0.826875 0.377500 0.033750 0.061667
11 0.801875 0.383333 0.031250 0.056667
11 0.777500 0.385833 0.032500 0.058333
11 0.753125 0.386667 0.031250 0.056667
11 0.731250 0.384167 0.037500 0.055000
12 0.418125 0.900000 0.038750 0.020000
12 0.379375 0.908333 0.033750 0.026667
11 0.382500 0.884167 0.062500 0.031667
11 0.367500 0.854167 0.050000 0.028333
11 0.378125 0.828333 0.066250 0.030000
11 0.368125 0.805000 0.068750 0.033333
11 0.403750 0.556667 0.017500 0.070000
11 0.167500 0.970000 0.045000 0.040000
11 0.163750 0.950000 0.045000 0.036667
11 0.159375 0.925833 0.043750 0.041667
11 0.143750 0.855000 0.045000 0.043333
11 0.156875 0.905000 0.041250 0.040000
11 0.143125 0.834167 0.046250 0.038333
11 0.136875 0.809167 0.043750 0.041667
11 0.127500 0.782500 0.042500 0.041667
11 0.124375 0.740833 0.043750 0.038333
11 0.118750 0.715000 0.045000 0.040000
11 0.111250 0.690833 0.045000 0.038333
11 0.109375 0.668333 0.048750 0.040000
11 0.108750 0.647500 0.042500 0.038333
11 0.100000 0.620833 0.047500 0.041667
11 0.095625 0.598333 0.048750 0.033333
11 0.091875 0.577500 0.048750 0.031667
11 0.090000 0.555833 0.047500 0.031667
11 0.086250 0.532500 0.047500 0.031667
11 0.705000 0.390833 0.030000 0.055000
11 0.681875 0.390833 0.031250 0.055000
11 0.657500 0.394167 0.032500 0.055000
11 0.641875 0.384167 0.033750 0.055000
11 0.550000 0.401667 0.017500 0.053333
11 0.530625 0.405000 0.021250 0.060000
11 0.511250 0.410000 0.025000 0.060000
11 0.473125 0.424167 0.026250 0.061667
11 0.454375 0.427500 0.023750 0.061667
11 0.435625 0.435000 0.023750 0.056667
11 0.413125 0.434167 0.023750 0.058333
11 0.395000 0.439167 0.025000 0.058333
11 0.357500 0.453333 0.025000 0.060000
11 0.335625 0.450000 0.021250 0.056667
11 0.316875 0.449167 0.023750 0.061667
11 0.296250 0.450000 0.022500 0.056667
11 0.276250 0.451667 0.020000 0.060000
11 0.257500 0.455833 0.025000 0.061667
11 0.238750 0.463333 0.025000 0.060000
11 0.220000 0.465833 0.022500 0.058333
11 0.201250 0.470833 0.022500 0.058333
11 0.160000 0.478333 0.025000 0.056667
11 0.141250 0.479167 0.022500 0.055000
11 0.121875 0.485833 0.023750 0.051667
11 0.102500 0.486667 0.025000 0.060000
11 0.233125 0.965000 0.033750 0.023333
12 0.256250 0.991667 0.037500 0.013333
9 0.220000 0.894167 0.027500 0.011667
14 0.431875 0.865833 0.023750 0.035000
12 0.223750 0.921667 0.032500 0.036667
12 0.212500 0.868333 0.035000 0.033333
12 0.208125 0.844167 0.026250 0.031667
9 0.348750 0.744167 0.030000 0.018333
9 0.344375 0.730000 0.026250 0.016667
9 0.341250 0.715833 0.027500 0.015000
14 0.339375 0.699167 0.028750 0.015000
9 0.333750 0.684167 0.027500 0.018333
14 0.329375 0.668333 0.031250 0.016667
12 0.327500 0.637500 0.032500 0.015000
9 0.375625 0.580000 0.018750 0.030000
14 0.345000 0.548333 0.020000 0.036667
14 0.330000 0.546667 0.015000 0.030000
14 0.317500 0.555833 0.015000 0.028333
14 0.300000 0.552500 0.012500 0.028333
9 0.283125 0.557500 0.013750 0.028333
12 0.266250 0.554167 0.015000 0.035000
9 0.248750 0.520000 0.027500 0.016667
9 0.250000 0.557500 0.017500 0.031667
14 0.223125 0.570000 0.016250 0.030000
14 0.191250 0.585833 0.017500 0.028333
14 0.173125 0.595833 0.016250 0.028333
14 0.157500 0.600833 0.017500 0.031667
14 0.353750 0.367500 0.015000 0.031667
9 0.510000 0.050833 0.030000 0.015000
14 0.544375 0.340833 0.026250 0.011667
14 0.543750 0.326667 0.025000 0.013333
9 0.532500 0.233333 0.027500 0.016667
9 0.383750 0.292500 0.015000 0.031667
9 0.397500 0.288333 0.012500 0.026667
9 0.486875 0.275833 0.016250 0.031667
12 0.471875 0.276667 0.013750 0.030000
9 0.442500 0.282500 0.012500 0.028333
9 0.413750 0.284167 0.015000 0.031667
9 0.481875 0.248333 0.013750 0.030000
9 0.467500 0.247500 0.015000 0.031667
14 0.437500 0.251667 0.015000 0.030000
9 0.423750 0.255000 0.015000 0.030000
9 0.408125 0.253333 0.013750 0.030000
9 0.394375 0.258333 0.016250 0.033333
9 0.379375 0.263333 0.016250 0.030000
14 0.308125 0.333333 0.026250 0.013333
14 0.308125 0.319167 0.026250 0.015000
14 0.309375 0.303333 0.028750 0.016667
9 0.303750 0.287500 0.027500 0.018333
9 0.301250 0.272500 0.027500 0.015000
12 0.296875 0.255833 0.031250 0.015000
9 0.298125 0.243333 0.026250 0.016667
14 0.295625 0.229167 0.026250 0.015000
9 0.291250 0.214167 0.027500 0.015000
9 0.291875 0.197500 0.023750 0.015000
9 0.288125 0.184167 0.026250 0.015000
9 0.288125 0.168333 0.026250 0.013333
12 0.289375 0.150833 0.028750 0.015000
9 0.285625 0.136667 0.031250 0.020000
9 0.283125 0.121667 0.028750 0.016667
9 0.283125 0.105833 0.031250 0.018333
9 0.271250 0.036667 0.027500 0.013333
11 0.523750 0.569167 0.040000 0.068333
11 0.545625 0.567500 0.036250 0.068333
11 0.569375 0.565000 0.041250 0.070000
11 0.596250 0.565000 0.042500 0.063333
11 0.620000 0.564167 0.045000 0.065000
11 0.713750 0.561667 0.037500 0.056667
11 0.735625 0.559167 0.038750 0.061667
11 0.761875 0.556667 0.033750 0.056667
11 0.782500 0.554167 0.035000 0.058333
11 0.809375 0.551667 0.041250 0.063333
11 0.833750 0.546667 0.047500 0.070000
11 0.882500 0.545833 0.040000 0.068333
11 0.909375 0.546667 0.041250 0.063333
11 0.470000 0.678333 0.057500 0.070000
11 0.931250 0.548333 0.035000 0.056667
11 0.496875 0.675833 0.053750 0.068333
11 0.543750 0.670833 0.062500 0.071667
11 0.567500 0.669167 0.057500 0.068333
11 0.614375 0.667500 0.053750 0.065000
11 0.341875 0.770833 0.046250 0.028333
11 0.661250 0.665833 0.055000 0.065000
11 0.686250 0.661667 0.055000 0.066667
11 0.708750 0.660000 0.047500 0.066667
11 0.735625 0.658333 0.058750 0.073333
11 0.759375 0.657500 0.048750 0.068333
11 0.876875 0.647500 0.053750 0.068333
11 0.903125 0.645833 0.056250 0.071667
11 0.920625 0.637500 0.041250 0.055000
11 0.945000 0.637500 0.040000 0.055000
11 0.968125 0.636667 0.046250 0.060000
11 0.829375 0.652500 0.048750 0.068333
11 0.807500 0.657500 0.052500 0.065000
11 0.781875 0.657500 0.048750 0.065000
11 0.478125 0.754167 0.043750 0.075000
11 0.501250 0.755833 0.045000 0.078333
11 0.523125 0.752500 0.043750 0.071667
11 0.546250 0.750833 0.042500 0.071667
11 0.594375 0.746667 0.043750 0.073333
11 0.620625 0.745000 0.043750 0.073333
11 0.644375 0.744167 0.046250 0.071667
11 0.667500 0.739167 0.045000 0.075000
11 0.691250 0.738333 0.045000 0.076667
11 0.716875 0.736667 0.041250 0.073333
11 0.741250 0.733333 0.042500 0.073333
11 0.765000 0.733333 0.040000 0.070000
11 0.785000 0.733333 0.042500 0.073333
11 0.813125 0.729167 0.041250 0.075000
11 0.834375 0.730000 0.041250 0.076667
11 0.862500 0.722500 0.042500 0.075000
11 0.885000 0.727500 0.047500 0.075000
11 0.909375 0.723333 0.043750 0.073333
11 0.933125 0.721667 0.048750 0.076667
11 0.977500 0.720000 0.042500 0.076667
11 0.625000 0.947500 0.057500 0.055000
11 0.625000 0.918333 0.060000 0.060000
11 0.619375 0.888333 0.058750 0.056667
11 0.631250 0.870000 0.057500 0.063333
11 0.647500 0.859167 0.057500 0.065000
11 0.636875 0.810833 0.048750 0.038333
11 0.691250 0.855000 0.052500 0.066667
11 0.715000 0.851667 0.050000 0.066667
11 0.740000 0.850833 0.055000 0.068333
11 0.765000 0.850833 0.055000 0.071667
11 0.785625 0.845833 0.051250 0.068333
11 0.813125 0.844167 0.048750 0.065000
11 0.836875 0.841667 0.053750 0.066667
11 0.858125 0.838333 0.053750 0.070000
14 0.682500 0.989167 0.027500 0.015000
9 0.681250 0.944167 0.027500 0.011667
9 0.716875 0.906667 0.011250 0.030000
9 0.822500 0.896667 0.012500 0.026667
9 0.926250 0.980000 0.015000 0.030000
14 0.936250 0.947500 0.012500 0.028333
11 0.884375 0.840833 0.051250 0.065000
11 0.909375 0.840833 0.051250 0.068333
11 0.933125 0.839167 0.053750 0.065000
11 0.956875 0.837500 0.056250 0.068333