14 0.790833 0.029375 0.035000 0.011250
14 0.041667 0.953750 0.036667 0.022500
14 0.129167 0.931250 0.031667 0.022500
14 0.094167 0.906250 0.028333 0.020000
14 0.253333 0.005625 0.040000 0.011250
14 0.379167 0.259375 0.018333 0.021250
14 0.378333 0.146875 0.016667 0.018750
9 0.378333 0.118125 0.016667 0.023750
9 0.378333 0.055625 0.016667 0.016250
12 0.376667 0.027500 0.020000 0.025000
14 0.487500 0.514375 0.045000 0.028750
9 0.447500 0.459375 0.045000 0.033750
9 0.210000 0.396250 0.036667 0.022500
14 0.956667 0.775625 0.040000 0.013750
14 0.950833 0.799375 0.045000 0.018750
9 0.988333 0.671875 0.010000 0.008750
14 0.686667 0.850625 0.023333 0.021250
14 0.774167 0.908125 0.035000 0.016250
9 0.412500 0.829375 0.051667 0.023750
14 0.514167 0.818750 0.028333 0.027500
35 0.182500 0.788125 0.231667 0.163750
35 0.366667 0.353125 0.133333 0.071250
9 0.892500 0.461250 0.035000 0.022500
9 0.820000 0.322500 0.040000 0.007500
9 0.720833 0.238125 0.015000 0.021250
14 0.784167 0.153750 0.025000 0.010000