14 0.953333 0.495000 0.040000 0.027500
14 0.888333 0.653750 0.036667 0.027500
14 0.927500 0.645000 0.035000 0.025000
9 0.918333 0.665625 0.030000 0.021250
14 0.919167 0.377500 0.028333 0.025000
9 0.943333 0.401875 0.030000 0.026250
9 0.764167 0.455625 0.021667 0.023750
9 0.424167 0.438750 0.028333 0.020000
9 0.451667 0.453750 0.030000 0.020000
14 0.389167 0.500625 0.035000 0.011250
9 0.429167 0.553750 0.031667 0.020000
9 0.444167 0.563750 0.031667 0.025000
14 0.666667 0.576875 0.033333 0.021250
9 0.724167 0.720000 0.038333 0.022500
9 0.804167 0.717500 0.038333 0.027500
14 0.885833 0.807500 0.031667 0.022500
14 0.917500 0.785000 0.031667 0.022500
9 0.707500 0.504375 0.038333 0.008750
13 0.189167 0.743750 0.055000 0.015000
14 0.391667 0.938125 0.040000 0.023750
14 0.417500 0.961250 0.038333 0.025000
14 0.577500 0.910625 0.048333 0.028750
14 0.660000 0.961875 0.036667 0.021250
14 0.535000 0.978125 0.043333 0.026250
14 0.632500 0.981875 0.028333 0.018750