14 0.064167 0.200625 0.021667 0.026250
14 0.319167 0.378125 0.035000 0.021250
14 0.452500 0.433125 0.031667 0.026250
14 0.600833 0.586875 0.025000 0.023750
12 0.901667 0.599375 0.036667 0.026250
14 0.893333 0.632500 0.043333 0.027500
14 0.546667 0.195000 0.033333 0.020000
12 0.673333 0.218125 0.030000 0.031250
9 0.694167 0.231875 0.035000 0.021250
14 0.705000 0.243125 0.033333 0.021250
14 0.719167 0.254375 0.035000 0.021250
14 0.840000 0.263750 0.026667 0.020000
14 0.924167 0.434375 0.035000 0.021250
14 0.965000 0.576875 0.030000 0.021250
13 0.865000 0.284375 0.036667 0.028750
14 0.798333 0.113125 0.036667 0.023750
14 0.810833 0.027500 0.028333 0.022500
14 0.803333 0.635000 0.026667 0.022500
9 0.486667 0.570000 0.030000 0.020000