29 0.477778 0.131667 0.060000 0.056667
19 0.488889 0.076667 0.068889 0.068889
29 0.550556 0.077222 0.076667 0.083333
29 0.713889 0.121667 0.052222 0.045556
27 0.920556 0.058889 0.125556 0.117778
29 0.974444 0.041667 0.051111 0.065556
29 0.926111 0.150556 0.085556 0.070000
21 0.079444 0.347778 0.101111 0.095556
27 0.097222 0.530556 0.096667 0.092222
21 0.272222 0.318333 0.100000 0.094444
29 0.493333 0.228889 0.057778 0.053333
24 0.725000 0.236111 0.067778 0.067778
25 0.930556 0.211667 0.058889 0.050000
27 0.120556 0.747778 0.094444 0.091111
21 0.132778 0.876111 0.114444 0.101111
25 0.726667 0.866111 0.057778 0.054444
25 0.870556 0.854444 0.061111 0.055556
27 0.570000 0.901111 0.097778 0.093333
25 0.819444 0.942778 0.072222 0.070000