20 0.361000 0.950500 0.122000 0.099000
22 0.406500 0.774500 0.107000 0.107000
29 0.522500 0.924000 0.087000 0.084000
20 0.631000 0.891000 0.118000 0.122000
22 0.704500 0.820000 0.109000 0.108000
21 0.652000 0.753500 0.122000 0.121000
22 0.532000 0.761000 0.094000 0.098000
22 0.603500 0.681000 0.099000 0.096000
21 0.547500 0.613500 0.121000 0.119000
20 0.459000 0.547500 0.108000 0.111000
20 0.302500 0.548000 0.097000 0.104000
21 0.293000 0.441500 0.120000 0.115000
22 0.367000 0.382500 0.092000 0.095000
20 0.454500 0.380500 0.083000 0.091000
22 0.538500 0.378500 0.095000 0.097000
22 0.602500 0.432000 0.109000 0.108000
25 0.702000 0.572500 0.064000 0.063000
20 0.368000 0.169000 0.090000 0.084000
25 0.629000 0.157500 0.048000 0.043000