27 0.209000 0.074000 0.086000 0.082000
21 0.219500 0.188500 0.103000 0.091000
25 0.755000 0.180500 0.052000 0.049000
25 0.884500 0.169000 0.055000 0.050000
27 0.613500 0.211000 0.089000 0.084000
20 0.233500 0.295000 0.105000 0.110000
20 0.242500 0.403000 0.103000 0.110000
28 0.255000 0.509500 0.102000 0.091000
28 0.424000 0.399500 0.098000 0.091000
28 0.427000 0.488500 0.114000 0.109000
26 0.624000 0.371000 0.062000 0.054000
25 0.622500 0.417000 0.061000 0.056000
25 0.640000 0.465500 0.060000 0.055000
26 0.644500 0.516000 0.069000 0.070000
26 0.778500 0.384500 0.057000 0.047000
25 0.788500 0.436500 0.059000 0.059000
27 0.727500 0.496500 0.083000 0.081000
25 0.838000 0.249000 0.064000 0.064000
26 0.907000 0.348000 0.060000 0.052000
26 0.914500 0.406000 0.063000 0.054000
26 0.930000 0.476000 0.072000 0.074000
25 0.223500 0.749000 0.055000 0.050000
29 0.371000 0.732000 0.048000 0.046000
26 0.681000 0.700500 0.060000 0.053000
21 0.725000 0.580000 0.094000 0.092000
29 0.868000 0.602500 0.058000 0.059000
25 0.958000 0.555500 0.058000 0.051000