7 0.496500 0.020000 0.047000 0.040000
6 0.532500 0.079500 0.119000 0.081000
7 0.832500 0.316500 0.031000 0.051000
7 0.826500 0.325000 0.027000 0.046000
7 0.857000 0.381000 0.034000 0.052000
7 0.859000 0.428500 0.054000 0.035000
7 0.835000 0.490500 0.048000 0.031000
7 0.839500 0.499500 0.047000 0.029000
7 0.889500 0.511500 0.029000 0.043000
7 0.882500 0.518500 0.027000 0.045000
7 0.865500 0.531000 0.027000 0.042000
7 0.857000 0.535000 0.026000 0.044000
7 0.935000 0.619000 0.038000 0.058000
7 0.933000 0.702000 0.052000 0.034000
7 0.967500 0.727500 0.029000 0.045000
7 0.988500 0.709500 0.023000 0.049000
7 0.983500 0.714000 0.029000 0.050000
7 0.978500 0.802500 0.043000 0.031000