29 0.913000 0.701000 0.074000 0.068000
22 0.913500 0.791500 0.085000 0.077000
29 0.932000 0.880000 0.068000 0.054000
28 0.928500 0.961500 0.097000 0.077000
27 0.574000 0.713000 0.082000 0.082000
29 0.583000 0.804500 0.084000 0.081000
22 0.594000 0.895000 0.076000 0.078000
22 0.597500 0.972000 0.075000 0.056000
20 0.371500 0.734500 0.093000 0.087000
29 0.383500 0.837500 0.087000 0.079000
27 0.391500 0.943500 0.083000 0.083000
29 0.088000 0.955500 0.054000 0.055000
19 0.092500 0.808000 0.059000 0.056000
25 0.036500 0.733500 0.065000 0.065000