20 0.198000 0.050000 0.116000 0.100000
22 0.107500 0.567000 0.099000 0.100000
25 0.394500 0.940500 0.061000 0.063000
22 0.776000 0.924000 0.104000 0.102000
26 0.978500 0.547500 0.043000 0.059000
20 0.925000 0.591500 0.118000 0.121000
20 0.763500 0.693000 0.133000 0.130000
26 0.678500 0.756500 0.067000 0.069000
26 0.601000 0.799500 0.064000 0.069000
29 0.790500 0.139500 0.049000 0.049000
20 0.559500 0.268500 0.133000 0.129000
21 0.464000 0.337000 0.118000 0.120000
20 0.381000 0.389000 0.132000 0.128000