22 0.510000 0.048500 0.104000 0.097000
21 0.572500 0.222500 0.095000 0.091000
21 0.562500 0.297500 0.097000 0.097000
19 0.478000 0.373500 0.062000 0.063000
19 0.605000 0.367000 0.064000 0.064000
21 0.673000 0.394500 0.080000 0.083000
21 0.751500 0.454000 0.089000 0.088000
21 0.801000 0.541500 0.088000 0.087000
19 0.826500 0.635000 0.049000 0.048000
21 0.812000 0.715500 0.078000 0.075000
19 0.826000 0.777500 0.066000 0.065000
19 0.498000 0.665000 0.060000 0.064000
19 0.875500 0.833500 0.057000 0.059000
19 0.952500 0.805000 0.057000 0.058000