25 0.546000 0.224000 0.048000 0.050000
25 0.600000 0.230000 0.048000 0.048000
26 0.436000 0.550500 0.066000 0.071000
29 0.513500 0.503000 0.059000 0.054000
28 0.586000 0.412000 0.094000 0.104000
22 0.674500 0.422500 0.085000 0.089000
22 0.779000 0.432000 0.088000 0.094000
29 0.868000 0.443500 0.084000 0.089000
29 0.955500 0.455500 0.085000 0.089000
28 0.899500 0.634000 0.095000 0.104000
22 0.810500 0.620000 0.087000 0.092000
22 0.720500 0.614000 0.085000 0.088000
22 0.633500 0.602000 0.085000 0.088000
19 0.562000 0.600000 0.068000 0.066000