29 0.332000 0.039000 0.052000 0.060000
29 0.381000 0.070000 0.060000 0.062000
22 0.432500 0.084500 0.085000 0.085000
29 0.474000 0.051000 0.048000 0.048000
25 0.283500 0.202000 0.061000 0.060000
29 0.331000 0.221500 0.046000 0.045000
26 0.577500 0.226000 0.065000 0.068000
29 0.347000 0.277000 0.050000 0.050000
29 0.290500 0.359000 0.051000 0.060000
25 0.231000 0.356500 0.062000 0.063000
25 0.042000 0.514000 0.062000 0.060000
29 0.141000 0.565000 0.058000 0.060000
25 0.330500 0.701000 0.061000 0.064000
29 0.271000 0.882500 0.064000 0.063000
29 0.427500 0.838000 0.039000 0.042000