2 0.198333 0.297500 0.103333 0.060000
2 0.441667 0.368125 0.113333 0.058750
2 0.340000 0.098125 0.090000 0.043750
2 0.333333 0.108125 0.086667 0.043750
2 0.321667 0.118125 0.083333 0.043750
2 0.311667 0.128125 0.090000 0.043750
2 0.419167 0.135625 0.081667 0.041250
2 0.415000 0.147500 0.086667 0.042500
2 0.406667 0.156875 0.086667 0.041250
2 0.397500 0.165000 0.085000 0.045000
2 0.510000 0.172500 0.083333 0.042500
2 0.500000 0.181875 0.083333 0.041250
2 0.493333 0.192500 0.090000 0.045000
2 0.484167 0.203750 0.088333 0.045000
2 0.725833 0.278750 0.051667 0.027500
2 0.715000 0.285625 0.053333 0.023750
2 0.576667 0.463750 0.110000 0.060000
2 0.096667 0.451875 0.110000 0.061250
2 0.065000 0.450000 0.036667 0.020000
2 0.039167 0.459375 0.078333 0.053750
4 0.177500 0.581250 0.061667 0.035000
5 0.396667 0.589375 0.093333 0.043750
4 0.403333 0.609375 0.043333 0.018750
2 0.734167 0.576875 0.055000 0.036250
2 0.723333 0.586875 0.086667 0.048750
2 0.728333 0.602500 0.046667 0.030000
2 0.543333 0.668750 0.056667 0.037500
2 0.520000 0.670625 0.100000 0.063750
2 0.502500 0.676875 0.045000 0.031250
2 0.946667 0.636250 0.040000 0.030000
2 0.940833 0.648750 0.085000 0.060000
2 0.925000 0.659375 0.096667 0.066250
2 0.648333 0.763750 0.050000 0.027500
2 0.644167 0.770625 0.038333 0.026250
2 0.638333 0.776875 0.040000 0.023750
2 0.105000 0.734375 0.060000 0.046250
2 0.118333 0.741875 0.066667 0.046250
2 0.130000 0.748750 0.066667 0.050000
2 0.282500 0.753750 0.145000 0.022500
2 0.274167 0.772500 0.131667 0.022500
2 0.281667 0.790625 0.136667 0.026250
2 0.595000 0.945625 0.106667 0.093750
7 0.929167 0.909375 0.141667 0.101250
2 0.926667 0.931875 0.096667 0.063750
2 0.914167 0.949375 0.095000 0.063750
2 0.904167 0.965625 0.091667 0.056250
7 0.880833 0.969375 0.105000 0.061250