19 0.174000 0.253000 0.068000 0.068000
29 0.582000 0.314000 0.076000 0.078000
25 0.059000 0.494500 0.068000 0.069000
29 0.101500 0.463500 0.063000 0.063000
29 0.142500 0.430000 0.065000 0.066000
25 0.182500 0.396000 0.067000 0.068000
25 0.224000 0.362500 0.066000 0.067000
25 0.512000 0.367000 0.068000 0.068000
25 0.075500 0.719000 0.067000 0.068000
25 0.181500 0.638500 0.067000 0.069000
22 0.649500 0.760000 0.107000 0.108000
29 0.718000 0.710500 0.092000 0.093000
20 0.857000 0.592000 0.116000 0.118000
29 0.414000 0.966500 0.062000 0.061000
20 0.576500 0.816000 0.117000 0.118000