7 0.780833 0.725000 0.115000 0.100000
7 0.447500 0.653125 0.165000 0.136250
7 0.472500 0.639375 0.125000 0.103750
7 0.500000 0.630000 0.153333 0.125000
7 0.525833 0.615625 0.148333 0.123750
7 0.551667 0.607500 0.096667 0.080000
7 0.491667 0.551875 0.130000 0.023750
7 0.979167 0.500000 0.041667 0.067500
5 0.853333 0.560625 0.053333 0.066250
7 0.960000 0.296875 0.080000 0.106250
7 0.567500 0.273750 0.131667 0.127500
7 0.584167 0.251250 0.118333 0.117500
7 0.613333 0.249375 0.116667 0.113750
7 0.634167 0.231250 0.115000 0.112500
7 0.653333 0.216875 0.110000 0.111250
7 0.683333 0.208750 0.116667 0.115000
5 0.462500 0.348750 0.151667 0.125000
3 0.471667 0.316250 0.060000 0.055000
5 0.785833 0.158750 0.121667 0.165000
3 0.771667 0.196250 0.050000 0.062500
5 0.965000 0.129375 0.070000 0.128750
3 0.953333 0.145625 0.040000 0.048750
3 0.934167 0.097500 0.035000 0.042500
7 0.145000 0.218750 0.100000 0.075000