19 0.928889 0.637222 0.066667 0.067778
19 0.855556 0.703333 0.068889 0.068889
19 0.797778 0.741667 0.066667 0.067778
19 0.854444 0.837778 0.068889 0.066667
19 0.701111 0.804444 0.066667 0.066667
19 0.651111 0.832778 0.071111 0.072222
26 0.518889 0.796667 0.077778 0.073333
24 0.489444 0.746111 0.072222 0.070000
26 0.415000 0.635000 0.078889 0.074444
25 0.377778 0.586667 0.068889 0.068889
25 0.351111 0.535556 0.071111 0.068889
35 0.187222 0.087222 0.061111 0.061111
35 0.376667 0.368889 0.073333 0.068889