25 0.302500 0.132500 0.067000 0.063000
25 0.364000 0.213000 0.068000 0.066000
26 0.426500 0.297000 0.073000 0.070000
29 0.470500 0.046500 0.061000 0.063000
25 0.513000 0.095500 0.070000 0.069000
19 0.096500 0.398000 0.071000 0.072000
25 0.282500 0.441000 0.073000 0.074000
25 0.315000 0.496000 0.070000 0.068000
25 0.698500 0.128000 0.071000 0.072000
20 0.379500 0.781000 0.117000 0.116000
29 0.320500 0.819000 0.061000 0.062000
31 0.120000 0.796000 0.042000 0.044000
31 0.137000 0.784000 0.042000 0.044000