7 0.052500 0.420000 0.055000 0.060000
7 0.048750 0.435000 0.052500 0.056667
7 0.039375 0.448333 0.048750 0.053333
7 0.055000 0.515833 0.040000 0.068333
7 0.046250 0.509167 0.037500 0.061667
7 0.038125 0.501667 0.038750 0.066667
7 0.027500 0.490000 0.037500 0.060000
7 0.019375 0.481667 0.036250 0.060000
7 0.014375 0.472500 0.028750 0.065000
7 0.010000 0.610833 0.020000 0.031667
7 0.008125 0.604167 0.016250 0.035000
6 0.645000 0.102500 0.022500 0.101667
6 0.662500 0.152500 0.067500 0.258333
6 0.635625 0.418333 0.041250 0.166667
5 0.451250 0.315000 0.062500 0.093333
5 0.438125 0.393333 0.081250 0.096667
6 0.615625 0.593333 0.046250 0.046667
1 0.620625 0.584167 0.018750 0.021667
5 0.984375 0.200000 0.031250 0.063333