25 0.158000 0.911000 0.050000 0.050000
19 0.462500 0.618000 0.063000 0.064000
25 0.034000 0.633000 0.060000 0.060000
25 0.086500 0.597000 0.057000 0.056000
26 0.043500 0.497500 0.065000 0.067000
25 0.443500 0.438000 0.047000 0.050000
22 0.350000 0.392000 0.082000 0.082000
29 0.601500 0.455500 0.045000 0.037000
19 0.349000 0.216000 0.066000 0.066000
19 0.398000 0.249000 0.066000 0.066000
26 0.494000 0.306000 0.064000 0.054000
26 0.470000 0.229000 0.066000 0.070000
19 0.518500 0.174000 0.061000 0.060000
25 0.510500 0.085000 0.049000 0.046000
29 0.658000 0.036500 0.048000 0.049000