29 0.245000 0.774375 0.103333 0.073750
26 0.059167 0.712500 0.108333 0.085000
29 0.133333 0.675625 0.093333 0.068750
25 0.221667 0.618750 0.100000 0.075000
19 0.320833 0.576250 0.101667 0.077500
26 0.510833 0.479375 0.108333 0.086250
19 0.621667 0.405625 0.100000 0.076250
26 0.748333 0.343125 0.110000 0.086250
19 0.875000 0.282500 0.096667 0.072500
25 0.061667 0.372500 0.103333 0.080000
25 0.140833 0.341875 0.105000 0.078750
25 0.303333 0.267500 0.106667 0.082500
25 0.373333 0.227500 0.106667 0.080000