28 0.230556 0.045556 0.138889 0.091111
28 0.044444 0.335000 0.088889 0.098889
20 0.046667 0.436667 0.093333 0.093333
28 0.231111 0.310000 0.111111 0.106667
20 0.064444 0.642222 0.111111 0.117778
20 0.078889 0.770556 0.111111 0.121111
25 0.300000 0.717778 0.055556 0.055556
28 0.093889 0.889444 0.112222 0.103333
19 0.422222 0.030000 0.068889 0.060000
25 0.657778 0.020000 0.064444 0.040000
25 0.672778 0.065556 0.067778 0.066667
25 0.660556 0.126667 0.067778 0.066667
25 0.880556 0.169444 0.058889 0.056667
25 0.867222 0.105556 0.054444 0.053333
26 0.859444 0.046111 0.065556 0.052222
23 0.970000 0.735000 0.060000 0.050000
29 0.970556 0.805000 0.058889 0.070000
23 0.838889 0.951111 0.057778 0.044444
29 0.760556 0.906667 0.038889 0.046667
26 0.835000 0.888333 0.072222 0.063333
29 0.831111 0.818333 0.082222 0.074444
25 0.680000 0.817778 0.051111 0.053333
25 0.701667 0.979444 0.050000 0.041111
19 0.524444 0.971111 0.062222 0.057778
27 0.528333 0.887778 0.110000 0.108889