2 0.981250 0.127500 0.037500 0.131667
2 0.806250 0.202500 0.065000 0.155000
2 0.863750 0.524167 0.047500 0.135000
2 0.400625 0.081667 0.023750 0.076667
2 0.415625 0.080000 0.021250 0.086667
2 0.428750 0.080833 0.015000 0.065000
2 0.443750 0.090000 0.022500 0.093333
2 0.458125 0.085833 0.026250 0.085000
2 0.471875 0.086667 0.021250 0.070000
2 0.482500 0.078333 0.020000 0.060000
2 0.494375 0.075833 0.023750 0.061667
2 0.528750 0.265833 0.035000 0.085000
2 0.543750 0.259167 0.047500 0.111667
2 0.518125 0.274167 0.033750 0.068333
2 0.599375 0.500833 0.026250 0.075000
2 0.610625 0.501667 0.028750 0.073333
2 0.629375 0.510000 0.038750 0.106667
2 0.646250 0.516667 0.027500 0.070000
2 0.656250 0.512500 0.027500 0.068333
2 0.665625 0.508333 0.028750 0.066667
2 0.475625 0.948333 0.046250 0.070000
2 0.487500 0.945000 0.047500 0.066667
2 0.497500 0.938333 0.040000 0.056667
2 0.518125 0.923333 0.041250 0.060000
2 0.506250 0.930000 0.045000 0.063333
2 0.525000 0.913333 0.047500 0.070000
2 0.532500 0.893333 0.062500 0.086667
2 0.551250 0.891667 0.045000 0.060000
2 0.558750 0.880000 0.047500 0.063333
2 0.566250 0.870000 0.040000 0.056667
2 0.574375 0.857500 0.043750 0.058333