26 0.175625 0.445833 0.091250 0.118333
25 0.318125 0.443333 0.076250 0.100000
21 0.419375 0.450000 0.136250 0.180000
25 0.518125 0.346667 0.058750 0.080000
21 0.240000 0.725833 0.102500 0.138333
29 0.346875 0.726667 0.081250 0.116667
19 0.657500 0.230833 0.065000 0.081667
19 0.661875 0.317500 0.063750 0.078333
29 0.668750 0.405000 0.055000 0.076667
25 0.672500 0.491667 0.057500 0.076667
29 0.684375 0.691667 0.056250 0.066667
21 0.916875 0.230000 0.126250 0.150000
29 0.927500 0.413333 0.125000 0.180000
22 0.924375 0.599167 0.106250 0.138333
21 0.942500 0.765000 0.115000 0.153333