20 0.807000 0.208500 0.134000 0.135000
27 0.757500 0.455000 0.109000 0.110000
29 0.851500 0.424500 0.045000 0.049000
27 0.927000 0.513500 0.110000 0.111000
27 0.802000 0.963500 0.106000 0.073000
29 0.719000 0.938000 0.116000 0.116000
27 0.645000 0.896000 0.104000 0.106000
29 0.569500 0.841000 0.115000 0.120000
29 0.482000 0.813500 0.114000 0.117000
25 0.082000 0.673500 0.068000 0.067000
21 0.321500 0.818000 0.123000 0.130000
29 0.399000 0.944500 0.124000 0.111000
19 0.700500 0.473000 0.065000 0.068000
26 0.675000 0.520000 0.074000 0.070000
29 0.823000 0.465500 0.038000 0.049000
29 0.883000 0.441000 0.052000 0.050000
25 0.874500 0.682500 0.067000 0.067000
29 0.941000 0.709500 0.078000 0.079000
25 0.921000 0.949000 0.074000 0.076000
25 0.961000 0.911000 0.078000 0.078000
20 0.957000 0.378000 0.086000 0.128000