21 0.132778 0.098333 0.114444 0.101111
25 0.727778 0.089444 0.057778 0.054444
25 0.871667 0.076667 0.061111 0.055556
27 0.570556 0.123333 0.098889 0.093333
20 0.148333 0.216667 0.116667 0.122222
20 0.158333 0.336667 0.114444 0.122222
28 0.172222 0.455000 0.113333 0.101111
28 0.360000 0.332778 0.108889 0.101111
28 0.363333 0.431667 0.126667 0.121111
26 0.582222 0.301111 0.068889 0.060000
25 0.580556 0.352222 0.067778 0.062222
25 0.600000 0.406111 0.066667 0.061111
26 0.605000 0.462222 0.076667 0.077778
26 0.753889 0.316111 0.063333 0.052222
25 0.765000 0.373889 0.065556 0.065556
27 0.697222 0.440556 0.092222 0.090000
25 0.820000 0.165556 0.071111 0.071111
26 0.896667 0.275556 0.066667 0.057778
26 0.905000 0.340000 0.070000 0.060000
26 0.922222 0.417778 0.080000 0.082222
25 0.137222 0.721111 0.061111 0.055556
29 0.301111 0.702222 0.053333 0.051111
26 0.645556 0.667222 0.066667 0.058889
21 0.694444 0.533333 0.104444 0.102222
29 0.853333 0.558333 0.064444 0.065556
25 0.953333 0.506111 0.064444 0.056667