35 0.238000 0.854000 0.086000 0.086000
35 0.744500 0.383000 0.093000 0.092000
9 0.580500 0.988500 0.013000 0.017000
9 0.559500 0.983500 0.017000 0.021000
12 0.518500 0.970000 0.015000 0.022000
9 0.370500 0.926500 0.013000 0.017000
12 0.674500 0.375000 0.031000 0.028000
9 0.979000 0.585000 0.024000 0.014000
11 0.849000 0.544000 0.028000 0.016000
11 0.986500 0.530500 0.027000 0.041000
11 0.979000 0.523500 0.042000 0.043000
11 0.962500 0.520500 0.043000 0.043000
11 0.945500 0.515500 0.041000 0.043000
11 0.932500 0.510500 0.039000 0.043000
11 0.917500 0.505500 0.039000 0.043000
11 0.902000 0.500000 0.040000 0.042000
11 0.886500 0.497000 0.039000 0.042000
11 0.872500 0.490000 0.041000 0.042000
11 0.857500 0.486500 0.039000 0.043000
11 0.843000 0.483500 0.038000 0.039000
11 0.828500 0.477000 0.039000 0.042000
11 0.810000 0.475000 0.038000 0.042000
11 0.797000 0.467500 0.038000 0.039000
11 0.764500 0.459500 0.039000 0.041000
11 0.750000 0.453500 0.038000 0.043000
12 0.766500 0.379000 0.025000 0.022000
14 0.698500 0.405000 0.017000 0.016000
14 0.574000 0.463000 0.022000 0.020000
14 0.586500 0.453500 0.019000 0.019000
14 0.596000 0.446500 0.020000 0.019000
14 0.604000 0.438000 0.022000 0.020000
12 0.614000 0.429000 0.022000 0.020000
14 0.633500 0.414000 0.019000 0.018000
14 0.643500 0.399000 0.019000 0.022000
9 0.617500 0.396000 0.021000 0.020000
9 0.609000 0.404500 0.022000 0.023000
14 0.595000 0.413000 0.022000 0.020000
14 0.586000 0.424000 0.018000 0.018000
14 0.576000 0.434500 0.020000 0.019000
9 0.564500 0.443500 0.019000 0.019000
9 0.555000 0.451000 0.018000 0.018000
9 0.546500 0.481500 0.019000 0.019000
12 0.525500 0.495000 0.021000 0.020000
14 0.517000 0.503000 0.018000 0.016000
9 0.509000 0.509500 0.020000 0.019000
14 0.500000 0.519000 0.022000 0.020000
14 0.496000 0.527500 0.018000 0.017000
14 0.486500 0.537500 0.017000 0.015000
9 0.476000 0.547000 0.020000 0.018000
14 0.468000 0.555500 0.018000 0.017000
12 0.456500 0.565000 0.023000 0.020000
12 0.440500 0.576000 0.019000 0.018000
9 0.426000 0.589500 0.020000 0.019000
14 0.416500 0.598500 0.017000 0.017000
9 0.405500 0.606500 0.021000 0.019000
9 0.531000 0.658500 0.022000 0.015000
14 0.549000 0.674000 0.020000 0.022000
9 0.527000 0.735000 0.022000 0.018000
9 0.422000 0.721500 0.024000 0.013000
14 0.304000 0.788000 0.020000 0.022000
14 0.012500 0.851000 0.017000 0.020000
14 0.045500 0.400000 0.017000 0.016000
9 0.054000 0.392000 0.016000 0.014000
12 0.035500 0.550000 0.015000 0.024000
9 0.054000 0.567500 0.012000 0.019000