12 0.868333 0.137500 0.046667 0.030000
9 0.820000 0.115000 0.036667 0.022500
14 0.894167 0.224375 0.031667 0.026250
14 0.511667 0.366250 0.030000 0.022500
12 0.406667 0.315625 0.036667 0.023750
14 0.411667 0.418750 0.036667 0.010000
9 0.261667 0.203125 0.046667 0.021250
14 0.180833 0.066875 0.035000 0.028750
12 0.159167 0.070625 0.031667 0.031250
9 0.136667 0.071875 0.026667 0.023750
9 0.412500 0.655000 0.041667 0.010000
9 0.413333 0.643750 0.043333 0.010000
9 0.515833 0.723125 0.045000 0.008750
9 0.455000 0.701875 0.016667 0.021250
14 0.414167 0.746250 0.045000 0.012500
14 0.517500 0.783125 0.035000 0.011250
14 0.519167 0.797500 0.038333 0.010000
11 0.167500 0.980625 0.021667 0.028750
9 0.520000 0.656875 0.036667 0.006250