14 0.012500 0.296875 0.021667 0.023750
14 0.050833 0.293750 0.018333 0.020000
14 0.084167 0.273750 0.031667 0.010000
14 0.080833 0.260000 0.031667 0.010000
14 0.080000 0.250000 0.030000 0.010000
14 0.071667 0.230000 0.030000 0.010000
14 0.068333 0.217500 0.033333 0.010000
9 0.065000 0.206875 0.033333 0.011250
9 0.059167 0.169375 0.038333 0.013750
12 0.052500 0.158750 0.038333 0.012500
9 0.053333 0.147500 0.036667 0.012500
14 0.051667 0.135000 0.033333 0.012500
12 0.910000 0.868125 0.043333 0.031250
14 0.940833 0.873125 0.035000 0.026250
12 0.963333 0.877500 0.033333 0.027500
14 0.979167 0.885000 0.038333 0.027500
11 0.970833 0.908750 0.051667 0.037500
14 0.975000 0.773750 0.033333 0.027500