9 0.982000 0.007000 0.036000 0.014000
14 0.958000 0.220000 0.040000 0.016000
14 0.954000 0.238000 0.040000 0.016000
9 0.959000 0.255000 0.046000 0.014000
9 0.959000 0.276000 0.046000 0.012000
9 0.958000 0.313000 0.032000 0.014000
33 0.029000 0.901000 0.058000 0.162000
33 0.211000 0.901000 0.090000 0.158000
33 0.360000 0.899000 0.088000 0.162000
33 0.507000 0.900000 0.090000 0.160000
9 0.114000 0.595000 0.016000 0.026000
9 0.261000 0.595000 0.018000 0.030000
9 0.285000 0.594000 0.018000 0.028000
9 0.329000 0.597000 0.018000 0.026000
9 0.374000 0.597000 0.016000 0.026000
9 0.036000 0.679000 0.024000 0.030000
9 0.184000 0.683000 0.020000 0.030000
9 0.208000 0.683000 0.016000 0.026000
14 0.337000 0.682000 0.014000 0.024000
9 0.377000 0.687000 0.014000 0.026000
9 0.403000 0.685000 0.014000 0.022000
14 0.452000 0.685000 0.024000 0.042000
9 0.537000 0.714000 0.034000 0.012000
9 0.749000 0.933000 0.030000 0.038000
14 0.789000 0.943000 0.030000 0.038000
9 0.812000 0.945000 0.028000 0.034000
9 0.983000 0.984000 0.026000 0.032000
14 0.030000 0.589000 0.020000 0.030000
9 0.049000 0.591000 0.018000 0.034000
14 0.071000 0.589000 0.022000 0.038000
9 0.092000 0.586000 0.016000 0.032000
14 0.132000 0.591000 0.016000 0.030000
9 0.153000 0.593000 0.018000 0.034000
9 0.304000 0.597000 0.020000 0.030000
9 0.440000 0.599000 0.020000 0.030000
9 0.463000 0.595000 0.018000 0.030000
13 0.427000 0.686000 0.018000 0.032000
12 0.228000 0.684000 0.020000 0.032000
14 0.352000 0.595000 0.016000 0.030000
14 0.548000 0.682000 0.032000 0.012000