11 0.801000 0.683000 0.058000 0.078000
11 0.980000 0.596000 0.040000 0.064000
11 0.915000 0.599000 0.058000 0.062000
11 0.605000 0.988000 0.106000 0.024000
11 0.589000 0.966000 0.110000 0.040000
11 0.646000 0.668000 0.028000 0.084000
11 0.229000 0.989000 0.074000 0.022000
11 0.219000 0.971000 0.070000 0.050000
11 0.204000 0.939000 0.068000 0.050000
11 0.199000 0.889000 0.070000 0.046000
11 0.190000 0.858000 0.072000 0.048000
11 0.178000 0.829000 0.072000 0.046000
11 0.175000 0.802000 0.078000 0.048000
11 0.174000 0.777000 0.068000 0.046000
11 0.160000 0.745000 0.076000 0.050000
11 0.153000 0.718000 0.078000 0.040000
11 0.147000 0.693000 0.078000 0.038000
11 0.144000 0.667000 0.076000 0.038000
11 0.138000 0.639000 0.076000 0.038000
11 0.880000 0.482000 0.028000 0.064000
11 0.849000 0.486000 0.034000 0.072000
11 0.818000 0.492000 0.040000 0.072000
11 0.786000 0.499000 0.040000 0.070000
11 0.757000 0.509000 0.042000 0.074000
11 0.727000 0.513000 0.038000 0.074000
11 0.697000 0.522000 0.038000 0.068000
11 0.661000 0.521000 0.038000 0.070000
11 0.632000 0.527000 0.040000 0.070000
11 0.572000 0.544000 0.040000 0.072000
11 0.537000 0.540000 0.034000 0.068000
11 0.507000 0.539000 0.038000 0.074000
11 0.474000 0.540000 0.036000 0.068000
11 0.442000 0.542000 0.032000 0.072000
11 0.412000 0.547000 0.040000 0.074000
11 0.382000 0.556000 0.040000 0.072000
11 0.352000 0.559000 0.036000 0.070000
11 0.322000 0.565000 0.036000 0.070000
11 0.256000 0.574000 0.040000 0.068000
11 0.226000 0.575000 0.036000 0.066000
11 0.195000 0.583000 0.038000 0.062000
11 0.164000 0.584000 0.040000 0.072000
12 0.333000 0.997000 0.042000 0.006000
9 0.558000 0.893000 0.048000 0.022000
9 0.551000 0.876000 0.042000 0.020000
9 0.546000 0.859000 0.044000 0.018000
14 0.543000 0.839000 0.046000 0.018000
9 0.534000 0.821000 0.044000 0.022000
14 0.527000 0.802000 0.050000 0.020000
12 0.524000 0.765000 0.052000 0.018000
9 0.601000 0.696000 0.030000 0.036000
14 0.552000 0.658000 0.032000 0.044000
14 0.528000 0.656000 0.024000 0.036000
14 0.508000 0.667000 0.024000 0.034000
14 0.480000 0.663000 0.020000 0.034000
9 0.453000 0.669000 0.022000 0.034000
12 0.426000 0.665000 0.024000 0.042000
9 0.398000 0.624000 0.044000 0.020000
9 0.400000 0.669000 0.028000 0.038000
14 0.357000 0.684000 0.026000 0.036000
14 0.306000 0.703000 0.028000 0.034000
14 0.277000 0.715000 0.026000 0.034000
14 0.252000 0.721000 0.028000 0.038000
14 0.566000 0.441000 0.024000 0.038000
9 0.816000 0.061000 0.048000 0.018000
14 0.871000 0.409000 0.042000 0.014000
14 0.870000 0.392000 0.040000 0.016000
9 0.852000 0.280000 0.044000 0.020000
9 0.614000 0.351000 0.024000 0.038000
9 0.636000 0.346000 0.020000 0.032000
9 0.779000 0.331000 0.026000 0.038000
12 0.755000 0.332000 0.022000 0.036000
9 0.708000 0.339000 0.020000 0.034000
9 0.662000 0.341000 0.024000 0.038000
9 0.771000 0.298000 0.022000 0.036000
9 0.748000 0.297000 0.024000 0.038000
14 0.700000 0.302000 0.024000 0.036000
9 0.678000 0.306000 0.024000 0.036000
9 0.653000 0.304000 0.022000 0.036000
9 0.631000 0.310000 0.026000 0.040000
9 0.607000 0.316000 0.026000 0.036000
14 0.493000 0.400000 0.042000 0.016000
14 0.493000 0.383000 0.042000 0.018000
14 0.495000 0.364000 0.046000 0.020000
9 0.486000 0.345000 0.044000 0.022000
9 0.482000 0.327000 0.044000 0.018000
12 0.475000 0.307000 0.050000 0.018000
9 0.477000 0.292000 0.042000 0.020000
14 0.473000 0.275000 0.042000 0.018000
9 0.466000 0.257000 0.044000 0.018000
9 0.467000 0.237000 0.038000 0.018000
9 0.461000 0.221000 0.042000 0.018000
9 0.461000 0.202000 0.042000 0.016000
12 0.463000 0.181000 0.046000 0.018000
9 0.457000 0.164000 0.050000 0.024000
9 0.453000 0.146000 0.046000 0.020000
9 0.453000 0.127000 0.050000 0.022000
9 0.434000 0.044000 0.044000 0.016000
11 0.838000 0.683000 0.064000 0.082000
11 0.873000 0.681000 0.058000 0.082000
11 0.911000 0.678000 0.066000 0.084000
11 0.954000 0.678000 0.068000 0.076000
11 0.978000 0.677000 0.044000 0.078000
11 0.752000 0.814000 0.092000 0.084000
11 0.795000 0.811000 0.086000 0.082000
11 0.870000 0.805000 0.100000 0.086000
11 0.908000 0.803000 0.092000 0.082000
11 0.970000 0.801000 0.060000 0.078000
11 0.547000 0.925000 0.074000 0.034000
11 0.765000 0.905000 0.070000 0.090000
11 0.802000 0.907000 0.072000 0.094000
11 0.837000 0.903000 0.070000 0.086000
11 0.874000 0.901000 0.068000 0.086000
11 0.951000 0.896000 0.070000 0.088000
11 0.979000 0.894000 0.042000 0.088000
11 0.997000 0.893000 0.006000 0.086000
11 0.995000 0.996000 0.010000 0.008000
11 0.990000 0.973000 0.020000 0.046000