2 0.059500 0.722000 0.117000 0.020000
2 0.069000 0.704500 0.098000 0.017000
2 0.180500 0.705500 0.111000 0.017000
2 0.495500 0.732000 0.079000 0.014000
2 0.588500 0.715000 0.075000 0.014000
2 0.582500 0.702000 0.073000 0.012000
2 0.584000 0.690000 0.052000 0.010000
2 0.493000 0.719000 0.078000 0.012000
2 0.497000 0.705500 0.082000 0.013000
2 0.497500 0.692000 0.067000 0.012000
2 0.416000 0.717500 0.074000 0.015000
2 0.414000 0.704500 0.082000 0.013000
2 0.424500 0.692500 0.057000 0.011000
2 0.181500 0.740500 0.111000 0.019000
2 0.182000 0.722000 0.114000 0.018000