1 0.027000 0.898000 0.018000 0.016000
1 0.035000 0.908000 0.018000 0.016000
1 0.015000 0.874000 0.018000 0.016000
1 0.063000 0.859000 0.022000 0.018000
1 0.048000 0.925000 0.020000 0.018000
1 0.054000 0.932000 0.020000 0.016000
1 0.060000 0.941000 0.020000 0.018000
1 0.063000 0.950000 0.022000 0.020000
1 0.070000 0.959000 0.020000 0.018000
1 0.077000 0.966000 0.022000 0.020000
1 0.082000 0.974000 0.020000 0.016000
1 0.088000 0.982000 0.024000 0.020000
1 0.069000 0.870000 0.018000 0.016000
1 0.082000 0.888000 0.020000 0.020000
1 0.089000 0.898000 0.022000 0.020000
1 0.097000 0.906000 0.022000 0.020000
1 0.108000 0.924000 0.020000 0.020000
1 0.122000 0.944000 0.024000 0.020000
1 0.129000 0.953000 0.026000 0.022000
1 0.112000 0.883000 0.020000 0.018000
1 0.107000 0.872000 0.022000 0.020000
1 0.128000 0.903000 0.028000 0.026000
1 0.158000 0.944000 0.032000 0.028000
1 0.157000 0.809000 0.030000 0.026000
1 0.167000 0.832000 0.042000 0.036000
1 0.186000 0.847000 0.032000 0.030000
1 0.192000 0.860000 0.036000 0.032000
1 0.204000 0.880000 0.040000 0.036000
1 0.180000 0.779000 0.024000 0.022000
1 0.208000 0.819000 0.028000 0.026000
1 0.215000 0.831000 0.030000 0.026000
1 0.223000 0.839000 0.030000 0.026000
1 0.243000 0.869000 0.030000 0.026000
1 0.249000 0.881000 0.030000 0.026000
1 0.239000 0.727000 0.030000 0.026000
1 0.253000 0.751000 0.034000 0.030000
1 0.269000 0.770000 0.030000 0.028000
1 0.280000 0.795000 0.036000 0.030000
1 0.313000 0.838000 0.026000 0.024000
1 0.343000 0.818000 0.026000 0.024000
1 0.336000 0.805000 0.028000 0.026000
1 0.318000 0.783000 0.032000 0.030000
1 0.307000 0.764000 0.026000 0.024000
1 0.295000 0.747000 0.026000 0.022000
1 0.275000 0.722000 0.026000 0.024000
1 0.333000 0.683000 0.030000 0.026000
1 0.355000 0.705000 0.022000 0.018000
1 0.357000 0.718000 0.022000 0.020000
1 0.364000 0.724000 0.020000 0.020000
1 0.372000 0.734000 0.024000 0.020000
1 0.377000 0.743000 0.026000 0.022000
1 0.397000 0.776000 0.022000 0.020000
1 0.388000 0.758000 0.028000 0.024000
1 0.352000 0.653000 0.020000 0.018000
1 0.357000 0.664000 0.018000 0.016000
1 0.370000 0.679000 0.024000 0.022000
1 0.376000 0.688000 0.024000 0.020000
1 0.382000 0.697000 0.024000 0.018000
1 0.389000 0.706000 0.022000 0.020000
1 0.400000 0.723000 0.020000 0.018000
1 0.407000 0.733000 0.026000 0.022000
1 0.412000 0.742000 0.024000 0.020000
1 0.417000 0.751000 0.022000 0.018000
1 0.434000 0.753000 0.024000 0.022000
1 0.389000 0.566000 0.034000 0.028000
1 0.393000 0.577000 0.038000 0.030000
1 0.398000 0.585000 0.028000 0.022000
1 0.411000 0.599000 0.030000 0.026000
1 0.417000 0.610000 0.034000 0.028000
1 0.427000 0.617000 0.042000 0.034000
1 0.425000 0.525000 0.030000 0.034000
1 0.448000 0.498000 0.028000 0.028000
1 0.455000 0.505000 0.026000 0.026000
1 0.472000 0.511000 0.020000 0.022000
1 0.476000 0.524000 0.032000 0.036000
1 0.485000 0.531000 0.034000 0.038000
1 0.496000 0.533000 0.032000 0.042000
1 0.508000 0.535000 0.032000 0.042000
1 0.517000 0.538000 0.026000 0.036000
1 0.526000 0.543000 0.036000 0.046000
1 0.540000 0.549000 0.040000 0.050000
1 0.475000 0.481000 0.018000 0.022000
1 0.483000 0.486000 0.022000 0.024000
1 0.506000 0.503000 0.024000 0.022000
1 0.391000 0.628000 0.030000 0.036000
1 0.363000 0.605000 0.026000 0.030000