8 0.930666 0.210666 0.138667 0.421333
3 0.821334 0.520000 0.026666 0.056000
3 0.812000 0.579334 0.029334 0.060000
1 0.781334 0.794000 0.037334 0.014666
4 0.701334 0.632666 0.064000 0.038666
35 0.113334 0.119334 0.029334 0.028000
35 0.334666 0.123334 0.029334 0.028000
35 0.476000 0.123334 0.029334 0.028000
35 0.331334 0.292000 0.030666 0.032000
35 0.575334 0.466666 0.046666 0.037334
35 0.553334 0.788000 0.045334 0.037334
35 0.331334 0.505334 0.030666 0.053334
35 0.325334 0.785334 0.032000 0.026666
35 0.322666 0.949334 0.032000 0.029334
35 0.464000 0.957334 0.032000 0.029334