9 0.078000 0.022000 0.016000 0.028000
9 0.112000 0.033000 0.016000 0.022000
35 0.426000 0.092000 0.116000 0.120000
14 0.868000 0.823000 0.040000 0.014000
14 0.976000 0.419000 0.036000 0.014000
9 0.874000 0.436000 0.044000 0.016000
14 0.432000 0.998000 0.016000 0.004000
9 0.431000 0.970000 0.014000 0.024000
9 0.571000 0.994000 0.034000 0.012000
9 0.447000 0.834000 0.014000 0.028000
14 0.502000 0.820000 0.040000 0.032000
9 0.471000 0.240000 0.018000 0.024000
9 0.304000 0.010000 0.036000 0.016000
14 0.034000 0.010000 0.044000 0.012000
14 0.596000 0.135000 0.052000 0.014000
14 0.547000 0.137000 0.042000 0.014000
9 0.843000 0.128000 0.046000 0.016000