19 0.355250 0.002250 0.045500 0.004500
20 0.815000 0.027250 0.080000 0.054500
25 0.774500 0.437750 0.043000 0.031500
29 0.831000 0.441250 0.037000 0.027500
23 0.987250 0.453250 0.025500 0.031500
19 0.995000 0.597500 0.010000 0.037000
25 0.878500 0.583250 0.038000 0.037500
25 0.827750 0.577000 0.047500 0.038000
19 0.932250 0.667250 0.044500 0.034500
19 0.949750 0.831250 0.045500 0.033500
19 0.831750 0.810250 0.047500 0.033500
19 0.779750 0.805000 0.046500 0.037000
19 0.979250 0.958000 0.041500 0.033000
29 0.049750 0.925000 0.032500 0.029000