19 0.084428 0.916000 0.018572 0.019428
29 0.028000 0.316000 0.026858 0.026286
21 0.015572 0.294858 0.031142 0.031428
27 0.118428 0.045714 0.031142 0.031428
19 0.227142 0.008858 0.020000 0.017714
28 0.237572 0.036286 0.035714 0.034286
29 0.200142 0.168858 0.030000 0.030858
19 0.210572 0.192142 0.018858 0.018572
29 0.250858 0.259286 0.029714 0.030000
25 0.261714 0.282000 0.018286 0.018286
25 0.274142 0.303858 0.018000 0.018000
20 0.300858 0.348000 0.032572 0.030858
19 0.372000 0.372714 0.018858 0.019714
29 0.391428 0.363428 0.025142 0.025714
29 0.419858 0.414286 0.017428 0.017142
21 0.399858 0.426000 0.032286 0.033714
22 0.373000 0.445286 0.027142 0.027714
21 0.387142 0.477428 0.034286 0.032000
27 0.400000 0.498858 0.028572 0.029142
22 0.411428 0.521000 0.031428 0.030572
27 0.424428 0.543000 0.028858 0.029428
27 0.436572 0.564572 0.030286 0.030858
29 0.448714 0.586572 0.026000 0.025142
26 0.483428 0.639142 0.015428 0.018858
26 0.507142 0.632142 0.020000 0.021428
29 0.560142 0.663858 0.025428 0.025428
19 0.527428 0.686142 0.018858 0.019142
21 0.504142 0.696286 0.031142 0.031428
21 0.481142 0.707858 0.032000 0.032858
29 0.340142 0.788858 0.019714 0.020572
19 0.298714 0.815572 0.017428 0.018572
19 0.276714 0.823572 0.018572 0.019714
29 0.258714 0.790286 0.012858 0.012000
29 0.263000 0.767000 0.020286 0.018572
29 0.255000 0.740000 0.026572 0.025714
29 0.241142 0.714858 0.026286 0.025714
21 0.186286 0.668572 0.029714 0.028572
29 0.190572 0.648142 0.024000 0.022000
21 0.150428 0.577000 0.030572 0.031142
19 0.130572 0.569858 0.018858 0.018572
19 0.116572 0.551286 0.017142 0.015714
19 0.109286 0.534286 0.018572 0.017142
19 0.137000 0.513142 0.018000 0.019428
29 0.269428 0.151000 0.018286 0.018000
29 0.309428 0.229714 0.026858 0.025714
29 0.459714 0.490286 0.026286 0.025142
19 0.529428 0.545428 0.018858 0.020000
19 0.509572 0.597858 0.014572 0.015714
19 0.644000 0.805286 0.019428 0.019142
19 0.540572 0.492286 0.018858 0.019428