9 0.845000 0.711666 0.020000 0.056666
14 0.736250 0.590000 0.042500 0.020000
14 0.018750 0.871666 0.037500 0.023334
12 0.033750 0.831666 0.052500 0.023334
9 0.182500 0.815000 0.050000 0.030000
14 0.262500 0.536666 0.055000 0.026666
14 0.206250 0.510000 0.067500 0.026666
9 0.190000 0.415000 0.035000 0.016666
9 0.071250 0.300000 0.047500 0.020000
9 0.470000 0.213334 0.045000 0.020000
9 0.616250 0.261666 0.022500 0.050000
9 0.633750 0.128334 0.022500 0.056666
9 0.607500 0.128334 0.025000 0.056666
9 0.195000 0.166666 0.050000 0.020000
9 0.203750 0.108334 0.037500 0.016666
9 0.195000 0.068334 0.045000 0.016666
9 0.101250 0.040000 0.037500 0.020000
9 0.100000 0.116666 0.020000 0.046666
14 0.201250 0.543334 0.037500 0.020000