2 0.773334 0.674000 0.016000 0.054666
2 0.712000 0.680666 0.016000 0.057334
2 0.700666 0.749334 0.012000 0.040000
2 0.776666 0.746000 0.017334 0.046666
2 0.778000 0.812000 0.017334 0.050666
2 0.776666 0.888000 0.017334 0.058666
2 0.697334 0.811334 0.016000 0.052000
2 0.754666 0.671334 0.018666 0.046666
2 0.758666 0.747334 0.016000 0.046666
2 0.760000 0.813334 0.016000 0.066666
2 0.716666 0.811334 0.020000 0.054666
2 0.715334 0.884000 0.017334 0.053334
2 0.758666 0.884666 0.016000 0.062666
2 0.642666 0.764000 0.010666 0.034666
2 0.715334 0.745334 0.014666 0.050666
1 0.590666 0.694000 0.013334 0.030666
2 0.656000 0.554666 0.013334 0.058666
2 0.646666 0.631334 0.016000 0.054666
2 0.645334 0.686000 0.013334 0.033334
2 0.628666 0.758666 0.012000 0.045334
2 0.630000 0.685334 0.012000 0.029334
2 0.616000 0.512000 0.069334 0.016000
2 0.612000 0.493334 0.064000 0.018666
2 0.608000 0.476000 0.077334 0.013334
2 0.630666 0.562000 0.013334 0.057334
2 0.630666 0.626000 0.010666 0.033334
2 0.732000 0.639334 0.056000 0.012000
2 0.895334 0.732000 0.054666 0.010666
2 0.884666 0.775334 0.060000 0.014666
2 0.866000 0.816666 0.012000 0.052000
2 0.902666 0.822000 0.013334 0.052000
2 0.868666 0.888000 0.012000 0.066666
2 0.914666 0.890666 0.016000 0.053334
4 0.716666 0.948666 0.017334 0.044000
1 0.700000 0.944000 0.010666 0.026666
2 0.891334 0.742666 0.038666 0.008000
1 0.912666 0.952666 0.014666 0.030666
1 0.901334 0.952000 0.008000 0.053334
2 0.605334 0.458000 0.072000 0.017334
2 0.643334 0.560666 0.009334 0.049334
1 0.842666 0.960000 0.010666 0.026666
7 0.899334 0.531334 0.198666 0.230666
5 0.590666 0.622000 0.021334 0.054666
2 0.889334 0.752000 0.040000 0.008000
2 0.887334 0.762000 0.044000 0.009334