26 0.368334 0.026334 0.047334 0.047334
25 0.332666 0.067000 0.041334 0.040666
22 0.226000 0.145666 0.069334 0.068666
25 0.102666 0.216000 0.042666 0.041334
26 0.240666 0.224334 0.046666 0.044666
25 0.298000 0.233334 0.038666 0.038666
22 0.173000 0.326000 0.068666 0.068000
21 0.136334 0.371000 0.058000 0.059334
22 0.174666 0.418334 0.065334 0.066000
25 0.918000 0.420666 0.042666 0.041334
25 0.849666 0.545666 0.042000 0.042000
25 0.818334 0.514666 0.044666 0.044000
25 0.720666 0.594334 0.041334 0.040666
25 0.745666 0.632000 0.039334 0.040000
26 0.801666 0.803000 0.043334 0.044666
25 0.750000 0.829666 0.034666 0.036666
26 0.682000 0.762666 0.049334 0.046666
26 0.711666 0.798666 0.046000 0.045334
29 0.674666 0.926666 0.038666 0.038666