29 0.216000 0.864000 0.064000 0.056000
29 0.533000 0.807000 0.066000 0.070000
29 0.567000 0.721000 0.074000 0.074000
29 0.434000 0.422000 0.060000 0.056000
29 0.827000 0.385000 0.078000 0.066000
29 0.809000 0.562000 0.062000 0.056000
29 0.785000 0.624000 0.074000 0.068000
29 0.859000 0.613000 0.106000 0.106000
29 0.911000 0.590000 0.054000 0.056000
29 0.966000 0.578000 0.060000 0.064000
29 0.991000 0.555000 0.018000 0.090000
29 0.990000 0.476000 0.020000 0.100000
35 0.069000 0.011000 0.110000 0.022000