29 0.048500 0.573000 0.049000 0.049000
25 0.308750 0.386000 0.053500 0.053000
25 0.384750 0.330000 0.053500 0.054000
25 0.417250 0.307500 0.054500 0.055000
19 0.450250 0.283500 0.048500 0.048000
19 0.577250 0.350000 0.051500 0.052000
25 0.477250 0.419250 0.052500 0.053500
19 0.434000 0.450000 0.056000 0.057000
29 0.400750 0.473250 0.050500 0.051500
25 0.424250 0.521250 0.052500 0.051500
29 0.468000 0.487250 0.045000 0.044500
25 0.504750 0.462500 0.051500 0.050000
25 0.538250 0.437500 0.048500 0.048000
25 0.575750 0.412250 0.048500 0.047500
25 0.609000 0.387750 0.048000 0.048500
29 0.485000 0.180500 0.032000 0.031000
29 0.500250 0.196750 0.029500 0.028500
29 0.516250 0.212750 0.030500 0.029500
29 0.532500 0.226750 0.032000 0.029500
29 0.548500 0.241750 0.030000 0.029500
29 0.598250 0.288250 0.032500 0.030500
29 0.613000 0.303750 0.031000 0.029500
29 0.630000 0.319500 0.031000 0.030000
29 0.645750 0.334000 0.030500 0.030000
29 0.643500 0.363500 0.032000 0.031000
29 0.662750 0.348500 0.030500 0.030000