2 0.498000 0.261334 0.073334 0.021334
2 0.506000 0.279334 0.089334 0.033334
2 0.505334 0.296666 0.074666 0.036000
2 0.512000 0.312000 0.061334 0.042666
2 0.521334 0.322666 0.074666 0.045334
2 0.528000 0.340000 0.077334 0.050666
2 0.535334 0.354000 0.076000 0.049334
2 0.538666 0.380000 0.074666 0.045334
2 0.485334 0.372000 0.024000 0.042666
2 0.495334 0.369334 0.028000 0.048000
2 0.574666 0.401334 0.058666 0.021334
2 0.574666 0.418000 0.058666 0.012000
2 0.576000 0.434666 0.061334 0.021334
5 0.248000 0.370666 0.040000 0.069334
5 0.272666 0.372666 0.033334 0.054666
4 0.244666 0.490666 0.022666 0.042666
4 0.263334 0.516000 0.020000 0.034666
4 0.254666 0.534666 0.018666 0.040000
2 0.263334 0.684000 0.030666 0.114666
2 0.281334 0.682666 0.026666 0.093334
2 0.598666 0.666666 0.064000 0.024000
2 0.593334 0.757334 0.064000 0.018666
2 0.593334 0.772000 0.069334 0.018666
2 0.579334 0.790666 0.102666 0.024000
2 0.570000 0.805334 0.105334 0.018666
2 0.529334 0.824666 0.056000 0.020000
2 0.577334 0.834000 0.048000 0.020000
2 0.592000 0.819334 0.064000 0.020000
31 0.929334 0.750666 0.040000 0.050666