29 0.742500 0.643334 0.145000 0.193334
27 0.771250 0.775000 0.262500 0.350000
29 0.653750 0.798334 0.127500 0.170000
29 0.707500 0.898334 0.110000 0.143334
20 0.487500 0.835000 0.200000 0.270000
29 0.567500 0.638334 0.120000 0.156666
29 0.271250 0.855000 0.072500 0.096666
29 0.428750 0.928334 0.087500 0.116666
19 0.260000 0.911666 0.165000 0.176666
29 0.306250 0.940000 0.067500 0.093334
29 0.058750 0.551666 0.117500 0.190000
29 0.061250 0.450000 0.122500 0.160000
29 0.190000 0.448334 0.140000 0.210000
29 0.267500 0.470000 0.090000 0.126666
29 0.370000 0.511666 0.060000 0.083334
29 0.337500 0.428334 0.160000 0.210000