29 0.138142 0.391329 0.014000 0.014450
29 0.155428 0.379047 0.014286 0.014162
29 0.166428 0.402456 0.014572 0.014162
29 0.164714 0.431936 0.014572 0.014740
29 0.179714 0.422543 0.014286 0.014450
29 0.193572 0.442920 0.012858 0.012428
29 0.192714 0.472976 0.014000 0.014162
29 0.207286 0.463583 0.014000 0.014450
29 0.225428 0.516475 0.009142 0.009827
29 0.237714 0.516907 0.006858 0.007225
29 0.231286 0.527890 0.011714 0.013006
19 0.245572 0.539306 0.017428 0.016762
20 0.203000 0.712139 0.034572 0.034683
29 0.106142 0.772254 0.014572 0.015606
28 0.629858 0.721966 0.026572 0.030636
21 0.599000 0.747110 0.030000 0.030058
21 0.541286 0.772400 0.027714 0.027456
21 0.570858 0.784681 0.029714 0.030636
28 0.577572 0.814884 0.030572 0.033237
21 0.531428 0.841186 0.030858 0.029768
22 0.458572 0.883960 0.033142 0.034393
22 0.437714 0.897688 0.023428 0.025434
22 0.414428 0.910694 0.025428 0.025434
21 0.546142 0.940896 0.035142 0.034971
21 0.557142 0.964161 0.037714 0.034105
21 0.573000 0.986560 0.034000 0.026879
21 0.585572 0.997832 0.032858 0.004335
21 0.613858 0.921243 0.030572 0.031503
21 0.828286 0.240607 0.028572 0.026878
21 0.892858 0.270953 0.028572 0.029190
21 0.909858 0.276446 0.031714 0.032081
21 0.932000 0.158815 0.031428 0.031503
21 0.982715 0.217341 0.034571 0.037571
21 0.975286 0.394509 0.028286 0.030636
19 0.767858 0.475289 0.018572 0.018787
21 0.792142 0.519943 0.026000 0.026012
29 0.868142 0.648844 0.014000 0.014450
19 0.947000 0.717486 0.019714 0.019365
19 0.928572 0.730492 0.017142 0.018787
19 0.911428 0.739163 0.018286 0.017052
19 0.894142 0.747398 0.016858 0.018497
19 0.884428 0.760116 0.016858 0.016762
19 0.892142 0.777456 0.015714 0.016184
19 0.925714 0.801878 0.017714 0.017052
22 0.944858 0.821821 0.029714 0.029768
21 0.963572 0.873554 0.027142 0.026300
21 0.960286 0.895087 0.026858 0.027746
19 0.936142 0.917053 0.016858 0.017919
19 0.972428 0.915318 0.017428 0.018497
21 0.990001 0.923265 0.019999 0.023987
19 0.941858 0.996099 0.016286 0.007803
22 0.991428 0.438295 0.017143 0.031503
36 0.015429 0.544797 0.030857 0.023121
36 0.023286 0.796387 0.020858 0.017052
36 0.022142 0.823121 0.015714 0.008093
35 0.402428 0.126444 0.014572 0.014162
35 0.421286 0.098988 0.014572 0.014162
35 0.438428 0.070520 0.014572 0.013872
35 0.459428 0.036849 0.014286 0.014162