7 0.027000 0.205000 0.054000 0.110000
7 0.037000 0.211000 0.074000 0.062000
1 0.053000 0.218000 0.058000 0.036000
7 0.163000 0.260000 0.094000 0.076000
7 0.176000 0.351000 0.168000 0.098000
7 0.170000 0.208000 0.284000 0.232000
7 0.228000 0.205000 0.128000 0.106000
7 0.350000 0.349000 0.108000 0.094000
7 0.350000 0.397000 0.120000 0.102000
7 0.397000 0.489000 0.122000 0.078000
7 0.430000 0.510000 0.120000 0.080000
7 0.470000 0.431000 0.136000 0.110000
7 0.272000 0.794000 0.156000 0.116000
3 0.346000 0.017000 0.048000 0.034000
4 0.247000 0.348000 0.062000 0.036000