11 0.040000 0.448750 0.040000 0.030000
12 0.320833 0.957500 0.038333 0.030000
12 0.415000 0.894375 0.036667 0.026250
12 0.339167 0.873750 0.028333 0.022500
14 0.388333 0.840625 0.033333 0.023750
9 0.362500 0.833125 0.031667 0.021250
14 0.210833 0.803125 0.031667 0.023750
14 0.351667 0.740625 0.030000 0.021250
35 0.566667 0.765000 0.120000 0.087500
14 0.865833 0.888125 0.025000 0.018750
14 0.794167 0.969375 0.031667 0.021250
9 0.782500 0.963125 0.031667 0.021250
9 0.768333 0.693125 0.030000 0.021250
12 0.894167 0.615625 0.035000 0.023750
14 0.691667 0.241875 0.033333 0.023750