9 0.960833 0.881250 0.041667 0.022500
9 0.876667 0.852500 0.040000 0.022500
9 0.838333 0.840625 0.033333 0.018750
14 0.955000 0.832500 0.036667 0.020000
13 0.836667 0.826250 0.063333 0.032500
11 0.852500 0.811250 0.075000 0.040000
9 0.886667 0.807500 0.043333 0.022500
14 0.801667 0.779375 0.040000 0.023750
9 0.722500 0.799375 0.031667 0.016250
12 0.679167 0.787500 0.035000 0.020000
12 0.745833 0.726250 0.035000 0.030000
9 0.714167 0.712500 0.025000 0.022500
35 0.562500 0.723750 0.168333 0.125000
9 0.836667 0.891250 0.030000 0.010000
9 0.940833 0.895625 0.035000 0.016250
14 0.925000 0.916875 0.040000 0.023750
14 0.905833 0.935000 0.035000 0.020000
14 0.953333 0.946250 0.030000 0.027500
14 0.448333 0.660000 0.030000 0.015000
14 0.406667 0.684375 0.030000 0.016250
11 0.223333 0.543125 0.070000 0.036250
9 0.110000 0.491250 0.036667 0.020000
12 0.018333 0.451875 0.026667 0.021250
14 0.029167 0.601250 0.035000 0.020000
9 0.040833 0.621875 0.031667 0.018750
9 0.032500 0.633125 0.035000 0.018750
9 0.153333 0.650000 0.030000 0.017500
9 0.144167 0.661875 0.028333 0.016250
12 0.210000 0.361875 0.033333 0.016250
13 0.102500 0.276875 0.038333 0.033750
35 0.171667 0.115625 0.183333 0.141250
9 0.371667 0.142500 0.033333 0.017500
9 0.540833 0.200625 0.035000 0.018750
9 0.608333 0.223125 0.033333 0.016250
14 0.373333 0.100625 0.033333 0.021250
14 0.335833 0.090625 0.038333 0.021250
9 0.720833 0.019375 0.035000 0.018750
12 0.745000 0.044375 0.040000 0.011250
9 0.802500 0.053125 0.031667 0.023750
9 0.830833 0.019375 0.025000 0.021250
12 0.708333 0.049375 0.033333 0.018750
14 0.694167 0.068750 0.038333 0.020000
14 0.765833 0.140000 0.025000 0.022500
14 0.810000 0.156250 0.020000 0.020000
35 0.880000 0.340625 0.193333 0.136250