14 0.943333 0.618125 0.030000 0.021250
12 0.751667 0.516875 0.036667 0.026250
14 0.563333 0.416875 0.036667 0.026250
12 0.650833 0.289375 0.035000 0.023750
14 0.568333 0.341250 0.026667 0.017500
12 0.425833 0.310000 0.035000 0.025000
9 0.495000 0.355625 0.030000 0.021250
14 0.430833 0.366875 0.025000 0.018750
12 0.399167 0.345000 0.035000 0.027500
14 0.362500 0.321875 0.025000 0.018750
14 0.328333 0.300625 0.030000 0.021250
14 0.294167 0.276250 0.025000 0.020000
9 0.254167 0.254375 0.031667 0.023750
14 0.252500 0.221875 0.035000 0.026250
12 0.229167 0.160625 0.038333 0.026250
14 0.158333 0.160000 0.026667 0.020000
14 0.070833 0.083125 0.028333 0.018750
14 0.039167 0.090000 0.028333 0.020000
12 0.571667 0.205000 0.033333 0.025000
9 0.558333 0.197500 0.033333 0.022500
12 0.550833 0.183750 0.035000 0.022500
14 0.535000 0.177500 0.026667 0.022500
14 0.516667 0.175000 0.026667 0.020000
14 0.495000 0.156875 0.023333 0.018750
14 0.758333 0.165000 0.026667 0.017500
14 0.772500 0.155625 0.031667 0.023750
14 0.762500 0.079375 0.028333 0.021250
14 0.775000 0.070000 0.026667 0.020000
9 0.788333 0.062500 0.030000 0.020000
9 0.787500 0.038125 0.028333 0.021250
9 0.321667 0.017500 0.026667 0.020000
14 0.880833 0.441875 0.025000 0.018750