35 0.492500 0.260625 0.051667 0.046250
14 0.053333 0.915625 0.033333 0.021250
9 0.045000 0.901875 0.040000 0.026250
9 0.023333 0.883750 0.036667 0.025000
9 0.157500 0.906875 0.028333 0.023750
9 0.175000 0.902500 0.026667 0.022500
9 0.210000 0.886250 0.030000 0.025000
9 0.213333 0.855625 0.043333 0.026250
9 0.205833 0.843750 0.035000 0.020000
9 0.191667 0.834375 0.033333 0.021250
9 0.035000 0.828125 0.033333 0.023750
9 0.077500 0.805625 0.035000 0.026250
9 0.165000 0.802500 0.033333 0.020000
9 0.152500 0.791875 0.035000 0.021250