29 0.126000 0.329500 0.040000 0.041000
29 0.142000 0.295000 0.040000 0.040000
29 0.028500 0.372000 0.053000 0.052000
29 0.040000 0.329500 0.040000 0.039000
29 0.082500 0.259000 0.033000 0.036000
29 0.217000 0.091000 0.050000 0.050000
29 0.233000 0.399000 0.042000 0.042000
29 0.217500 0.158500 0.039000 0.039000
29 0.194500 0.187000 0.039000 0.038000
29 0.179500 0.227500 0.039000 0.041000
29 0.164500 0.253000 0.039000 0.040000
28 0.446000 0.088000 0.120000 0.116000
29 0.383500 0.583500 0.085000 0.093000
27 0.448500 0.376000 0.119000 0.118000
20 0.624500 0.147500 0.131000 0.129000
20 0.535000 0.467500 0.126000 0.121000
20 0.577500 0.389500 0.123000 0.119000
27 0.578000 0.240500 0.122000 0.123000
20 0.527500 0.330000 0.129000 0.124000
29 0.415500 0.520000 0.081000 0.076000
25 0.501500 0.914000 0.075000 0.076000