22 0.878333 0.470625 0.136667 0.098750
20 0.886667 0.628125 0.146667 0.106250
20 0.894167 0.766875 0.148333 0.106250
22 0.901667 0.919375 0.133333 0.098750
22 0.547500 0.343125 0.138333 0.098750
22 0.552500 0.480625 0.138333 0.098750
20 0.552500 0.643750 0.155000 0.127500
20 0.561667 0.811875 0.160000 0.126250
22 0.569167 0.936875 0.135000 0.096250
22 0.156667 0.941875 0.136667 0.098750
29 0.155000 0.804375 0.150000 0.106250
22 0.145000 0.668750 0.136667 0.100000
20 0.129167 0.503750 0.148333 0.105000
25 0.507500 0.182500 0.071667 0.055000