2 0.115500 0.656000 0.023000 0.080000
2 0.012500 0.727000 0.019000 0.066000
2 0.118500 0.836500 0.017000 0.077000
2 0.007500 0.877500 0.015000 0.067000
8 0.369500 0.260000 0.161000 0.206000
8 0.397500 0.242500 0.165000 0.205000
5 0.479500 0.430500 0.089000 0.103000
5 0.515000 0.409500 0.088000 0.105000
8 0.607500 0.585500 0.165000 0.203000
8 0.643000 0.574000 0.164000 0.202000
8 0.765500 0.783500 0.127000 0.153000
8 0.799500 0.782500 0.113000 0.143000
8 0.905500 0.928000 0.115000 0.144000
31 0.972500 0.388500 0.051000 0.057000
8 0.224000 0.061500 0.112000 0.123000
2 0.265500 0.056500 0.105000 0.113000