26 0.297500 0.215500 0.069000 0.069000
25 0.237000 0.303500 0.044000 0.045000
26 0.343000 0.314000 0.042000 0.056000
26 0.405500 0.320500 0.045000 0.047000
29 0.562000 0.320000 0.040000 0.042000
19 0.568000 0.375500 0.050000 0.045000
21 0.560500 0.436500 0.067000 0.061000
19 0.567000 0.497500 0.046000 0.045000
26 0.573000 0.551000 0.056000 0.048000
21 0.566000 0.612500 0.066000 0.061000
19 0.554500 0.686500 0.043000 0.047000
19 0.578000 0.802500 0.038000 0.041000
19 0.573500 0.750500 0.037000 0.045000
19 0.565000 0.878500 0.040000 0.045000
29 0.588000 0.970500 0.044000 0.039000
19 0.524500 0.976000 0.045000 0.044000
19 0.883500 0.976000 0.051000 0.048000
22 0.863500 0.793500 0.081000 0.081000
19 0.875000 0.702000 0.046000 0.046000
21 0.862000 0.521000 0.080000 0.082000
20 0.856500 0.427500 0.087000 0.085000
22 0.750000 0.354500 0.078000 0.071000
21 0.860500 0.337500 0.081000 0.079000