29 0.264500 0.077000 0.045000 0.046000
22 0.642500 0.193500 0.101000 0.101000
25 0.797000 0.233500 0.058000 0.055000
25 0.816000 0.313000 0.062000 0.062000
29 0.136500 0.629500 0.069000 0.063000
29 0.081000 0.559500 0.084000 0.081000
20 0.049000 0.418500 0.092000 0.103000
19 0.039500 0.292500 0.065000 0.067000
29 0.098500 0.845500 0.063000 0.069000
29 0.183500 0.842500 0.065000 0.065000
29 0.358000 0.827500 0.080000 0.083000
29 0.676500 0.815500 0.065000 0.067000
25 0.926500 0.777500 0.047000 0.045000