14 0.039167 0.873125 0.031667 0.018750
14 0.074167 0.888125 0.035000 0.021250
9 0.008333 0.960625 0.016667 0.021250
14 0.029167 0.966875 0.011667 0.018750
14 0.253333 0.974375 0.026667 0.018750
14 0.296667 0.663750 0.023333 0.017500
14 0.216667 0.677500 0.023333 0.015000
14 0.191667 0.670625 0.036667 0.013750
14 0.175000 0.660000 0.036667 0.020000
9 0.145833 0.637500 0.035000 0.015000
14 0.128333 0.628750 0.033333 0.015000
12 0.258333 0.636875 0.036667 0.023750
14 0.218333 0.615000 0.030000 0.022500
14 0.205833 0.605625 0.028333 0.018750
9 0.191667 0.598750 0.036667 0.025000
9 0.168333 0.580000 0.036667 0.025000
9 0.155000 0.571250 0.036667 0.025000
9 0.140833 0.563125 0.031667 0.021250
13 0.057500 0.580000 0.021667 0.012500
14 0.113333 0.547500 0.026667 0.020000
9 0.036667 0.573125 0.036667 0.021250
14 0.060000 0.517500 0.026667 0.017500