19 0.183500 0.976000 0.051000 0.048000
21 0.364000 0.966000 0.082000 0.068000
22 0.163500 0.793500 0.081000 0.081000
20 0.358500 0.780500 0.091000 0.083000
19 0.175000 0.702000 0.046000 0.046000
19 0.339000 0.647000 0.042000 0.048000
21 0.162000 0.521000 0.080000 0.082000
20 0.342500 0.429500 0.089000 0.087000
20 0.156500 0.427500 0.087000 0.085000
22 0.050000 0.354500 0.078000 0.071000
21 0.160500 0.337500 0.081000 0.079000
21 0.344000 0.306500 0.080000 0.083000
26 0.619500 0.046000 0.055000 0.046000
21 0.589500 0.301500 0.081000 0.081000
21 0.786000 0.293500 0.084000 0.083000
20 0.596000 0.410500 0.090000 0.085000
22 0.789000 0.402000 0.076000 0.082000
25 0.615000 0.541000 0.042000 0.044000
21 0.605000 0.674500 0.084000 0.081000
21 0.601000 0.776500 0.096000 0.087000
20 0.895000 0.765500 0.126000 0.131000
20 0.815500 0.862000 0.093000 0.088000
21 0.608000 0.958500 0.094000 0.083000
21 0.819500 0.955000 0.093000 0.084000
22 0.916000 0.422500 0.078000 0.079000