26 0.525500 0.293000 0.075000 0.082000
21 0.450000 0.436000 0.098000 0.096000
26 0.696000 0.422500 0.064000 0.069000
25 0.662500 0.462000 0.065000 0.062000
29 0.814500 0.410000 0.029000 0.036000
29 0.845000 0.369500 0.034000 0.041000
29 0.876000 0.385500 0.042000 0.041000
28 0.920500 0.461000 0.113000 0.118000
25 0.673500 0.520500 0.059000 0.055000
20 0.641000 0.629500 0.112000 0.109000
23 0.079000 0.828500 0.046000 0.043000
28 0.313500 0.761000 0.107000 0.112000
20 0.394000 0.722000 0.110000 0.112000
21 0.473500 0.766500 0.099000 0.095000
20 0.598500 0.713000 0.117000 0.112000
25 0.927000 0.761500 0.056000 0.047000
26 0.918000 0.896000 0.064000 0.064000
27 0.794500 0.923500 0.087000 0.093000
25 0.717000 0.877000 0.062000 0.066000
21 0.472500 0.938500 0.097000 0.099000
25 0.395000 0.895500 0.058000 0.061000