20 0.677000 0.222500 0.090000 0.085000
21 0.686500 0.529000 0.083000 0.092000
29 0.510500 0.539000 0.061000 0.068000
29 0.496500 0.388000 0.071000 0.064000
22 0.492500 0.238000 0.081000 0.078000
20 0.236500 0.113500 0.089000 0.085000
22 0.241000 0.235500 0.080000 0.079000
29 0.248000 0.337000 0.068000 0.062000
22 0.250500 0.426500 0.071000 0.077000
20 0.042500 0.149500 0.085000 0.101000
22 0.041500 0.249500 0.081000 0.077000
21 0.044500 0.341000 0.089000 0.084000
20 0.046000 0.431500 0.090000 0.083000
20 0.051000 0.523500 0.090000 0.083000
29 0.866000 0.760500 0.044000 0.047000