29 0.717000 0.550000 0.046000 0.048000
29 0.707000 0.500000 0.046000 0.048000
29 0.657500 0.374500 0.065000 0.065000
29 0.611000 0.366000 0.048000 0.046000
29 0.545500 0.369500 0.051000 0.049000
25 0.499500 0.382500 0.055000 0.057000
26 0.467000 0.472500 0.074000 0.071000
29 0.329000 0.527000 0.050000 0.052000
29 0.319000 0.480000 0.056000 0.058000
29 0.294000 0.437500 0.064000 0.063000
25 0.146500 0.401500 0.047000 0.049000
26 0.067500 0.449500 0.071000 0.073000
26 0.069500 0.545000 0.059000 0.046000
26 0.084500 0.594000 0.059000 0.048000
29 0.095000 0.641500 0.056000 0.053000