14 0.690000 0.013125 0.033333 0.026250
11 0.574167 0.115625 0.061667 0.028750
11 0.502500 0.131875 0.031667 0.031250
11 0.480833 0.125625 0.031667 0.036250
11 0.455833 0.120000 0.038333 0.037500
11 0.421667 0.114375 0.036667 0.038750
11 0.405000 0.024375 0.036667 0.038750
9 0.925000 0.019375 0.030000 0.018750
14 0.190833 0.661875 0.061667 0.011250
14 0.167500 0.618125 0.035000 0.011250
14 0.309167 0.621250 0.038333 0.012500
9 0.105833 0.623125 0.038333 0.013750
14 0.770833 0.873750 0.031667 0.012500
14 0.378333 0.893750 0.033333 0.010000