8 0.120000 0.648000 0.114000 0.152000
8 0.201500 0.829000 0.163000 0.200000
8 0.233500 0.813000 0.157000 0.200000
31 0.594500 0.702000 0.065000 0.064000
31 0.632500 0.669000 0.065000 0.062000
31 0.687000 0.713000 0.066000 0.064000
33 0.664000 0.737000 0.036000 0.034000
33 0.640000 0.760000 0.034000 0.034000
35 0.906000 0.176000 0.066000 0.070000
36 0.326000 0.114500 0.070000 0.059000
36 0.175000 0.196500 0.044000 0.057000
36 0.040500 0.136500 0.023000 0.035000
36 0.342000 0.195000 0.028000 0.054000
35 0.937000 0.515000 0.058000 0.060000