14 0.075833 0.130625 0.031667 0.018750
12 0.954167 0.066250 0.051667 0.022500
9 0.948333 0.642500 0.030000 0.025000
9 0.969167 0.649375 0.031667 0.026250
9 0.880000 0.257500 0.026667 0.020000
9 0.861667 0.276875 0.026667 0.023750
9 0.879167 0.280625 0.028333 0.028750
14 0.281667 0.323125 0.030000 0.023750
9 0.546667 0.383125 0.033333 0.026250
14 0.523333 0.406250 0.030000 0.025000
14 0.676667 0.413750 0.030000 0.025000
12 0.634167 0.440000 0.035000 0.030000
9 0.342500 0.436250 0.038333 0.020000
9 0.366667 0.468125 0.030000 0.023750
9 0.405000 0.478125 0.033333 0.026250
14 0.489167 0.446250 0.045000 0.020000
9 0.640000 0.525625 0.036667 0.016250
9 0.892500 0.516250 0.028333 0.025000
14 0.822500 0.533125 0.041667 0.018750
9 0.908333 0.559375 0.043333 0.023750
9 0.774167 0.588125 0.028333 0.023750
14 0.720000 0.574375 0.030000 0.026250
9 0.740833 0.578750 0.025000 0.020000
14 0.710833 0.616875 0.041667 0.018750
9 0.702500 0.629375 0.038333 0.018750
12 0.613333 0.730000 0.040000 0.032500