27 0.102000 0.280500 0.106000 0.107000
29 0.038500 0.238000 0.077000 0.116000
25 0.522500 0.022500 0.069000 0.045000
29 0.440000 0.048500 0.060000 0.059000
25 0.221000 0.249000 0.074000 0.076000
25 0.261000 0.211000 0.078000 0.078000
29 0.470500 0.089000 0.059000 0.058000
27 0.609500 0.045500 0.109000 0.091000
25 0.764000 0.026500 0.066000 0.053000
25 0.734500 0.128000 0.071000 0.068000
29 0.732500 0.239000 0.061000 0.064000
26 0.921000 0.190000 0.080000 0.080000
25 0.891000 0.237500 0.078000 0.075000
29 0.964500 0.410000 0.055000 0.054000
25 0.801000 0.543000 0.078000 0.078000
25 0.853000 0.575000 0.080000 0.080000
26 0.923000 0.552000 0.078000 0.080000
25 0.968500 0.499000 0.063000 0.064000
25 0.949000 0.628500 0.072000 0.067000
29 0.803500 0.718500 0.093000 0.095000
29 0.896000 0.762500 0.054000 0.055000
19 0.916500 0.942500 0.073000 0.073000
28 0.340000 0.802500 0.108000 0.119000
27 0.256500 0.877500 0.111000 0.105000
28 0.218000 0.947000 0.128000 0.106000
25 0.494000 0.825000 0.070000 0.072000
29 0.540500 0.921000 0.071000 0.070000
29 0.489500 0.957500 0.073000 0.073000