20 0.055000 0.440000 0.106000 0.112000
29 0.056000 0.543000 0.088000 0.084000
20 0.071000 0.654500 0.098000 0.107000
20 0.074000 0.761500 0.094000 0.093000
29 0.436000 0.796500 0.038000 0.043000
29 0.418000 0.549000 0.046000 0.042000
29 0.640500 0.479000 0.041000 0.036000
29 0.802000 0.459500 0.038000 0.039000
29 0.767000 0.413000 0.040000 0.036000
29 0.764000 0.366500 0.040000 0.039000
25 0.759000 0.318000 0.054000 0.048000
29 0.634000 0.419500 0.038000 0.037000
28 0.035000 0.122000 0.070000 0.088000