25 0.266000 0.867000 0.064000 0.062000
26 0.515000 0.653500 0.070000 0.067000
25 0.539000 0.699000 0.064000 0.062000
19 0.609000 0.799500 0.066000 0.063000
26 0.638000 0.845500 0.070000 0.067000
25 0.664000 0.890500 0.064000 0.061000
29 0.695500 0.931500 0.065000 0.063000
25 0.784000 0.919000 0.062000 0.064000
29 0.827500 0.891500 0.059000 0.059000
25 0.871500 0.865500 0.059000 0.059000
32 0.073500 0.699500 0.045000 0.059000
31 0.144500 0.698000 0.025000 0.026000
31 0.163500 0.686000 0.023000 0.026000
31 0.182500 0.673500 0.025000 0.027000
35 0.241000 0.057500 0.040000 0.041000
35 0.296000 0.147500 0.050000 0.043000
35 0.366000 0.252000 0.056000 0.054000
35 0.536000 0.506000 0.066000 0.062000