14 0.832000 0.553000 0.012000 0.018000
14 0.988000 0.442500 0.016000 0.023000
9 0.968000 0.426500 0.016000 0.021000
9 0.964000 0.377000 0.012000 0.018000
14 0.952000 0.378500 0.012000 0.019000
14 0.904500 0.016500 0.015000 0.023000
31 0.240500 0.574500 0.081000 0.093000
31 0.309000 0.565000 0.080000 0.090000
31 0.386000 0.556000 0.082000 0.088000
31 0.464000 0.547000 0.080000 0.088000
31 0.534000 0.541500 0.080000 0.087000
35 0.935500 0.113500 0.059000 0.059000
30 0.374000 0.928500 0.182000 0.143000