4 0.038000 0.805000 0.033333 0.014000
1 0.192667 0.650333 0.032000 0.014000
1 0.469000 0.569667 0.028667 0.015333
1 0.639333 0.518333 0.025333 0.016667
1 0.665000 0.509667 0.023333 0.014000
1 0.690000 0.505000 0.026667 0.014000
1 0.715000 0.499000 0.026000 0.014000
1 0.656667 0.495667 0.032000 0.016667
1 0.766333 0.488333 0.026000 0.011333
1 0.762333 0.470667 0.023333 0.012000
1 0.954000 0.490000 0.026667 0.010667
4 0.933333 0.469333 0.048000 0.018667
6 0.617000 0.727000 0.227333 0.096667
0 0.862667 0.667333 0.172000 0.044000
4 0.958333 0.839667 0.083333 0.086000
4 0.545000 0.987667 0.080667 0.020667
1 0.654333 0.948667 0.012667 0.017333
4 0.980667 0.460667 0.037333 0.016000
35 0.256000 0.117667 0.022667 0.022000
35 0.594667 0.049333 0.021333 0.021333