29 0.420000 0.615000 0.048000 0.056000
29 0.049500 0.847000 0.061000 0.060000
32 0.612000 0.191500 0.072000 0.077000
31 0.546500 0.113500 0.037000 0.041000
31 0.567000 0.104500 0.034000 0.041000
31 0.587000 0.092000 0.036000 0.042000
31 0.238000 0.026000 0.034000 0.040000
31 0.258000 0.019500 0.036000 0.039000
31 0.277500 0.014500 0.033000 0.029000
35 0.747500 0.791500 0.053000 0.053000
31 0.467000 0.732500 0.036000 0.043000
31 0.489500 0.720000 0.035000 0.042000
31 0.135000 0.255500 0.050000 0.041000