1 0.968125 0.459167 0.043750 0.048333
5 0.950000 0.465000 0.062500 0.063333
5 0.933750 0.485000 0.070000 0.080000
5 0.926250 0.525833 0.085000 0.088333
4 0.886875 0.586667 0.043750 0.040000
4 0.877500 0.597500 0.055000 0.055000
1 0.854375 0.630000 0.048750 0.046667
4 0.844375 0.666667 0.036250 0.036667
1 0.813750 0.624167 0.037500 0.045000
1 0.786875 0.661667 0.026250 0.036667
1 0.798750 0.671667 0.042500 0.060000
1 0.770625 0.695833 0.031250 0.035000
0 0.807500 0.723333 0.062500 0.093333
0 0.827500 0.728333 0.047500 0.070000
1 0.838125 0.734167 0.026250 0.038333
1 0.761875 0.764167 0.023750 0.038333
1 0.749375 0.745833 0.028750 0.041667
6 0.227500 0.266667 0.057500 0.253333