1 0.819167 0.876875 0.041667 0.036250
1 0.834167 0.885000 0.038333 0.035000
1 0.855833 0.895000 0.031667 0.030000
1 0.870000 0.899375 0.033333 0.031250
0 0.706667 0.799375 0.050000 0.041250
0 0.835000 0.713125 0.073333 0.036250
1 0.835833 0.676250 0.048333 0.027500
1 0.842500 0.657500 0.045000 0.025000
1 0.973333 0.685625 0.050000 0.026250
1 0.930000 0.715000 0.063333 0.032500
1 0.956667 0.704375 0.060000 0.033750
1 0.920833 0.665000 0.045000 0.022500
1 0.935000 0.651250 0.046667 0.025000
1 0.943333 0.643750 0.043333 0.022500
1 0.246667 0.622500 0.040000 0.035000
1 0.393333 0.693125 0.043333 0.023750
1 0.401667 0.677500 0.060000 0.030000
1 0.438333 0.645000 0.043333 0.025000
1 0.370833 0.620625 0.055000 0.028750
1 0.505833 0.591875 0.048333 0.026250
1 0.528333 0.571250 0.033333 0.020000
1 0.523333 0.578750 0.040000 0.022500
1 0.514167 0.585625 0.045000 0.023750
1 0.450833 0.568750 0.061667 0.032500
1 0.460000 0.559375 0.053333 0.026250
1 0.466667 0.550625 0.046667 0.021250
1 0.473333 0.542500 0.050000 0.022500
1 0.133333 0.541250 0.063333 0.032500
1 0.164167 0.529375 0.048333 0.026250
1 0.170000 0.520000 0.050000 0.025000
1 0.188333 0.501250 0.063333 0.030000
0 0.393333 0.606250 0.090000 0.050000
0 0.200833 0.484375 0.091667 0.043750
0 0.457500 0.599375 0.075000 0.038750
35 0.433333 0.905625 0.116667 0.073750