9 0.242500 0.043750 0.028333 0.020000
9 0.264167 0.045625 0.028333 0.023750
9 0.287500 0.042500 0.025000 0.020000
9 0.309167 0.047500 0.031667 0.025000
14 0.335000 0.045625 0.030000 0.023750
12 0.381667 0.046875 0.030000 0.026250
9 0.425833 0.046875 0.031667 0.026250
14 0.450000 0.048750 0.026667 0.022500
14 0.478333 0.045625 0.030000 0.023750
9 0.502500 0.047500 0.028333 0.020000
9 0.479167 0.022500 0.031667 0.025000
9 0.454167 0.021875 0.031667 0.023750
9 0.432500 0.021250 0.031667 0.025000
14 0.409167 0.023750 0.028333 0.022500
14 0.383333 0.022500 0.026667 0.022500
9 0.361667 0.018750 0.033333 0.027500