7 0.589000 0.659500 0.056000 0.075000
7 0.597500 0.666500 0.077000 0.103000
7 0.614000 0.671000 0.086000 0.116000
7 0.623500 0.682500 0.075000 0.097000
7 0.636000 0.695000 0.070000 0.090000
7 0.642500 0.704500 0.071000 0.091000
7 0.653500 0.712000 0.061000 0.080000
7 0.669500 0.712000 0.067000 0.088000
7 0.685500 0.648500 0.021000 0.025000
7 0.688000 0.664500 0.020000 0.025000
7 0.381500 0.498500 0.071000 0.053000
7 0.772500 0.705500 0.069000 0.057000
7 0.780500 0.714500 0.069000 0.057000
7 0.869500 0.645000 0.063000 0.050000
7 0.978500 0.548000 0.043000 0.048000
5 0.522500 0.462000 0.085000 0.106000
1 0.512000 0.671500 0.022000 0.025000
1 0.517500 0.675500 0.017000 0.021000
1 0.501500 0.668000 0.015000 0.018000
4 0.472500 0.656000 0.035000 0.032000
7 0.820500 0.397000 0.239000 0.232000
1 0.732500 0.426500 0.027000 0.027000
1 0.884000 0.262000 0.034000 0.034000
1 0.709500 0.148500 0.027000 0.029000
1 0.964000 0.266500 0.022000 0.029000
1 0.986000 0.236000 0.020000 0.014000
7 0.928500 0.182500 0.107000 0.079000
7 0.665000 0.100500 0.088000 0.071000
7 0.508000 0.300500 0.098000 0.075000
7 0.391000 0.222000 0.114000 0.086000
7 0.263000 0.133500 0.100000 0.077000
7 0.184000 0.051500 0.100000 0.077000
7 0.191000 0.039000 0.094000 0.070000
5 0.162000 0.060500 0.048000 0.041000
2 0.590000 0.009000 0.030000 0.018000
36 0.733000 0.073000 0.042000 0.054000