7 0.315000 0.574375 0.093333 0.093750
7 0.329167 0.583125 0.128333 0.128750
7 0.356667 0.588750 0.143333 0.145000
7 0.372500 0.603125 0.125000 0.121250
7 0.393333 0.618750 0.116667 0.112500
7 0.404167 0.630625 0.118333 0.113750
7 0.422500 0.640000 0.101667 0.100000
7 0.449167 0.640000 0.111667 0.110000
7 0.475833 0.560625 0.035000 0.031250
7 0.480000 0.580625 0.033333 0.031250
7 0.620833 0.631875 0.115000 0.071250
7 0.634167 0.643125 0.115000 0.071250
7 0.782500 0.556250 0.105000 0.062500
7 0.964167 0.440000 0.071667 0.050000
5 0.204167 0.327500 0.141667 0.132500
1 0.186667 0.589375 0.036667 0.031250
1 0.195833 0.594375 0.028333 0.026250
1 0.169167 0.585000 0.025000 0.022500
4 0.120833 0.570000 0.058333 0.040000
7 0.700833 0.246250 0.398333 0.290000
1 0.554167 0.283125 0.045000 0.033750
1 0.806667 0.077500 0.056667 0.042500
1 0.940000 0.083125 0.036667 0.036250
1 0.976667 0.045000 0.033333 0.017500
7 0.180000 0.125625 0.163333 0.093750