14 0.091000 0.872000 0.010000 0.020000
33 0.861000 0.261500 0.050000 0.081000
33 0.767500 0.261000 0.049000 0.080000
33 0.702500 0.262000 0.049000 0.080000
33 0.587500 0.261500 0.049000 0.081000
33 0.523500 0.261500 0.049000 0.081000
33 0.925500 0.130500 0.049000 0.081000
33 0.862000 0.130500 0.050000 0.081000
33 0.766500 0.130500 0.049000 0.081000
33 0.703000 0.130500 0.050000 0.081000
33 0.587500 0.130000 0.049000 0.080000
33 0.523500 0.130500 0.049000 0.081000
30 0.048000 0.118500 0.096000 0.107000
14 0.270000 0.610000 0.024000 0.008000
9 0.490000 0.610500 0.022000 0.009000
14 0.454000 0.680500 0.018000 0.007000
14 0.584500 0.685000 0.009000 0.016000
14 0.517500 0.532500 0.009000 0.015000
14 0.518000 0.556000 0.010000 0.016000
12 0.862000 0.674000 0.012000 0.020000
14 0.781000 0.551000 0.022000 0.008000
14 0.579000 0.709500 0.020000 0.015000
14 0.873500 0.702500 0.009000 0.013000