9 0.006000 0.216000 0.012000 0.010000
9 0.008500 0.208000 0.017000 0.012000
9 0.013500 0.198500 0.017000 0.011000
9 0.015000 0.190500 0.022000 0.013000
9 0.039500 0.007500 0.021000 0.009000
9 0.037000 0.016500 0.020000 0.007000
14 0.034000 0.026000 0.016000 0.006000
9 0.032500 0.037000 0.019000 0.008000
9 0.032500 0.046000 0.017000 0.008000
12 0.080000 0.014500 0.010000 0.017000
9 0.073500 0.035000 0.011000 0.018000
9 0.069000 0.053000 0.010000 0.018000
14 0.065500 0.075000 0.009000 0.016000
9 0.465500 0.026000 0.009000 0.010000
9 0.493000 0.028500 0.010000 0.013000
9 0.479500 0.026000 0.011000 0.012000
9 0.436000 0.019500 0.014000 0.017000
9 0.423000 0.017500 0.014000 0.017000
9 0.396000 0.036000 0.010000 0.016000
9 0.392500 0.051500 0.011000 0.017000
9 0.389000 0.070000 0.010000 0.018000
14 0.423500 0.053500 0.021000 0.023000
14 0.437500 0.055500 0.017000 0.017000
9 0.452000 0.057500 0.016000 0.017000
9 0.463500 0.061000 0.017000 0.018000
14 0.479500 0.061000 0.025000 0.022000
9 0.490500 0.064500 0.017000 0.017000
9 0.460000 0.077000 0.016000 0.014000
9 0.407000 0.087500 0.010000 0.017000
33 0.226500 0.523000 0.101000 0.086000
33 0.276500 0.553500 0.101000 0.085000
33 0.326500 0.583500 0.101000 0.085000
33 0.391000 0.625000 0.102000 0.086000
33 0.446000 0.658500 0.102000 0.085000
33 0.500000 0.691500 0.100000 0.085000
33 0.114000 0.632000 0.102000 0.086000
33 0.163500 0.662000 0.101000 0.084000
33 0.213500 0.692500 0.101000 0.085000
33 0.279000 0.733000 0.102000 0.084000
33 0.333000 0.766500 0.102000 0.087000
33 0.387500 0.799500 0.101000 0.087000
9 0.964500 0.879500 0.019000 0.015000
9 0.978500 0.959500 0.017000 0.015000
14 0.951500 0.978000 0.017000 0.016000
9 0.764000 0.970000 0.020000 0.016000
9 0.748000 0.992500 0.020000 0.015000
14 0.472500 0.080000 0.021000 0.022000
13 0.980000 0.204000 0.020000 0.020000
30 0.761500 0.544000 0.177000 0.180000
32 0.787000 0.195500 0.426000 0.391000