7 0.032500 0.316500 0.031000 0.051000
7 0.026500 0.325000 0.027000 0.046000
7 0.057000 0.381000 0.034000 0.052000
7 0.059000 0.428500 0.054000 0.035000
7 0.231000 0.336000 0.076000 0.106000
7 0.035000 0.490500 0.048000 0.031000
7 0.039500 0.499500 0.047000 0.029000
7 0.089500 0.511500 0.029000 0.043000
7 0.082500 0.518500 0.027000 0.045000
7 0.065500 0.531000 0.027000 0.042000
7 0.057000 0.535000 0.026000 0.044000
7 0.135000 0.619000 0.038000 0.058000
7 0.133000 0.702000 0.052000 0.034000
7 0.167500 0.727500 0.029000 0.045000
7 0.190500 0.709500 0.027000 0.049000
7 0.198500 0.704500 0.033000 0.053000
7 0.183500 0.714000 0.029000 0.050000
7 0.179000 0.802500 0.044000 0.031000
7 0.218500 0.826000 0.027000 0.042000
7 0.232500 0.805500 0.029000 0.047000
7 0.241500 0.802500 0.031000 0.049000
5 0.871000 0.198500 0.086000 0.133000
3 0.861000 0.223000 0.040000 0.056000
5 0.965000 0.147500 0.066000 0.127000
7 0.650500 0.315000 0.095000 0.092000
7 0.624000 0.321000 0.104000 0.100000
7 0.748000 0.568500 0.098000 0.091000
6 0.978500 0.461500 0.035000 0.067000
7 0.378000 0.103500 0.052000 0.081000
5 0.372500 0.146000 0.081000 0.102000