28 0.342222 0.132222 0.137778 0.137778
28 0.142222 0.447222 0.113333 0.101111
20 0.155000 0.547778 0.096667 0.093333
28 0.342222 0.421111 0.111111 0.106667
20 0.175556 0.753333 0.111111 0.117778
20 0.190000 0.881667 0.111111 0.121111
25 0.411111 0.828889 0.055556 0.055556
19 0.533889 0.137222 0.067778 0.067778
29 0.540556 0.082778 0.067778 0.065556
25 0.612222 0.093889 0.053333 0.056667
25 0.763889 0.056111 0.070000 0.070000
25 0.768889 0.121111 0.064444 0.060000
25 0.783889 0.176667 0.067778 0.066667
25 0.771667 0.237778 0.067778 0.066667
25 0.981111 0.280556 0.037778 0.056667
25 0.975556 0.217222 0.048889 0.054444
26 0.968889 0.156667 0.062222 0.053333
19 0.967778 0.099444 0.064444 0.072222
26 0.944444 0.983889 0.071111 0.032222
29 0.942222 0.929444 0.082222 0.074444
25 0.791111 0.928889 0.051111 0.053333
27 0.635556 0.972222 0.102222 0.055556