7 0.376500 0.077000 0.035000 0.050000
4 0.591000 0.137000 0.030000 0.038000
1 0.554000 0.085500 0.016000 0.017000
8 0.811000 0.492500 0.106000 0.151000
8 0.926000 0.678000 0.106000 0.152000
8 0.907000 0.689500 0.106000 0.151000
3 0.971500 0.812500 0.057000 0.073000
4 0.558500 0.750500 0.021000 0.051000
7 0.632000 0.794500 0.022000 0.045000
7 0.440500 0.856500 0.015000 0.041000
4 0.431500 0.856500 0.013000 0.039000
2 0.348500 0.928500 0.015000 0.039000
2 0.341500 0.931500 0.013000 0.037000
2 0.333500 0.932500 0.015000 0.035000
6 0.609000 0.888500 0.020000 0.045000
6 0.601500 0.899000 0.027000 0.064000
6 0.705500 0.979500 0.031000 0.041000
6 0.694500 0.981500 0.027000 0.037000
6 0.448000 0.977500 0.032000 0.045000