11 0.784167 0.296250 0.035000 0.037500
14 0.869167 0.276875 0.038333 0.011250
12 0.860833 0.262500 0.041667 0.012500
14 0.825000 0.228125 0.030000 0.011250
14 0.815833 0.213750 0.038333 0.012500
14 0.908333 0.283125 0.023333 0.021250
14 0.930833 0.280000 0.025000 0.022500
12 0.953333 0.276875 0.033333 0.028750
15 0.839167 0.356250 0.035000 0.042500
11 0.808333 0.348750 0.040000 0.067500
14 0.903333 0.363750 0.030000 0.027500
14 0.923333 0.358750 0.026667 0.027500
9 0.941667 0.355000 0.030000 0.027500
14 0.960833 0.348125 0.028333 0.028750
9 0.986667 0.323125 0.026667 0.016250
14 0.912500 0.401250 0.035000 0.032500
9 0.963333 0.471875 0.023333 0.021250
14 0.973333 0.535625 0.023333 0.023750
14 0.982500 0.609375 0.021667 0.023750
14 0.925833 0.623750 0.025000 0.025000
32 0.432500 0.539375 0.738333 0.503750