8 0.441875 0.937500 0.051250 0.085000
8 0.473125 0.939167 0.083750 0.121667
8 0.504375 0.926667 0.093750 0.146667
8 0.418125 0.790833 0.086250 0.181667
8 0.434375 0.780833 0.086250 0.188333
1 0.161875 0.280833 0.026250 0.038333
1 0.203125 0.300000 0.023750 0.026667
1 0.186250 0.301667 0.012500 0.020000
1 0.180000 0.261667 0.015000 0.020000
31 0.845625 0.802500 0.041250 0.048333
31 0.814375 0.844167 0.048750 0.065000
31 0.888750 0.860000 0.042500 0.066667
33 0.869375 0.892500 0.038750 0.051667
33 0.851250 0.920833 0.037500 0.051667
36 0.153750 0.066667 0.035000 0.070000
36 0.377500 0.152500 0.017500 0.038333
36 0.482500 0.229167 0.037500 0.068333