22 0.035500 0.817000 0.071000 0.110000
22 0.093500 0.585000 0.093000 0.094000
22 0.083000 0.493000 0.098000 0.096000
29 0.046000 0.347500 0.070000 0.069000
29 0.190000 0.264500 0.058000 0.063000
20 0.252500 0.289000 0.133000 0.134000
25 0.285500 0.358000 0.063000 0.060000
20 0.290000 0.437000 0.112000 0.106000
20 0.325500 0.617500 0.121000 0.117000
20 0.499500 0.686500 0.105000 0.097000
19 0.589000 0.699500 0.052000 0.059000
22 0.749000 0.751000 0.108000 0.108000
25 0.899000 0.488000 0.064000 0.062000