7 0.137000 0.347500 0.076000 0.055000
7 0.324500 0.221500 0.077000 0.047000
7 0.383500 0.296000 0.035000 0.048000
4 0.393500 0.299500 0.025000 0.031000
2 0.406500 0.301000 0.035000 0.050000
7 0.430500 0.350000 0.063000 0.036000
7 0.428500 0.366000 0.065000 0.038000
7 0.488500 0.374500 0.059000 0.035000
7 0.492500 0.389000 0.065000 0.036000
7 0.487000 0.399500 0.056000 0.029000
7 0.567500 0.425000 0.065000 0.040000
3 0.578500 0.414000 0.049000 0.034000
7 0.652000 0.447000 0.092000 0.048000
2 0.011500 0.481500 0.023000 0.061000
2 0.017000 0.485500 0.034000 0.063000
2 0.028500 0.492000 0.035000 0.060000
2 0.039500 0.495500 0.033000 0.061000
2 0.050000 0.499500 0.034000 0.059000
2 0.061000 0.502500 0.030000 0.059000
2 0.071500 0.508000 0.033000 0.058000
2 0.082500 0.513000 0.033000 0.058000
2 0.093000 0.517000 0.034000 0.058000
2 0.105500 0.523000 0.031000 0.060000
2 0.115500 0.525500 0.029000 0.059000
2 0.127500 0.529500 0.027000 0.059000
2 0.137000 0.532000 0.022000 0.060000
2 0.341500 0.643500 0.027000 0.063000
2 0.354000 0.647000 0.024000 0.060000
2 0.364000 0.649000 0.026000 0.060000
2 0.375000 0.650000 0.022000 0.060000
2 0.386500 0.654500 0.023000 0.059000
2 0.395000 0.656500 0.024000 0.059000
7 0.689000 0.726000 0.076000 0.074000
2 0.853500 0.803000 0.049000 0.030000
2 0.865500 0.791500 0.085000 0.045000