7 0.914167 0.152500 0.111667 0.030000
7 0.916667 0.183750 0.110000 0.030000
7 0.909167 0.166875 0.108333 0.031250
7 0.795000 0.258125 0.096667 0.053750
7 0.782500 0.272500 0.095000 0.055000
7 0.773333 0.284375 0.096667 0.053750
7 0.765833 0.299375 0.091667 0.056250
7 0.755000 0.312500 0.093333 0.050000
7 0.744167 0.323125 0.095000 0.056250
7 0.439167 0.012500 0.085000 0.025000
7 0.420000 0.020625 0.113333 0.041250
5 0.465000 0.211875 0.196667 0.051250
5 0.457500 0.243750 0.198333 0.045000
7 0.730000 0.685000 0.063333 0.085000
7 0.746667 0.694375 0.066667 0.086250
7 0.763333 0.705000 0.066667 0.085000
7 0.783333 0.711875 0.066667 0.083750