14 0.261667 0.892500 0.040000 0.022500
9 0.305833 0.873750 0.035000 0.017500
9 0.348333 0.860625 0.040000 0.018750
9 0.396667 0.846875 0.033333 0.016250
12 0.381667 0.888125 0.046667 0.016250
12 0.436667 0.894375 0.046667 0.011250
11 0.458333 0.846250 0.050000 0.027500
14 0.439167 0.835000 0.038333 0.020000
12 0.480833 0.822500 0.041667 0.022500
14 0.512500 0.803750 0.031667 0.027500
14 0.558333 0.856250 0.033333 0.025000
14 0.589167 0.827500 0.025000 0.022500
14 0.578333 0.790625 0.013333 0.018750
12 0.597500 0.796875 0.035000 0.038750
14 0.242500 0.755625 0.028333 0.031250
12 0.573333 0.116250 0.016667 0.027500
12 0.231667 0.971250 0.023333 0.027500
9 0.163333 0.988125 0.036667 0.021250
14 0.695000 0.176875 0.023333 0.021250