14 0.550000 0.204375 0.033333 0.023750
14 0.520833 0.187500 0.031667 0.022500
31 0.298333 0.355625 0.170000 0.076250
9 0.301667 0.421875 0.026667 0.026250
9 0.404167 0.446250 0.025000 0.022500
11 0.436667 0.454375 0.026667 0.026250
14 0.491667 0.465000 0.020000 0.020000
9 0.471667 0.520625 0.023333 0.026250
14 0.472500 0.546250 0.025000 0.022500
9 0.440833 0.535000 0.028333 0.027500
9 0.775000 0.591250 0.033333 0.022500
9 0.750000 0.575000 0.030000 0.022500
14 0.669167 0.534375 0.021667 0.016250
9 0.655833 0.525625 0.025000 0.018750
9 0.625000 0.574375 0.033333 0.023750
9 0.659167 0.598750 0.028333 0.022500
12 0.679167 0.605000 0.038333 0.027500
14 0.715000 0.628125 0.030000 0.021250
14 0.653333 0.703125 0.033333 0.023750
12 0.633333 0.691875 0.033333 0.023750
9 0.575833 0.655000 0.031667 0.022500
9 0.519167 0.701875 0.035000 0.016250
14 0.510833 0.711875 0.041667 0.018750
11 0.491667 0.741875 0.030000 0.016250
14 0.485000 0.753125 0.033333 0.016250
14 0.401667 0.752500 0.026667 0.025000
14 0.369167 0.743125 0.028333 0.026250
11 0.373333 0.676875 0.036667 0.041250
11 0.346667 0.667500 0.036667 0.035000
11 0.318333 0.658750 0.036667 0.035000
14 0.222500 0.537500 0.028333 0.027500
9 0.187500 0.530625 0.028333 0.023750
14 0.169167 0.531250 0.025000 0.022500
14 0.187500 0.556875 0.021667 0.023750
14 0.154167 0.608125 0.025000 0.023750
14 0.117500 0.680625 0.028333 0.023750
14 0.083333 0.671875 0.023333 0.026250
9 0.274167 0.013125 0.021667 0.026250
9 0.661667 0.282500 0.033333 0.025000
9 0.686667 0.299375 0.026667 0.021250
9 0.715000 0.320625 0.033333 0.023750
14 0.745833 0.341250 0.031667 0.022500
14 0.898333 0.470000 0.033333 0.022500
14 0.982500 0.492500 0.031667 0.020000
11 0.906667 0.746250 0.053333 0.037500
14 0.697500 0.545000 0.031667 0.022500
14 0.835833 0.404375 0.015000 0.011250
14 0.872500 0.424375 0.018333 0.013750
14 0.893333 0.437500 0.026667 0.020000