29 0.837500 0.343500 0.075000 0.067000
28 0.839000 0.434000 0.098000 0.088000
22 0.855000 0.612000 0.082000 0.084000
28 0.871000 0.858500 0.100000 0.089000
29 0.881000 0.947000 0.074000 0.066000
22 0.498000 0.356000 0.080000 0.082000
20 0.505500 0.449000 0.085000 0.080000
28 0.516000 0.537500 0.100000 0.091000
22 0.519500 0.626500 0.079000 0.081000
28 0.543500 0.893500 0.099000 0.087000
21 0.299000 0.378000 0.086000 0.082000
21 0.307500 0.481000 0.087000 0.082000
29 0.020000 0.550000 0.040000 0.048000