25 0.032500 0.760500 0.065000 0.077000
29 0.356000 0.503500 0.068000 0.069000
29 0.402000 0.466000 0.072000 0.072000
25 0.458000 0.417500 0.076000 0.079000
29 0.197000 0.389500 0.062000 0.063000
29 0.237500 0.355000 0.061000 0.062000
29 0.279000 0.321500 0.060000 0.061000
27 0.571500 0.313000 0.109000 0.108000
22 0.797000 0.642000 0.112000 0.112000
21 0.936500 0.535500 0.113000 0.115000
22 0.867000 0.584500 0.116000 0.117000
29 0.738000 0.686000 0.068000 0.070000
29 0.627000 0.784000 0.100000 0.102000
29 0.930500 0.329500 0.081000 0.079000