26 0.391875 0.266667 0.091250 0.130000
25 0.080000 0.044167 0.082500 0.088333
25 0.043750 0.213333 0.087500 0.113333
29 0.040625 0.398333 0.076250 0.106667
26 0.276250 0.316667 0.100000 0.133333
25 0.238750 0.395833 0.097500 0.125000
26 0.451250 0.331667 0.097500 0.126667
25 0.475000 0.430833 0.082500 0.118333
25 0.515625 0.600833 0.083750 0.101667
29 0.330625 0.683333 0.068750 0.090000
25 0.126250 0.905000 0.097500 0.130000
25 0.191250 0.945833 0.100000 0.108333
26 0.278750 0.920000 0.097500 0.133333
25 0.338125 0.831667 0.083750 0.106667