14 0.006500 0.548000 0.011000 0.018000
9 0.015000 0.597000 0.020000 0.014000
9 0.010500 0.606500 0.017000 0.011000
14 0.008500 0.614500 0.017000 0.013000
9 0.506000 0.426000 0.020000 0.022000
9 0.825500 0.292000 0.027000 0.022000
9 0.699000 0.691500 0.016000 0.017000
11 0.490000 0.889500 0.040000 0.059000
9 0.537000 0.964000 0.020000 0.022000
14 0.979500 0.523500 0.023000 0.027000
11 0.756000 0.426000 0.064000 0.080000
9 0.787500 0.541500 0.019000 0.023000
11 0.946500 0.610500 0.033000 0.045000
11 0.891000 0.671000 0.060000 0.080000
11 0.851500 0.768000 0.059000 0.084000
9 0.778000 0.862500 0.022000 0.023000
11 0.743000 0.957000 0.036000 0.044000
14 0.730500 0.945000 0.019000 0.022000
9 0.455000 0.983500 0.016000 0.019000
9 0.132000 0.942000 0.018000 0.020000
9 0.110000 0.904500 0.020000 0.023000
9 0.051000 0.912000 0.024000 0.014000
9 0.103000 0.823000 0.024000 0.016000
9 0.191500 0.794500 0.019000 0.021000
11 0.237000 0.808000 0.030000 0.022000
9 0.156500 0.727500 0.021000 0.013000
9 0.170000 0.722500 0.022000 0.017000
9 0.393000 0.502000 0.020000 0.024000
9 0.348000 0.087000 0.026000 0.016000
12 0.581500 0.074500 0.025000 0.023000
11 0.847500 0.259500 0.029000 0.035000
14 0.495000 0.429000 0.020000 0.022000
35 0.466000 0.133500 0.206000 0.121000