12 0.640833 0.093750 0.048333 0.030000
14 0.465833 0.970000 0.031667 0.022500
9 0.459167 0.886875 0.038333 0.026250
12 0.649167 0.830000 0.048333 0.030000
9 0.612500 0.829375 0.038333 0.018750
9 0.962500 0.785000 0.041667 0.025000
14 0.687500 0.650625 0.038333 0.026250
14 0.115833 0.333750 0.035000 0.022500
9 0.047500 0.336875 0.041667 0.023750
9 0.060000 0.534375 0.040000 0.031250
9 0.495000 0.575625 0.036667 0.023750
14 0.492500 0.556250 0.035000 0.022500
9 0.415833 0.498125 0.041667 0.026250
9 0.909167 0.967500 0.038333 0.025000
9 0.891667 0.958125 0.036667 0.021250
9 0.883333 0.935000 0.036667 0.025000
14 0.865833 0.941250 0.035000 0.022500
9 0.021667 0.880625 0.036667 0.023750
9 0.470000 0.343125 0.040000 0.021250
9 0.450000 0.160625 0.040000 0.028750
14 0.161667 0.032500 0.030000 0.025000
9 0.508333 0.118750 0.030000 0.022500
14 0.917500 0.615000 0.035000 0.027500