30 0.841500 0.306000 0.161000 0.136000
30 0.448500 0.419500 0.145000 0.129000
33 0.542500 0.951500 0.073000 0.097000
33 0.483500 0.956000 0.075000 0.088000
33 0.424000 0.962000 0.072000 0.076000
33 0.363500 0.968000 0.069000 0.064000
33 0.498000 0.833000 0.074000 0.098000
33 0.440500 0.844000 0.075000 0.100000
33 0.382000 0.855000 0.076000 0.100000
33 0.322500 0.868000 0.075000 0.100000
30 0.569000 0.105000 0.124000 0.096000
14 0.977000 0.067500 0.010000 0.013000
14 0.779000 0.813000 0.016000 0.018000
14 0.991500 0.684500 0.017000 0.013000