14 0.589167 0.796875 0.035000 0.026250
14 0.909167 0.830000 0.038333 0.025000
9 0.897500 0.796875 0.031667 0.021250
9 0.849167 0.783750 0.035000 0.020000
9 0.795000 0.719375 0.036667 0.023750
14 0.762500 0.697500 0.028333 0.017500
14 0.753333 0.689375 0.030000 0.018750
12 0.739167 0.682500 0.035000 0.020000
12 0.725833 0.660000 0.038333 0.022500
9 0.731667 0.670000 0.033333 0.020000
12 0.703333 0.683750 0.033333 0.020000
12 0.694167 0.675000 0.038333 0.025000
14 0.681667 0.666250 0.040000 0.025000
14 0.172500 0.368750 0.038333 0.022500
12 0.178333 0.296875 0.043333 0.026250
12 0.180000 0.331250 0.036667 0.030000
14 0.154167 0.285625 0.041667 0.026250
14 0.088333 0.309375 0.036667 0.018750
14 0.080000 0.365625 0.030000 0.026250
14 0.030833 0.380000 0.028333 0.020000
14 0.215000 0.035000 0.016667 0.020000
14 0.019167 0.193750 0.028333 0.022500
14 0.211667 0.400000 0.036667 0.022500
14 0.277500 0.330625 0.031667 0.021250
14 0.389167 0.400625 0.035000 0.021250
12 0.448333 0.483125 0.043333 0.028750
14 0.491667 0.521875 0.033333 0.023750
9 0.505833 0.529375 0.035000 0.023750
9 0.535000 0.516250 0.036667 0.025000
14 0.570000 0.543125 0.030000 0.018750
9 0.602500 0.570000 0.038333 0.022500
9 0.617500 0.581250 0.041667 0.022500
14 0.628333 0.591250 0.036667 0.022500
14 0.671667 0.635000 0.043333 0.027500
14 0.694167 0.640625 0.035000 0.021250
9 0.175000 0.659375 0.033333 0.023750
14 0.589167 0.938750 0.038333 0.027500
9 0.751667 0.170000 0.036667 0.025000
9 0.605833 0.233125 0.031667 0.023750
14 0.668333 0.276875 0.033333 0.023750
14 0.748333 0.290625 0.033333 0.023750
14 0.796667 0.372500 0.036667 0.025000
14 0.697500 0.296875 0.035000 0.028750
14 0.990833 0.899375 0.018333 0.016250
14 0.961667 0.834375 0.036667 0.023750