21 0.410000 0.840500 0.078000 0.081000
21 0.652500 0.933000 0.069000 0.064000
26 0.837500 0.923000 0.063000 0.056000
21 0.649500 0.832000 0.081000 0.078000
21 0.843000 0.716000 0.086000 0.086000
21 0.647000 0.721500 0.080000 0.077000
20 0.833500 0.603500 0.093000 0.103000
25 0.533000 0.554500 0.060000 0.059000
21 0.584000 0.503500 0.112000 0.115000
22 0.825000 0.481000 0.072000 0.078000
19 0.417000 0.407500 0.050000 0.051000
28 0.636500 0.380500 0.073000 0.081000
21 0.816000 0.372000 0.072000 0.064000
26 0.404500 0.246500 0.069000 0.071000
22 0.820000 0.271500 0.066000 0.063000
22 0.625000 0.176000 0.070000 0.064000
22 0.817000 0.169500 0.082000 0.081000