26 0.273125 0.325833 0.086250 0.105000
19 0.310000 0.246667 0.067500 0.096667
21 0.380625 0.216667 0.123750 0.170000
29 0.460000 0.239167 0.045000 0.075000
29 0.497500 0.169167 0.042500 0.065000
29 0.536875 0.195833 0.056250 0.071667
20 0.658125 0.088333 0.138750 0.176667
21 0.593750 0.320000 0.130000 0.173333
22 0.686250 0.400000 0.130000 0.173333
25 0.525625 0.598333 0.071250 0.100000
26 0.608750 0.640000 0.087500 0.120000
29 0.781875 0.334167 0.071250 0.095000
29 0.829375 0.358333 0.031250 0.060000
29 0.868750 0.393333 0.040000 0.050000
29 0.854375 0.455000 0.048750 0.060000
29 0.801250 0.582500 0.055000 0.068333
29 0.950000 0.474167 0.052500 0.081667
26 0.958750 0.647500 0.082500 0.101667
25 0.855000 0.708333 0.070000 0.093333
25 0.895625 0.771667 0.066250 0.090000
26 0.631875 0.960000 0.088750 0.080000
21 0.234375 0.935833 0.128750 0.128333
20 0.144375 0.861667 0.141250 0.193333
20 0.050625 0.822500 0.101250 0.178333