9 0.862500 0.410625 0.011667 0.018750
12 0.853333 0.434375 0.033333 0.031250
14 0.786667 0.425000 0.030000 0.017500
9 0.735833 0.480000 0.035000 0.020000
14 0.726667 0.490000 0.033333 0.017500
9 0.719167 0.500000 0.035000 0.020000
12 0.708333 0.511875 0.040000 0.023750
14 0.908333 0.543750 0.023333 0.022500
9 0.900833 0.615625 0.025000 0.023750
14 0.767500 0.604375 0.025000 0.021250
12 0.454167 0.405000 0.028333 0.025000
9 0.594167 0.353125 0.028333 0.023750
9 0.119167 0.830625 0.031667 0.028750
35 0.886667 0.121250 0.223333 0.165000