14 0.272500 0.152500 0.048333 0.022500
14 0.370833 0.179375 0.045000 0.023750
9 0.410000 0.188750 0.040000 0.022500
14 0.868333 0.143750 0.040000 0.020000
9 0.583333 0.442500 0.040000 0.020000
9 0.727500 0.388125 0.031667 0.026250
9 0.727500 0.463125 0.031667 0.026250
9 0.640000 0.553750 0.030000 0.025000
11 0.614167 0.576875 0.028333 0.023750
12 0.591667 0.595625 0.036667 0.031250
11 0.715000 0.562500 0.056667 0.022500
9 0.657500 0.676875 0.041667 0.021250
9 0.763333 0.703750 0.040000 0.022500
14 0.917500 0.749375 0.038333 0.018750
14 0.914167 0.789375 0.041667 0.016250
35 0.504167 0.661875 0.135000 0.101250
9 0.054167 0.682500 0.028333 0.025000
14 0.090833 0.847500 0.018333 0.015000
9 0.316667 0.880000 0.033333 0.027500
12 0.220833 0.894375 0.035000 0.028750
14 0.211667 0.934375 0.030000 0.023750
9 0.262500 0.931250 0.038333 0.032500
12 0.803333 0.924375 0.030000 0.026250
14 0.823333 0.930000 0.023333 0.020000
12 0.881667 0.931875 0.033333 0.028750
14 0.619167 0.938750 0.028333 0.022500
12 0.691667 0.939375 0.046667 0.021250
9 0.685833 0.955000 0.025000 0.010000
9 0.511667 0.889375 0.026667 0.023750
35 0.825000 0.335625 0.156667 0.106250