22 0.927000 0.576500 0.082000 0.079000
20 0.932000 0.702500 0.088000 0.085000
20 0.936500 0.813500 0.089000 0.085000
22 0.941000 0.935500 0.080000 0.079000
22 0.728500 0.474500 0.083000 0.079000
22 0.731500 0.584500 0.083000 0.079000
20 0.731500 0.715000 0.093000 0.102000
20 0.737000 0.849500 0.096000 0.101000
22 0.741500 0.949500 0.081000 0.077000
22 0.494000 0.953500 0.082000 0.079000
29 0.493000 0.843500 0.090000 0.085000
22 0.487000 0.735000 0.082000 0.080000
20 0.477500 0.603000 0.089000 0.084000
22 0.307500 0.964000 0.081000 0.072000
22 0.302500 0.784000 0.081000 0.078000
22 0.299000 0.692500 0.082000 0.079000
20 0.293500 0.601000 0.089000 0.082000
29 0.298500 0.509500 0.043000 0.049000
29 0.015500 0.924500 0.031000 0.045000
29 0.017500 0.977000 0.035000 0.044000
22 0.179500 0.321500 0.079000 0.081000
25 0.704500 0.346000 0.043000 0.044000