29 0.045833 0.061875 0.075000 0.051250
29 0.054167 0.184375 0.065000 0.046250
29 0.263333 0.046250 0.066667 0.042500
29 0.265000 0.104375 0.080000 0.046250
29 0.451667 0.100000 0.066667 0.042500
29 0.395833 0.150625 0.061667 0.051250
29 0.559167 0.018125 0.075000 0.036250
29 0.677500 0.033125 0.068333 0.046250
29 0.671667 0.090625 0.080000 0.046250
29 0.744167 0.141250 0.061667 0.045000
29 0.682500 0.135625 0.071667 0.056250
29 0.863333 0.022500 0.080000 0.045000
29 0.228333 0.640000 0.063333 0.042500