25 0.477500 0.224167 0.060000 0.078333
29 0.535625 0.335833 0.086250 0.115000
25 0.355000 0.364167 0.080000 0.108333
25 0.417500 0.459167 0.082500 0.111667
25 0.471250 0.546667 0.080000 0.106667
29 0.526875 0.650833 0.081250 0.108333
26 0.318750 0.480833 0.082500 0.111667
25 0.158750 0.545000 0.082500 0.110000
25 0.200000 0.610833 0.080000 0.105000
29 0.277500 0.749167 0.077500 0.105000
29 0.360625 0.884167 0.083750 0.111667
29 0.059375 0.913333 0.083750 0.113333
29 0.395625 0.950000 0.076250 0.100000