19 0.094000 0.327000 0.048000 0.046000
26 0.097500 0.387000 0.061000 0.048000
29 0.095500 0.449500 0.045000 0.043000
25 0.188500 0.470500 0.047000 0.049000
25 0.099000 0.502500 0.044000 0.047000
29 0.097500 0.564000 0.073000 0.066000
25 0.194000 0.616000 0.046000 0.046000
25 0.104500 0.701500 0.049000 0.047000
25 0.109000 0.756000 0.046000 0.046000
19 0.097000 0.829000 0.048000 0.044000
25 0.118500 0.924000 0.049000 0.046000
25 0.056000 0.924000 0.044000 0.044000
29 0.408500 0.138000 0.073000 0.070000
21 0.578500 0.258000 0.097000 0.090000
21 0.574000 0.382000 0.088000 0.082000
29 0.577500 0.512500 0.071000 0.065000
20 0.387500 0.379500 0.095000 0.093000
20 0.389000 0.467000 0.096000 0.092000
20 0.393000 0.559500 0.094000 0.089000
27 0.399000 0.654000 0.078000 0.084000
20 0.402500 0.743000 0.093000 0.086000
20 0.405000 0.834500 0.094000 0.087000
20 0.410500 0.926000 0.095000 0.086000
20 0.590500 0.731000 0.091000 0.086000
26 0.591000 0.832500 0.056000 0.047000
21 0.594000 0.923500 0.086000 0.081000
27 0.819500 0.250500 0.085000 0.083000
28 0.817500 0.361500 0.097000 0.091000
28 0.822500 0.493000 0.101000 0.090000
20 0.836000 0.624000 0.094000 0.088000
27 0.834500 0.726500 0.077000 0.085000
27 0.842500 0.909500 0.085000 0.081000