29 0.583333 0.778750 0.100000 0.072500
29 0.795833 0.207500 0.075000 0.050000
29 0.546667 0.303125 0.076667 0.056250
29 0.659167 0.253750 0.065000 0.050000
29 0.210000 0.275000 0.103333 0.077500
29 0.258333 0.331250 0.093333 0.070000
29 0.631667 0.839375 0.093333 0.066250
29 0.195000 0.187500 0.100000 0.075000
29 0.809167 0.567500 0.088333 0.062500
29 0.342500 0.100000 0.071667 0.055000
29 0.236667 0.143125 0.080000 0.063750
29 0.339167 0.376875 0.095000 0.066250
29 0.938333 0.754375 0.103333 0.073750