14 0.978750 0.631667 0.022500 0.033333
11 0.832500 0.289167 0.050000 0.031667
14 0.796250 0.280000 0.025000 0.020000
12 0.623750 0.220833 0.022500 0.041667
14 0.930625 0.048333 0.011250 0.010000
14 0.751875 0.683333 0.013750 0.013333
35 0.670000 0.478333 0.075000 0.060000
12 0.486250 0.795833 0.015000 0.035000
12 0.502500 0.936667 0.017500 0.040000
12 0.483125 0.945000 0.018750 0.043333
12 0.469375 0.915000 0.023750 0.040000
14 0.881875 0.905833 0.023750 0.018333
9 0.857500 0.896667 0.022500 0.026667
14 0.838750 0.883333 0.022500 0.016667
14 0.805000 0.859167 0.022500 0.011667
9 0.791875 0.606667 0.023750 0.016667
9 0.766250 0.599167 0.027500 0.018333
14 0.211875 0.767500 0.023750 0.048333
14 0.194375 0.767500 0.023750 0.048333
14 0.173750 0.764167 0.022500 0.048333
11 0.140000 0.763333 0.047500 0.050000
11 0.125000 0.757500 0.045000 0.048333
11 0.108125 0.750833 0.043750 0.051667
11 0.090000 0.746667 0.045000 0.053333
11 0.075625 0.740833 0.043750 0.051667
11 0.055000 0.737500 0.042500 0.051667
11 0.037500 0.734167 0.045000 0.055000
11 0.011875 0.720000 0.023750 0.043333
14 0.539375 0.975000 0.013750 0.030000
14 0.546250 0.943333 0.015000 0.026667
9 0.558125 0.883333 0.011250 0.030000
9 0.564375 0.854167 0.011250 0.025000
14 0.570625 0.826667 0.016250 0.030000
12 0.613125 0.806667 0.008750 0.026667
9 0.588125 0.746667 0.011250 0.016667
9 0.593125 0.720833 0.013750 0.031667
14 0.633125 0.700000 0.013750 0.030000
9 0.656250 0.600833 0.015000 0.028333
14 0.965000 0.538333 0.022500 0.016667
14 0.940625 0.532500 0.023750 0.015000
14 0.906875 0.524167 0.026250 0.018333
9 0.876875 0.515833 0.023750 0.015000
14 0.826250 0.503333 0.050000 0.033333
9 0.781250 0.491667 0.027500 0.016667
9 0.983125 0.354167 0.023750 0.018333
9 0.913125 0.413333 0.023750 0.013333
9 0.916875 0.396667 0.023750 0.013333
14 0.930000 0.342500 0.020000 0.011667
14 0.945625 0.284167 0.011250 0.025000
9 0.748125 0.385000 0.023750 0.013333
14 0.811875 0.400000 0.021250 0.013333
12 0.831875 0.075833 0.028750 0.018333
9 0.716250 0.341667 0.012500 0.026667
14 0.728750 0.289167 0.010000 0.025000
9 0.710000 0.118333 0.015000 0.030000
9 0.717500 0.088333 0.012500 0.030000
11 0.075625 0.260000 0.048750 0.046667
11 0.052500 0.256667 0.052500 0.053333
11 0.033750 0.250000 0.047500 0.053333
14 0.758125 0.062500 0.013750 0.028333
11 0.498750 0.299167 0.047500 0.141667
11 0.486250 0.271667 0.037500 0.140000
11 0.474375 0.239167 0.031250 0.131667
11 0.442500 0.260000 0.045000 0.133333
11 0.591250 0.214167 0.022500 0.061667
11 0.576250 0.208333 0.025000 0.053333
11 0.661250 0.203333 0.025000 0.066667
11 0.653750 0.131667 0.042500 0.020000
11 0.627500 0.152500 0.045000 0.025000
11 0.580000 0.146667 0.050000 0.023333
11 0.592500 0.127500 0.062500 0.018333
11 0.611875 0.109167 0.056250 0.021667
12 0.550625 0.090000 0.018750 0.033333
14 0.534375 0.087500 0.016250 0.035000
11 0.496875 0.108333 0.071250 0.060000
14 0.418125 0.051667 0.018750 0.040000
14 0.403125 0.045833 0.016250 0.035000
14 0.378750 0.038333 0.015000 0.033333
14 0.349375 0.029167 0.016250 0.035000
14 0.335000 0.028333 0.020000 0.040000
14 0.345625 0.378333 0.023750 0.016667
11 0.270625 0.359167 0.093750 0.041667
11 0.170625 0.305000 0.051250 0.033333
11 0.173125 0.285833 0.051250 0.031667
11 0.193750 0.227500 0.025000 0.061667
11 0.181250 0.190833 0.025000 0.068333
11 0.163750 0.187500 0.025000 0.065000
11 0.148125 0.185000 0.026250 0.066667
11 0.132500 0.176667 0.027500 0.063333
11 0.095625 0.165833 0.028750 0.061667
11 0.077500 0.158333 0.025000 0.060000
11 0.060625 0.153333 0.026250 0.060000
11 0.045625 0.153333 0.023750 0.060000
11 0.029375 0.153333 0.026250 0.060000
14 0.091875 0.029167 0.031250 0.028333