9 0.980000 0.120000 0.026667 0.027500
9 0.809167 0.065625 0.028333 0.026250
9 0.796667 0.048125 0.030000 0.028750
14 0.763333 0.030000 0.036667 0.017500
14 0.840833 0.176875 0.051667 0.023750
14 0.114167 0.110625 0.048333 0.018750
9 0.330833 0.161250 0.038333 0.015000
14 0.670000 0.201875 0.040000 0.016250
14 0.896667 0.243750 0.030000 0.027500
9 0.824167 0.239375 0.021667 0.021250
12 0.876667 0.253750 0.030000 0.030000
12 0.837500 0.260625 0.028333 0.026250
14 0.815833 0.263125 0.021667 0.023750
9 0.675000 0.215625 0.043333 0.016250
9 0.750000 0.264375 0.026667 0.026250
12 0.692500 0.253750 0.038333 0.015000
14 0.550000 0.220625 0.033333 0.013750
9 0.555000 0.246875 0.036667 0.016250
14 0.548333 0.271875 0.033333 0.013750
14 0.544167 0.305000 0.031667 0.030000
14 0.569167 0.299375 0.025000 0.031250
14 0.925833 0.298125 0.035000 0.016250
12 0.982500 0.576875 0.025000 0.028750
9 0.906667 0.566250 0.020000 0.027500
14 0.790000 0.588125 0.026667 0.028750
9 0.767500 0.592500 0.028333 0.030000
9 0.751667 0.599375 0.026667 0.026250
9 0.731667 0.601875 0.023333 0.026250
14 0.714167 0.607500 0.028333 0.030000
9 0.693333 0.609375 0.023333 0.023750
14 0.712500 0.631875 0.021667 0.021250
12 0.689167 0.635625 0.028333 0.028750
12 0.668333 0.639375 0.026667 0.028750
14 0.648333 0.638125 0.026667 0.028750
9 0.671667 0.613750 0.020000 0.022500
9 0.653333 0.696875 0.033333 0.026250
14 0.764167 0.823750 0.025000 0.027500
9 0.714167 0.553125 0.038333 0.021250
14 0.703333 0.511875 0.033333 0.016250
9 0.678333 0.476875 0.043333 0.018750
9 0.694167 0.500625 0.031667 0.013750
9 0.605000 0.518750 0.033333 0.017500
14 0.599167 0.507500 0.035000 0.017500
14 0.591667 0.493750 0.036667 0.017500
14 0.533333 0.363750 0.043333 0.022500
11 0.600000 0.353750 0.073333 0.027500
11 0.735833 0.333750 0.075000 0.027500
11 0.598333 0.156250 0.053333 0.042500
11 0.575000 0.151250 0.053333 0.042500
11 0.550833 0.143125 0.055000 0.043750
10 0.525000 0.139375 0.056667 0.043750
11 0.500000 0.130000 0.056667 0.047500
11 0.476667 0.122500 0.053333 0.045000
10 0.454167 0.118125 0.055000 0.043750
11 0.404167 0.104375 0.071667 0.056250
11 0.380000 0.098125 0.060000 0.051250
11 0.356667 0.092500 0.066667 0.052500
11 0.329167 0.086875 0.068333 0.048750
11 0.303333 0.081875 0.066667 0.051250
11 0.279167 0.077500 0.068333 0.050000
11 0.254167 0.069375 0.061667 0.051250
11 0.229167 0.063750 0.065000 0.050000
11 0.204167 0.055625 0.065000 0.051250
11 0.176667 0.051250 0.063333 0.050000
11 0.155000 0.043125 0.066667 0.051250
11 0.129167 0.040625 0.065000 0.048750
11 0.105833 0.035625 0.065000 0.048750
11 0.080833 0.026875 0.065000 0.051250
9 0.660000 0.019375 0.026667 0.013750
14 0.899167 0.522500 0.031667 0.032500
11 0.180833 0.717500 0.085000 0.017500