21 0.285833 0.042500 0.158333 0.085000
21 0.270833 0.121875 0.161667 0.121250
19 0.130000 0.216875 0.103333 0.078750
19 0.341667 0.208750 0.106667 0.080000
21 0.455000 0.243125 0.133333 0.103750
21 0.585833 0.317500 0.148333 0.110000
21 0.668333 0.426875 0.146667 0.108750
19 0.710833 0.543750 0.081667 0.060000
21 0.686667 0.644375 0.130000 0.093750
19 0.710000 0.721875 0.110000 0.081250
19 0.163333 0.581250 0.100000 0.080000
19 0.792500 0.791875 0.095000 0.073750
19 0.920833 0.756250 0.095000 0.072500