19 0.084000 0.042000 0.066000 0.068000
22 0.091500 0.272500 0.107000 0.107000
19 0.228000 0.310500 0.064000 0.063000
25 0.257500 0.161500 0.063000 0.063000
26 0.333000 0.114000 0.066000 0.070000
27 0.513500 0.928500 0.091000 0.089000
21 0.490500 0.565000 0.097000 0.100000
29 0.633000 0.544500 0.132000 0.135000
19 0.666000 0.614500 0.064000 0.059000
20 0.706500 0.874000 0.121000 0.116000
26 0.790000 0.958000 0.044000 0.054000
29 0.881500 0.943500 0.105000 0.097000
19 0.971000 0.957500 0.052000 0.057000