20 0.970500 0.490500 0.059000 0.093000
25 0.853000 0.360500 0.064000 0.063000
20 0.713500 0.485000 0.117000 0.116000
22 0.534500 0.483500 0.107000 0.105000
22 0.425000 0.333500 0.110000 0.109000
20 0.361000 0.260000 0.122000 0.118000
22 0.406500 0.074500 0.107000 0.107000
29 0.522500 0.224000 0.087000 0.084000
22 0.573500 0.300500 0.107000 0.105000
20 0.631000 0.191000 0.118000 0.122000
22 0.704500 0.120000 0.109000 0.108000
21 0.652000 0.057000 0.122000 0.114000
22 0.532000 0.061000 0.094000 0.098000
29 0.166000 0.760500 0.044000 0.047000