35 0.221667 0.482500 0.226667 0.180000
14 0.462500 0.060000 0.021667 0.015000
12 0.395833 0.014375 0.038333 0.026250
9 0.528333 0.086250 0.013333 0.020000
14 0.506667 0.084375 0.016667 0.021250
14 0.488333 0.083125 0.013333 0.021250
9 0.430833 0.130625 0.018333 0.021250
14 0.546667 0.481250 0.016667 0.017500
9 0.553333 0.499375 0.030000 0.028750
17 0.518333 0.917500 0.036667 0.025000
14 0.530833 0.908125 0.045000 0.026250
11 0.570833 0.906250 0.041667 0.027500
14 0.565000 0.924375 0.030000 0.018750
14 0.594167 0.941250 0.041667 0.025000
14 0.628333 0.955625 0.033333 0.021250
14 0.642500 0.940625 0.028333 0.023750
14 0.626667 0.935000 0.026667 0.020000