7 0.827000 0.534500 0.102000 0.075000
5 0.792000 0.306500 0.050000 0.045000
7 0.631000 0.184500 0.052000 0.039000
7 0.564500 0.163500 0.039000 0.031000
7 0.433000 0.158500 0.064000 0.087000
7 0.352500 0.406500 0.109000 0.087000
7 0.738000 0.675500 0.080000 0.061000
7 0.828500 0.740000 0.069000 0.050000
7 0.839000 0.523000 0.090000 0.066000
5 0.854000 0.505500 0.094000 0.075000
7 0.822500 0.437000 0.261000 0.202000
7 0.822000 0.374000 0.106000 0.082000
7 0.571500 0.147500 0.037000 0.029000
7 0.567000 0.154500 0.036000 0.029000