14 0.105000 0.061875 0.013333 0.018750
12 0.154167 0.945625 0.055000 0.048750
14 0.040000 0.890000 0.036667 0.020000
14 0.056667 0.866250 0.036667 0.020000
14 0.078333 0.855625 0.036667 0.018750
14 0.112500 0.801250 0.035000 0.020000
9 0.230833 0.681875 0.031667 0.016250
9 0.238333 0.671875 0.023333 0.013750
14 0.255833 0.660625 0.038333 0.021250
12 0.237500 0.605625 0.045000 0.023750
9 0.358333 0.601875 0.030000 0.016250
9 0.360000 0.588750 0.030000 0.017500
9 0.349167 0.582500 0.031667 0.017500
14 0.498333 0.601875 0.026667 0.023750
9 0.544167 0.527500 0.028333 0.022500
9 0.489167 0.507500 0.031667 0.012500
9 0.495833 0.463125 0.031667 0.008750
9 0.490833 0.450625 0.028333 0.008750
9 0.175000 0.384375 0.030000 0.008750
9 0.165000 0.347500 0.030000 0.007500
12 0.809167 0.206875 0.061667 0.048750
14 0.746667 0.181250 0.043333 0.022500
14 0.765833 0.160000 0.035000 0.020000
12 0.778333 0.150000 0.036667 0.020000
9 0.611667 0.068125 0.033333 0.016250
14 0.970000 0.116875 0.033333 0.021250
14 0.887500 0.106250 0.035000 0.020000
12 0.816667 0.110625 0.036667 0.021250
9 0.825833 0.098125 0.031667 0.018750
14 0.854167 0.077500 0.041667 0.022500
14 0.955833 0.058125 0.025000 0.021250
12 0.827500 0.037500 0.035000 0.010000
14 0.826667 0.010625 0.036667 0.011250
9 0.346667 0.670000 0.030000 0.020000
14 0.335833 0.679375 0.035000 0.021250
9 0.085000 0.841250 0.033333 0.020000