36 0.437500 0.071250 0.175000 0.142500
9 0.098333 0.351875 0.036667 0.016250
9 0.189167 0.184375 0.028333 0.023750
11 0.089167 0.852500 0.045000 0.017500
9 0.136667 0.918750 0.036667 0.027500
12 0.225000 0.940000 0.036667 0.032500
14 0.366667 0.990000 0.036667 0.015000
14 0.372500 0.978750 0.041667 0.015000
14 0.376667 0.969375 0.033333 0.016250
12 0.952500 0.879375 0.051667 0.041250
14 0.922500 0.853750 0.021667 0.020000
14 0.902500 0.827500 0.031667 0.030000
14 0.798333 0.731875 0.033333 0.028750
14 0.595833 0.726250 0.025000 0.020000
14 0.644167 0.696875 0.038333 0.033750
12 0.624167 0.693125 0.035000 0.033750
12 0.598333 0.688125 0.036667 0.031250
12 0.569167 0.684375 0.035000 0.028750
12 0.546667 0.678125 0.040000 0.033750
12 0.523333 0.674375 0.043333 0.036250
12 0.489167 0.679375 0.035000 0.028750
12 0.448333 0.669375 0.040000 0.036250
14 0.432500 0.651250 0.025000 0.017500
9 0.826667 0.684375 0.026667 0.023750
14 0.732500 0.635000 0.035000 0.030000
14 0.649167 0.616875 0.035000 0.031250
14 0.594167 0.633125 0.035000 0.028750
14 0.576667 0.628750 0.036667 0.030000
14 0.538333 0.618125 0.036667 0.031250
14 0.531667 0.591250 0.036667 0.032500
9 0.862500 0.616250 0.031667 0.030000
9 0.822500 0.606875 0.031667 0.028750
14 0.705000 0.580625 0.036667 0.033750
14 0.622500 0.535625 0.028333 0.026250
14 0.673333 0.498750 0.030000 0.027500
14 0.266667 0.588125 0.040000 0.016250
14 0.240000 0.571250 0.046667 0.017500
14 0.195833 0.558750 0.048333 0.020000
14 0.175833 0.568125 0.038333 0.016250
14 0.380833 0.118750 0.028333 0.025000
12 0.357500 0.156250 0.035000 0.032500
12 0.420000 0.519375 0.036667 0.033750
12 0.290833 0.493125 0.031667 0.028750
12 0.266667 0.485000 0.036667 0.032500
9 0.160000 0.451250 0.026667 0.027500
14 0.075833 0.700625 0.041667 0.016250
9 0.039167 0.794375 0.018333 0.021250
9 0.060833 0.795625 0.025000 0.023750
14 0.154167 0.754375 0.028333 0.026250
9 0.173333 0.757500 0.033333 0.027500
14 0.227500 0.747500 0.038333 0.017500
9 0.217500 0.765625 0.028333 0.023750
9 0.252500 0.798125 0.041667 0.016250
9 0.270833 0.784375 0.028333 0.023750
14 0.251667 0.778750 0.026667 0.025000
14 0.248333 0.810625 0.030000 0.021250
9 0.200000 0.878750 0.043333 0.017500
9 0.436667 0.806875 0.043333 0.013750
9 0.834167 0.873125 0.038333 0.018750
14 0.810000 0.895625 0.040000 0.018750
11 0.795000 0.904375 0.043333 0.018750
12 0.685833 0.933125 0.038333 0.033750
12 0.556667 0.831875 0.036667 0.033750
14 0.575833 0.838750 0.028333 0.025000
14 0.539167 0.852500 0.025000 0.022500
9 0.489167 0.856250 0.028333 0.025000
9 0.450000 0.905000 0.030000 0.025000
14 0.406667 0.928750 0.033333 0.017500
9 0.665833 0.889375 0.041667 0.018750
12 0.718333 0.868750 0.033333 0.035000
14 0.708333 0.899375 0.020000 0.023750
9 0.615000 0.867500 0.043333 0.017500
9 0.586667 0.873125 0.023333 0.013750
12 0.521667 0.956250 0.046667 0.020000
14 0.674167 0.878750 0.041667 0.020000