22 0.970500 0.295500 0.059000 0.079000
29 0.975500 0.395000 0.049000 0.062000
20 0.966000 0.187000 0.068000 0.104000
22 0.965000 0.077500 0.070000 0.079000
22 0.790500 0.194500 0.073000 0.063000
21 0.786000 0.306500 0.094000 0.085000
21 0.792000 0.406000 0.094000 0.084000
20 0.577000 0.568000 0.088000 0.082000
29 0.573000 0.475000 0.042000 0.046000
25 0.573500 0.423000 0.049000 0.048000
25 0.567000 0.231000 0.048000 0.044000
29 0.416000 0.443000 0.048000 0.048000
29 0.312000 0.476000 0.044000 0.040000
25 0.139500 0.487000 0.045000 0.048000