35 0.903500 0.800500 0.063000 0.059000
9 0.438500 0.100500 0.021000 0.015000
9 0.437000 0.110000 0.018000 0.014000
14 0.432000 0.117500 0.018000 0.013000
12 0.420000 0.128500 0.022000 0.015000
11 0.345000 0.188500 0.028000 0.033000
14 0.302500 0.258000 0.015000 0.018000
15 0.273000 0.320000 0.038000 0.044000
14 0.655000 0.205500 0.012000 0.015000
14 0.205500 0.404500 0.015000 0.017000
14 0.353000 0.630000 0.018000 0.020000
14 0.100500 0.618500 0.019000 0.015000
14 0.097500 0.625500 0.017000 0.013000
14 0.089000 0.643500 0.020000 0.015000
14 0.084000 0.650500 0.020000 0.015000
14 0.073000 0.677500 0.020000 0.015000
14 0.046500 0.720500 0.017000 0.013000
14 0.037000 0.732000 0.018000 0.014000
14 0.031000 0.745500 0.018000 0.013000
14 0.018500 0.763000 0.021000 0.016000
14 0.016500 0.770500 0.017000 0.013000
15 0.078500 0.838000 0.071000 0.034000
14 0.091500 0.987000 0.021000 0.014000
14 0.147000 0.961000 0.012000 0.018000
9 0.144500 0.944500 0.013000 0.017000
9 0.017000 0.590000 0.014000 0.020000
9 0.009000 0.586000 0.014000 0.018000
14 0.025500 0.467000 0.017000 0.020000
11 0.040500 0.418500 0.035000 0.045000
9 0.062000 0.413500 0.016000 0.017000
11 0.075500 0.363000 0.023000 0.028000
12 0.098500 0.354000 0.017000 0.020000
11 0.113000 0.331000 0.018000 0.024000
11 0.078500 0.327500 0.029000 0.037000
15 0.104000 0.314000 0.042000 0.056000
15 0.133500 0.260000 0.031000 0.044000
14 0.157000 0.216000 0.016000 0.022000
12 0.178500 0.161500 0.019000 0.033000
14 0.200000 0.149000 0.014000 0.018000
11 0.193000 0.114000 0.026000 0.046000
14 0.219000 0.077000 0.010000 0.014000
9 0.187500 0.072000 0.009000 0.014000
11 0.209000 0.064500 0.018000 0.035000
14 0.218000 0.024500 0.010000 0.017000
11 0.268500 0.097000 0.013000 0.010000
9 0.275500 0.084500 0.015000 0.011000
9 0.281000 0.075000 0.014000 0.012000
9 0.291500 0.058500 0.015000 0.011000
9 0.296500 0.050000 0.017000 0.012000
9 0.307000 0.032000 0.014000 0.010000
9 0.314000 0.024000 0.014000 0.012000
12 0.320000 0.016000 0.016000 0.012000
11 0.732000 0.963000 0.020000 0.018000
14 0.771000 0.929000 0.018000 0.018000
11 0.842500 0.836000 0.043000 0.040000
11 0.978500 0.753500 0.035000 0.033000
11 0.829500 0.761000 0.049000 0.030000
12 0.924000 0.089000 0.032000 0.032000
11 0.482500 0.026500 0.017000 0.015000
11 0.461500 0.013000 0.021000 0.020000
14 0.521500 0.107000 0.023000 0.018000