30 0.663500 0.124500 0.109000 0.103000
11 0.400500 0.341500 0.029000 0.039000
11 0.708000 0.289000 0.030000 0.032000
11 0.689000 0.287500 0.032000 0.033000
11 0.670500 0.290000 0.031000 0.032000
11 0.650000 0.290000 0.028000 0.030000
11 0.630000 0.288500 0.032000 0.033000
11 0.727000 0.286000 0.032000 0.034000
11 0.611000 0.291000 0.034000 0.034000
11 0.591500 0.292500 0.031000 0.033000
11 0.574500 0.294500 0.031000 0.033000
11 0.555500 0.295000 0.033000 0.034000
11 0.537500 0.296500 0.035000 0.037000
11 0.516500 0.296500 0.033000 0.031000
11 0.496500 0.298000 0.033000 0.032000
11 0.457500 0.299500 0.029000 0.031000
11 0.734000 0.224500 0.022000 0.041000
11 0.719000 0.223000 0.026000 0.034000
11 0.699500 0.226500 0.033000 0.037000
11 0.678500 0.229500 0.029000 0.033000
11 0.661500 0.226500 0.027000 0.037000
11 0.641500 0.230000 0.025000 0.034000
11 0.622000 0.231500 0.026000 0.035000
11 0.602500 0.232000 0.025000 0.034000
11 0.585000 0.230500 0.030000 0.033000
11 0.128000 0.895500 0.040000 0.023000
11 0.175000 0.646500 0.032000 0.035000
11 0.191500 0.649000 0.029000 0.034000
11 0.207500 0.651500 0.033000 0.039000
11 0.250000 0.638500 0.022000 0.027000
11 0.268500 0.639000 0.029000 0.036000
11 0.287000 0.636500 0.020000 0.033000
11 0.314500 0.628000 0.019000 0.030000
11 0.329500 0.622500 0.017000 0.027000
11 0.346500 0.623000 0.019000 0.040000
11 0.377000 0.619500 0.020000 0.035000
11 0.393000 0.619000 0.018000 0.036000
11 0.408500 0.619500 0.019000 0.037000
11 0.427500 0.617000 0.023000 0.038000
11 0.157500 0.635500 0.045000 0.033000
12 0.334500 0.540000 0.031000 0.012000
12 0.303500 0.545000 0.027000 0.016000
11 0.306000 0.530500 0.050000 0.019000
11 0.294000 0.512500 0.040000 0.017000
11 0.302500 0.497000 0.053000 0.018000
11 0.294500 0.483000 0.055000 0.020000
11 0.323000 0.334000 0.014000 0.042000
11 0.134500 0.596500 0.039000 0.021000
11 0.134000 0.582000 0.036000 0.024000
11 0.131000 0.570000 0.036000 0.022000
11 0.127500 0.555500 0.035000 0.025000
11 0.115000 0.513000 0.036000 0.026000
11 0.125500 0.543000 0.033000 0.024000
11 0.114500 0.500500 0.037000 0.023000
11 0.109500 0.485500 0.035000 0.025000
11 0.102000 0.469500 0.034000 0.025000
11 0.099500 0.444500 0.035000 0.023000
11 0.095000 0.429000 0.036000 0.024000
11 0.089000 0.414500 0.036000 0.023000
11 0.087500 0.401000 0.039000 0.024000
11 0.087000 0.388500 0.034000 0.023000
11 0.080000 0.372500 0.038000 0.025000
11 0.076500 0.359000 0.039000 0.020000
11 0.073500 0.346500 0.039000 0.019000
11 0.072000 0.333500 0.038000 0.019000
11 0.069000 0.319500 0.038000 0.019000
11 0.564000 0.234500 0.024000 0.033000
11 0.545500 0.234500 0.025000 0.033000
11 0.526000 0.236500 0.026000 0.033000
11 0.513500 0.230500 0.027000 0.033000
11 0.440000 0.241000 0.014000 0.032000
11 0.424500 0.243000 0.017000 0.036000
11 0.409000 0.246000 0.020000 0.036000
11 0.393000 0.249500 0.020000 0.035000
11 0.378500 0.254500 0.021000 0.037000
11 0.363500 0.256500 0.019000 0.037000
11 0.348500 0.261000 0.019000 0.034000
11 0.330500 0.260500 0.019000 0.035000
11 0.316000 0.263500 0.020000 0.035000
11 0.286000 0.272000 0.020000 0.036000
11 0.268500 0.270000 0.017000 0.034000
11 0.253500 0.269500 0.019000 0.037000
11 0.237000 0.270000 0.018000 0.034000
11 0.221000 0.271000 0.016000 0.036000
11 0.206000 0.273500 0.020000 0.037000
11 0.191000 0.278000 0.020000 0.036000
11 0.176000 0.279500 0.018000 0.035000
11 0.161000 0.282500 0.018000 0.035000
11 0.128000 0.287000 0.020000 0.034000
11 0.113000 0.287500 0.018000 0.033000
11 0.097500 0.291500 0.019000 0.031000
11 0.082000 0.292000 0.020000 0.036000
11 0.186500 0.579000 0.027000 0.014000
12 0.205000 0.595000 0.030000 0.008000
9 0.176000 0.536500 0.022000 0.007000
14 0.345500 0.519500 0.019000 0.021000
12 0.179000 0.553000 0.026000 0.022000
12 0.170000 0.521000 0.028000 0.020000
12 0.166500 0.506500 0.021000 0.019000
9 0.279000 0.446500 0.024000 0.011000
9 0.275500 0.438000 0.021000 0.010000
9 0.273000 0.429500 0.022000 0.009000
14 0.271500 0.419500 0.023000 0.009000
9 0.267000 0.410500 0.022000 0.011000
14 0.263500 0.401000 0.025000 0.010000
12 0.262000 0.382500 0.026000 0.009000
9 0.300500 0.348000 0.015000 0.018000
14 0.276000 0.329000 0.016000 0.022000
14 0.264000 0.328000 0.012000 0.018000
14 0.254000 0.333500 0.012000 0.017000
14 0.240000 0.331500 0.010000 0.017000
9 0.226500 0.334500 0.011000 0.017000
12 0.213000 0.332500 0.012000 0.021000
9 0.199000 0.312000 0.022000 0.010000
9 0.200000 0.334500 0.014000 0.019000
14 0.178500 0.342000 0.013000 0.018000
14 0.153000 0.351500 0.014000 0.017000
14 0.138500 0.357500 0.013000 0.017000
14 0.126000 0.360500 0.014000 0.019000
14 0.283000 0.220500 0.012000 0.019000
9 0.408000 0.030500 0.024000 0.009000
14 0.435500 0.204500 0.021000 0.007000
14 0.435000 0.196000 0.020000 0.008000
9 0.426000 0.140000 0.022000 0.010000
9 0.307000 0.175500 0.012000 0.019000
9 0.318000 0.173000 0.010000 0.016000
9 0.389500 0.165500 0.013000 0.019000
12 0.377500 0.166000 0.011000 0.018000
9 0.354000 0.169500 0.010000 0.017000
9 0.331000 0.170500 0.012000 0.019000
9 0.385500 0.149000 0.011000 0.018000
9 0.374000 0.148500 0.012000 0.019000
14 0.350000 0.151000 0.012000 0.018000
9 0.339000 0.153000 0.012000 0.018000
9 0.326500 0.152000 0.011000 0.018000
9 0.315500 0.155000 0.013000 0.020000
9 0.303500 0.158000 0.013000 0.018000
14 0.246500 0.200000 0.021000 0.008000
14 0.246500 0.191500 0.021000 0.009000
14 0.247500 0.182000 0.023000 0.010000
9 0.243000 0.172500 0.022000 0.011000
9 0.241000 0.163500 0.022000 0.009000
12 0.237500 0.153500 0.025000 0.009000
9 0.238500 0.146000 0.021000 0.010000
14 0.236500 0.137500 0.021000 0.009000
9 0.233000 0.128500 0.022000 0.009000
9 0.233500 0.118500 0.019000 0.009000
9 0.230500 0.110500 0.021000 0.009000
9 0.230500 0.101000 0.021000 0.008000
12 0.231500 0.090500 0.023000 0.009000
9 0.228500 0.082000 0.025000 0.012000
9 0.226500 0.073000 0.023000 0.010000
9 0.226500 0.063500 0.025000 0.011000
9 0.217000 0.022000 0.022000 0.008000
11 0.419000 0.341500 0.032000 0.041000
11 0.436500 0.340500 0.029000 0.041000
11 0.455500 0.339000 0.033000 0.042000
11 0.477000 0.339000 0.034000 0.038000
11 0.496000 0.338500 0.036000 0.039000
11 0.571000 0.337000 0.030000 0.034000
11 0.588500 0.335500 0.031000 0.037000
11 0.609500 0.334000 0.027000 0.034000
11 0.626000 0.332500 0.028000 0.035000
11 0.647500 0.331000 0.033000 0.038000
11 0.667000 0.328000 0.038000 0.042000
11 0.706000 0.327500 0.032000 0.041000
11 0.727500 0.328000 0.033000 0.038000
11 0.376000 0.407000 0.046000 0.042000
11 0.745000 0.329000 0.028000 0.034000
11 0.397500 0.405500 0.043000 0.041000
11 0.435000 0.402500 0.050000 0.043000
11 0.454000 0.401500 0.046000 0.041000
11 0.491500 0.400500 0.043000 0.039000
11 0.273500 0.462500 0.037000 0.017000
11 0.529000 0.399500 0.044000 0.039000
11 0.549000 0.397000 0.044000 0.040000
11 0.567000 0.396000 0.038000 0.040000
11 0.588500 0.395000 0.047000 0.044000
11 0.607500 0.394500 0.039000 0.041000
11 0.701500 0.388500 0.043000 0.041000
11 0.722500 0.387500 0.045000 0.043000
11 0.736500 0.382500 0.033000 0.033000
11 0.756000 0.382500 0.032000 0.033000
11 0.774500 0.382000 0.037000 0.036000
11 0.794000 0.379500 0.036000 0.037000
11 0.663500 0.391500 0.039000 0.041000
11 0.646000 0.394500 0.042000 0.039000
11 0.625500 0.394500 0.039000 0.039000
11 0.382500 0.452500 0.035000 0.045000
11 0.401000 0.453500 0.036000 0.047000
11 0.418500 0.451500 0.035000 0.043000
11 0.437000 0.450500 0.034000 0.043000
11 0.475500 0.448000 0.035000 0.044000
11 0.496500 0.447000 0.035000 0.044000
11 0.515500 0.446500 0.037000 0.043000
11 0.534000 0.443500 0.036000 0.045000
11 0.553000 0.443000 0.036000 0.046000
11 0.573500 0.442000 0.033000 0.044000
11 0.593000 0.440000 0.034000 0.044000
11 0.612000 0.440000 0.032000 0.042000
11 0.628000 0.440000 0.034000 0.044000
11 0.650500 0.437500 0.033000 0.045000
11 0.667500 0.438000 0.033000 0.046000
11 0.690000 0.433500 0.034000 0.045000
11 0.708000 0.436500 0.038000 0.045000
11 0.727500 0.434000 0.035000 0.044000
11 0.746500 0.433000 0.039000 0.046000
11 0.782000 0.432000 0.034000 0.046000
11 0.803500 0.428000 0.033000 0.046000
11 0.802500 0.295500 0.027000 0.033000
11 0.890000 0.437500 0.028000 0.033000
11 0.506500 0.622000 0.047000 0.032000
11 0.502500 0.602500 0.047000 0.035000
11 0.500500 0.585000 0.047000 0.034000
11 0.500000 0.568500 0.046000 0.033000
11 0.500000 0.551000 0.048000 0.036000
11 0.495500 0.533000 0.047000 0.034000
11 0.505000 0.522000 0.046000 0.038000
11 0.518000 0.515500 0.046000 0.039000
11 0.509500 0.486500 0.039000 0.023000
11 0.553000 0.513000 0.042000 0.040000
11 0.572000 0.511000 0.040000 0.040000
11 0.592000 0.510500 0.044000 0.041000
11 0.612000 0.510500 0.044000 0.043000
11 0.628500 0.507500 0.041000 0.041000
11 0.650500 0.506500 0.039000 0.039000
11 0.669500 0.505000 0.043000 0.040000
11 0.686500 0.503000 0.043000 0.042000
9 0.447500 0.684000 0.025000 0.010000
14 0.543500 0.695000 0.015000 0.020000
14 0.556500 0.693500 0.017000 0.023000
14 0.542000 0.641000 0.020000 0.008000
14 0.546000 0.593500 0.022000 0.009000
9 0.545000 0.566500 0.022000 0.007000
9 0.573500 0.544000 0.009000 0.018000
9 0.658000 0.538000 0.010000 0.016000
9 0.609000 0.604000 0.014000 0.018000
9 0.639500 0.617500 0.013000 0.019000
9 0.611500 0.677500 0.015000 0.021000
9 0.702000 0.651000 0.020000 0.026000
9 0.725000 0.645500 0.016000 0.023000
9 0.741000 0.588000 0.012000 0.018000
14 0.749000 0.568500 0.010000 0.017000
9 0.840500 0.566000 0.009000 0.016000
11 0.707500 0.504500 0.041000 0.039000
11 0.727500 0.504500 0.041000 0.041000
11 0.746500 0.503500 0.043000 0.039000
11 0.765500 0.502500 0.045000 0.041000
11 0.784000 0.499000 0.042000 0.040000
11 0.804500 0.499000 0.045000 0.044000
11 0.824500 0.499500 0.045000 0.041000
11 0.843500 0.498500 0.043000 0.041000
11 0.859000 0.494500 0.042000 0.039000
11 0.879000 0.493500 0.038000 0.039000
11 0.894000 0.489500 0.032000 0.033000
14 0.594000 0.983000 0.028000 0.016000
11 0.630000 0.971500 0.032000 0.019000