9 0.659167 0.010000 0.015000 0.020000
14 0.840833 0.033125 0.038333 0.008750
9 0.838333 0.050625 0.033333 0.008750
14 0.835000 0.062500 0.033333 0.010000
14 0.772500 0.086875 0.051667 0.011250
11 0.486667 0.025000 0.090000 0.012500
10 0.485833 0.041875 0.091667 0.016250
10 0.488333 0.055625 0.083333 0.011250
11 0.488333 0.071875 0.090000 0.013750
10 0.491667 0.086250 0.083333 0.012500
11 0.685000 0.168750 0.066667 0.012500
11 0.686667 0.185000 0.063333 0.010000
11 0.687500 0.200000 0.065000 0.010000
11 0.686667 0.215000 0.066667 0.012500
11 0.680000 0.230625 0.063333 0.011250
11 0.679167 0.245625 0.065000 0.013750
10 0.488333 0.101250 0.083333 0.012500
10 0.483333 0.148125 0.083333 0.016250
11 0.481667 0.163750 0.090000 0.012500
11 0.479167 0.192500 0.088333 0.012500
11 0.475833 0.208750 0.088333 0.012500
11 0.476667 0.225000 0.090000 0.012500
11 0.471667 0.239375 0.086667 0.011250
10 0.471667 0.254375 0.080000 0.011250
10 0.469167 0.287500 0.085000 0.012500
11 0.480833 0.300625 0.055000 0.011250
11 0.683333 0.292500 0.063333 0.012500
11 0.682500 0.307500 0.065000 0.010000
11 0.674167 0.323125 0.065000 0.011250
10 0.457500 0.360000 0.081667 0.012500
11 0.692500 0.368750 0.065000 0.012500
11 0.676667 0.384375 0.083333 0.011250
11 0.672500 0.399375 0.081667 0.011250
10 0.678333 0.415625 0.080000 0.011250
10 0.679167 0.430000 0.081667 0.010000
10 0.671667 0.446250 0.080000 0.012500
10 0.455833 0.390625 0.081667 0.011250
11 0.452500 0.436875 0.088333 0.013750
11 0.460833 0.453125 0.068333 0.011250
11 0.460000 0.469375 0.070000 0.013750
10 0.445000 0.513125 0.083333 0.011250
10 0.446667 0.528750 0.080000 0.012500
10 0.445833 0.545000 0.081667 0.010000
10 0.445000 0.560000 0.076667 0.010000
11 0.437500 0.574375 0.078333 0.013750
12 0.465833 0.633750 0.038333 0.012500
10 0.668333 0.460625 0.080000 0.011250
11 0.670000 0.475000 0.083333 0.012500
10 0.670000 0.490000 0.083333 0.015000
11 0.670000 0.521875 0.083333 0.013750
11 0.667500 0.538125 0.081667 0.011250
11 0.668333 0.551875 0.080000 0.011250
11 0.672500 0.568125 0.081667 0.013750
11 0.667500 0.583125 0.081667 0.011250
11 0.667500 0.598125 0.078333 0.013750
11 0.670833 0.613750 0.081667 0.015000
11 0.667500 0.630000 0.081667 0.012500