35 0.250000 0.445000 0.193333 0.140000
35 0.559167 0.124375 0.188333 0.118750
9 0.580833 0.981250 0.038333 0.020000
14 0.515000 0.928750 0.036667 0.020000
9 0.343333 0.906875 0.030000 0.016250
14 0.381667 0.886875 0.036667 0.018750
9 0.308333 0.896875 0.036667 0.018750
9 0.272500 0.885625 0.035000 0.016250
14 0.239167 0.875625 0.035000 0.018750
14 0.241667 0.858750 0.026667 0.015000
9 0.934167 0.693125 0.035000 0.016250
14 0.900000 0.681250 0.036667 0.020000
14 0.983333 0.640000 0.033333 0.017500
14 0.899167 0.613125 0.038333 0.018750
14 0.741667 0.631250 0.036667 0.017500
14 0.855000 0.600625 0.043333 0.021250
14 0.775833 0.575000 0.035000 0.020000
9 0.670833 0.610000 0.035000 0.017500
14 0.596667 0.584375 0.036667 0.018750
9 0.539167 0.526250 0.038333 0.020000
14 0.570833 0.510625 0.035000 0.018750
9 0.475833 0.506875 0.038333 0.021250
14 0.526667 0.508750 0.036667 0.017500
9 0.414167 0.487500 0.035000 0.020000
9 0.440833 0.480000 0.045000 0.025000
9 0.395833 0.463750 0.035000 0.020000
11 0.433333 0.513125 0.070000 0.031250
9 0.964167 0.270000 0.028333 0.015000
9 0.927500 0.258125 0.031667 0.013750
9 0.894167 0.247500 0.035000 0.017500
9 0.857500 0.236875 0.035000 0.018750
11 0.923333 0.220000 0.070000 0.032500
14 0.846667 0.194375 0.043333 0.021250
14 0.808333 0.181875 0.036667 0.021250
14 0.770833 0.170625 0.035000 0.018750
14 0.270833 0.030625 0.031667 0.016250
11 0.079167 0.378125 0.065000 0.028750
9 0.029167 0.390625 0.038333 0.018750
14 0.086667 0.398125 0.036667 0.018750
11 0.104167 0.418750 0.075000 0.035000
14 0.042500 0.688125 0.031667 0.026250
9 0.017500 0.690625 0.025000 0.021250
9 0.037500 0.646250 0.028333 0.025000
9 0.035000 0.623750 0.026667 0.025000
14 0.101667 0.601875 0.023333 0.018750
14 0.055833 0.596250 0.025000 0.022500
14 0.040000 0.585625 0.033333 0.028750
14 0.084167 0.569375 0.031667 0.026250
14 0.140000 0.591250 0.030000 0.027500
14 0.160833 0.569375 0.025000 0.021250
14 0.065000 0.556875 0.033333 0.028750
14 0.113333 0.538750 0.030000 0.027500
11 0.146667 0.530000 0.043333 0.040000
11 0.163333 0.544375 0.040000 0.033750
14 0.183333 0.547500 0.026667 0.022500
9 0.205000 0.524375 0.030000 0.026250
9 0.236667 0.455625 0.033333 0.013750
12 0.374167 0.476250 0.041667 0.020000
9 0.315000 0.383125 0.023333 0.021250
14 0.355833 0.379375 0.038333 0.033750
9 0.305833 0.365625 0.031667 0.026250
14 0.278333 0.340625 0.036667 0.033750
14 0.305833 0.311875 0.028333 0.023750
11 0.339167 0.281875 0.041667 0.038750
11 0.375000 0.243125 0.043333 0.038750
9 0.415000 0.201875 0.043333 0.036250
14 0.446667 0.168750 0.040000 0.035000
10 0.511667 0.210000 0.070000 0.067500
11 0.559167 0.054375 0.038333 0.033750
14 0.602500 0.063125 0.028333 0.023750
14 0.640833 0.072500 0.025000 0.022500
14 0.667500 0.047500 0.028333 0.022500
14 0.626667 0.039375 0.030000 0.023750
9 0.621667 0.016875 0.030000 0.026250
9 0.586667 0.022500 0.023333 0.020000