25 0.286000 0.169000 0.066000 0.064000
25 0.316000 0.212000 0.068000 0.066000
25 0.380500 0.287500 0.073000 0.071000
29 0.424500 0.041000 0.061000 0.060000
25 0.550500 0.196000 0.071000 0.068000
25 0.508000 0.275500 0.052000 0.055000
20 0.338000 0.789000 0.124000 0.124000
26 0.284000 0.805500 0.062000 0.067000
29 0.385000 0.807500 0.060000 0.057000
22 0.415000 0.898500 0.112000 0.113000
28 0.305500 0.936000 0.127000 0.128000
26 0.376500 0.941000 0.077000 0.076000
25 0.345500 0.253000 0.069000 0.066000
34 0.947000 0.826000 0.102000 0.122000
31 0.071000 0.791500 0.040000 0.041000
31 0.089500 0.778000 0.039000 0.042000