9 0.068333 0.280000 0.030000 0.017500
14 0.080833 0.301875 0.031667 0.018750
14 0.095833 0.309375 0.041667 0.023750
14 0.114167 0.329375 0.031667 0.016250
12 0.130833 0.336875 0.038333 0.018750
12 0.137500 0.348125 0.038333 0.021250
11 0.157500 0.368750 0.071667 0.037500
9 0.025833 0.373750 0.035000 0.017500
9 0.926667 0.165000 0.033333 0.020000
9 0.716667 0.068125 0.026667 0.023750
9 0.689167 0.089375 0.031667 0.021250
12 0.482500 0.215625 0.041667 0.023750
14 0.380833 0.292500 0.028333 0.022500
9 0.332500 0.307500 0.028333 0.022500
14 0.258333 0.253125 0.026667 0.021250
14 0.214167 0.270625 0.025000 0.021250
12 0.195833 0.445625 0.038333 0.023750