28 0.050000 0.742857 0.100000 0.177143
25 0.326429 0.559286 0.061429 0.064286
19 0.258571 0.747857 0.088571 0.087143
29 0.267143 0.678571 0.085714 0.082857
25 0.360000 0.692143 0.068571 0.072857
25 0.554286 0.644286 0.088571 0.091429
25 0.560000 0.727857 0.082857 0.075714
25 0.580000 0.799286 0.088571 0.087143
25 0.564286 0.877143 0.088571 0.085714
25 0.846429 0.932143 0.075714 0.072857
25 0.830714 0.850714 0.070000 0.067143
26 0.820000 0.774286 0.085714 0.068571
19 0.822857 0.700714 0.097143 0.092857
26 0.892857 0.642143 0.094286 0.098571
19 0.972857 0.637857 0.054286 0.075714