9 0.258333 0.638750 0.030000 0.025000
9 0.746667 0.636875 0.033333 0.021250
12 0.104167 0.696250 0.038333 0.027500
14 0.225833 0.648125 0.028333 0.023750
12 0.365000 0.601250 0.036667 0.030000
14 0.397500 0.590000 0.028333 0.025000
9 0.217500 0.712500 0.031667 0.027500
9 0.270000 0.694375 0.030000 0.023750
14 0.310833 0.678125 0.031667 0.026250
14 0.361667 0.664375 0.026667 0.021250
9 0.403333 0.697500 0.033333 0.022500
9 0.432500 0.687500 0.031667 0.022500
14 0.452500 0.681250 0.031667 0.020000
9 0.489167 0.725625 0.021667 0.023750
9 0.439167 0.742500 0.021667 0.025000
14 0.509167 0.751250 0.018333 0.022500
14 0.530000 0.758750 0.023333 0.030000
14 0.567500 0.788750 0.035000 0.022500
9 0.106667 0.789375 0.040000 0.021250
9 0.186667 0.874375 0.040000 0.021250
9 0.205000 0.891875 0.036667 0.021250
9 0.061667 0.840000 0.033333 0.020000
14 0.345833 0.978750 0.028333 0.025000
14 0.649167 0.093125 0.028333 0.023750
12 0.345833 0.385000 0.031667 0.017500
11 0.213333 0.481250 0.043333 0.037500