9 0.477500 0.726875 0.031667 0.028750
12 0.891667 0.834375 0.040000 0.013750
9 0.460000 0.702500 0.026667 0.030000
10 0.780833 0.766250 0.045000 0.045000
10 0.859167 0.784375 0.025000 0.023750
10 0.700000 0.749375 0.056667 0.061250
10 0.925833 0.801875 0.048333 0.058750
9 0.962500 0.817500 0.028333 0.020000
14 0.854167 0.760000 0.038333 0.017500
9 0.533333 0.790625 0.040000 0.016250
14 0.502500 0.764375 0.045000 0.046250
11 0.882500 0.808750 0.041667 0.042500
9 0.702500 0.032500 0.041667 0.030000
9 0.948333 0.071875 0.030000 0.023750
12 0.955833 0.143125 0.041667 0.026250
9 0.979167 0.163125 0.031667 0.021250
14 0.986667 0.172500 0.026667 0.022500