7 0.105000 0.249167 0.057500 0.145000
1 0.128125 0.035000 0.021250 0.040000
7 0.113125 0.155000 0.031250 0.060000
7 0.533125 0.177500 0.028750 0.061667
7 0.707500 0.262500 0.065000 0.161667
7 0.741250 0.371667 0.045000 0.050000
7 0.961250 0.469167 0.077500 0.171667
7 0.960000 0.450000 0.065000 0.120000
7 0.839375 0.698333 0.098750 0.170000
7 0.854375 0.710000 0.098750 0.170000
7 0.892500 0.767500 0.102500 0.175000
7 0.870625 0.720833 0.113750 0.201667
7 0.886250 0.732500 0.115000 0.208333
7 0.736875 0.881667 0.096250 0.166667
7 0.738750 0.917500 0.097500 0.165000