30 0.515000 0.669000 0.134000 0.114000
32 0.845500 0.889500 0.093000 0.097000
32 0.753000 0.883500 0.092000 0.099000
32 0.566000 0.869000 0.094000 0.098000
32 0.655500 0.699000 0.139000 0.162000
32 0.919500 0.568000 0.157000 0.170000
32 0.799500 0.722500 0.141000 0.161000
32 0.780000 0.526000 0.158000 0.170000
32 0.635000 0.503500 0.156000 0.169000
12 0.083500 0.851000 0.023000 0.028000
32 0.658000 0.875000 0.092000 0.096000
9 0.036500 0.760500 0.017000 0.021000
14 0.031000 0.784500 0.018000 0.023000