29 0.554167 0.048750 0.101667 0.080000
25 0.818333 0.046875 0.130000 0.093750
29 0.940833 0.262500 0.091667 0.067500
25 0.668333 0.428750 0.130000 0.097500
25 0.755000 0.468750 0.133333 0.100000
26 0.871667 0.440000 0.130000 0.100000
25 0.947500 0.373750 0.105000 0.080000
25 0.915000 0.535625 0.120000 0.083750
29 0.672500 0.648125 0.155000 0.118750
29 0.826667 0.703125 0.090000 0.068750
19 0.860833 0.928125 0.121667 0.091250
25 0.156667 0.781250 0.116667 0.090000
29 0.234167 0.901250 0.118333 0.087500
29 0.149167 0.946875 0.121667 0.091250