20 0.213750 0.118125 0.125000 0.136250
25 0.462500 0.058750 0.062500 0.062500
28 0.231875 0.251875 0.126250 0.116250
20 0.466250 0.381250 0.122500 0.115000
27 0.609375 0.409375 0.108750 0.108750
28 0.472500 0.491875 0.145000 0.138750
25 0.478125 0.818750 0.061250 0.060000
29 0.979375 0.270625 0.041250 0.053750
25 0.890625 0.170000 0.058750 0.060000
25 0.915625 0.360000 0.056250 0.060000
26 0.920000 0.425625 0.085000 0.081250
26 0.928125 0.498125 0.086250 0.088750
27 0.845625 0.500000 0.106250 0.107500
26 0.743125 0.526250 0.086250 0.087500
19 0.715000 0.343125 0.070000 0.063750
27 0.720625 0.249375 0.123750 0.123750