12 0.583333 0.955000 0.026667 0.030000
11 0.577500 0.911250 0.028333 0.052500
12 0.806667 0.820000 0.043333 0.027500
12 0.786667 0.828125 0.036667 0.021250
12 0.795000 0.673750 0.060000 0.017500
9 0.985833 0.529375 0.028333 0.021250
12 0.973333 0.521875 0.036667 0.021250
9 0.969167 0.509375 0.035000 0.018750
14 0.954167 0.500625 0.038333 0.018750
9 0.948333 0.488125 0.033333 0.016250
12 0.934167 0.468750 0.045000 0.020000
12 0.925833 0.455000 0.041667 0.020000
14 0.911667 0.445625 0.040000 0.021250
9 0.893333 0.435625 0.036667 0.018750
14 0.890833 0.418125 0.038333 0.021250
16 0.373333 0.416875 0.036667 0.043750
12 0.230000 0.394375 0.073333 0.043750
16 0.689167 0.158750 0.048333 0.025000
12 0.620833 0.187500 0.041667 0.037500
12 0.600833 0.199375 0.031667 0.028750
12 0.578333 0.209375 0.036667 0.033750
12 0.245833 0.194375 0.045000 0.026250
11 0.088333 0.244375 0.063333 0.033750
14 0.215833 0.171250 0.041667 0.022500
12 0.016667 0.230625 0.026667 0.026250
16 0.190000 0.118750 0.100000 0.055000
17 0.329167 0.065000 0.038333 0.032500
12 0.156667 0.108125 0.043333 0.023750
12 0.463333 0.027500 0.036667 0.032500
11 0.143333 0.030000 0.036667 0.035000