14 0.212500 0.464375 0.035000 0.018750
12 0.301667 0.441875 0.040000 0.023750
14 0.801667 0.223750 0.033333 0.015000
14 0.945000 0.188750 0.030000 0.020000
12 0.957500 0.139375 0.045000 0.026250
14 0.929167 0.111250 0.035000 0.020000
14 0.990000 0.100000 0.020000 0.015000
14 0.955833 0.061875 0.041667 0.023750
9 0.867500 0.066875 0.031667 0.023750
14 0.850833 0.073125 0.031667 0.023750
14 0.830833 0.077500 0.031667 0.025000
11 0.869167 0.043125 0.051667 0.031250
9 0.490833 0.060625 0.031667 0.018750
14 0.475000 0.072500 0.036667 0.020000
9 0.440000 0.039375 0.033333 0.018750
14 0.395000 0.020000 0.033333 0.020000
14 0.277500 0.010000 0.028333 0.020000
14 0.320833 0.110625 0.028333 0.021250
14 0.100000 0.071875 0.026667 0.021250
35 0.849167 0.243125 0.215000 0.141250