25 0.382000 0.134500 0.048000 0.047000
29 0.428500 0.201500 0.069000 0.069000
25 0.284000 0.218500 0.064000 0.065000
25 0.334000 0.275500 0.066000 0.067000
25 0.377000 0.328000 0.064000 0.064000
29 0.421500 0.390500 0.065000 0.065000
26 0.255000 0.288500 0.066000 0.067000
25 0.127000 0.327000 0.066000 0.066000
25 0.160000 0.366500 0.064000 0.063000
29 0.222000 0.449500 0.062000 0.063000
29 0.288500 0.530500 0.067000 0.067000
29 0.047500 0.548000 0.067000 0.068000
29 0.316500 0.571000 0.061000 0.062000
25 0.101000 0.618000 0.070000 0.070000
29 0.145000 0.671500 0.064000 0.065000
29 0.177000 0.724500 0.068000 0.069000