7 0.720833 0.145625 0.051667 0.063750
7 0.710833 0.156250 0.045000 0.057500
7 0.761667 0.226250 0.056667 0.065000
7 0.765000 0.285625 0.090000 0.043750
7 0.725000 0.363125 0.080000 0.038750
7 0.732500 0.374375 0.078333 0.036250
7 0.815833 0.389375 0.048333 0.053750
7 0.804167 0.398125 0.045000 0.056250
7 0.775833 0.413750 0.045000 0.052500
7 0.761667 0.418750 0.043333 0.055000
7 0.891667 0.523750 0.063333 0.072500
7 0.888333 0.627500 0.086667 0.042500
7 0.945833 0.659375 0.048333 0.056250
7 0.980833 0.636875 0.038333 0.061250
7 0.972500 0.642500 0.048333 0.062500
7 0.964167 0.753125 0.071667 0.038750