25 0.060000 0.199444 0.057778 0.054444
25 0.203889 0.187778 0.061111 0.055556
26 0.364444 0.173333 0.064444 0.057778
26 0.371667 0.232778 0.067778 0.056667
29 0.524444 0.219444 0.048889 0.043333
24 0.666667 0.132778 0.062222 0.056667
29 0.732222 0.201111 0.057778 0.055556
25 0.812778 0.132222 0.061111 0.051111
26 0.827222 0.186111 0.078889 0.072222
25 0.977778 0.207778 0.044444 0.057778
26 0.086667 0.426667 0.062222 0.051111
25 0.097778 0.483889 0.066667 0.065556
27 0.038333 0.550000 0.076667 0.088889
25 0.152778 0.276111 0.072222 0.070000
26 0.228889 0.385556 0.066667 0.057778
26 0.237778 0.450556 0.071111 0.058889
26 0.255556 0.527778 0.080000 0.082222
26 0.335000 0.527222 0.056667 0.065556
29 0.383889 0.346111 0.056667 0.054444
29 0.397778 0.456667 0.051111 0.053333
26 0.397222 0.515000 0.076667 0.076667
25 0.532222 0.357778 0.064444 0.055556
24 0.541667 0.423889 0.065556 0.054444
24 0.558889 0.490000 0.077778 0.080000
19 0.627778 0.493889 0.053333 0.054444
19 0.676667 0.273333 0.057778 0.055556
24 0.692222 0.338889 0.060000 0.053333
25 0.690000 0.410000 0.060000 0.053333
25 0.833333 0.253889 0.064444 0.054444
25 0.834444 0.318889 0.064444 0.055556
26 0.941111 0.458889 0.071111 0.075556
27 0.967222 0.336667 0.065556 0.115556
29 0.186667 0.668333 0.064444 0.065556
25 0.285556 0.616111 0.064444 0.056667
29 0.386111 0.606667 0.041111 0.035556
27 0.713889 0.698333 0.096667 0.092222