14 0.020833 0.995625 0.025000 0.008750
9 0.026667 0.988750 0.023333 0.012500
12 0.047500 0.876250 0.031667 0.017500
11 0.295833 0.861250 0.031667 0.040000
12 0.344167 0.967500 0.025000 0.032500
13 0.317500 0.908125 0.031667 0.036250
12 0.400833 0.897500 0.025000 0.027500
9 0.383333 0.858750 0.026667 0.025000
14 0.415833 0.875625 0.021667 0.023750
12 0.315833 0.800000 0.038333 0.015000
14 0.293333 0.781875 0.033333 0.016250
14 0.311667 0.700625 0.023333 0.021250
14 0.273333 0.646250 0.026667 0.022500
9 0.328333 0.410000 0.040000 0.025000
9 0.284167 0.401250 0.038333 0.012500
9 0.296667 0.468125 0.023333 0.023750
14 0.140000 0.508750 0.033333 0.017500
14 0.333333 0.500000 0.026667 0.025000
12 0.341667 0.516250 0.036667 0.032500
12 0.353333 0.528750 0.033333 0.030000
14 0.362500 0.545000 0.035000 0.030000
9 0.372500 0.558750 0.028333 0.025000
9 0.381667 0.570625 0.026667 0.023750
14 0.389167 0.584375 0.028333 0.026250
9 0.403333 0.608125 0.026667 0.023750
9 0.415833 0.616875 0.031667 0.023750
9 0.418333 0.630625 0.030000 0.023750
12 0.438333 0.653125 0.040000 0.031250
12 0.455000 0.661875 0.036667 0.031250
12 0.475000 0.668125 0.033333 0.031250
30 0.365833 0.107500 0.368333 0.215000
1 0.824167 0.729375 0.038333 0.038750
1 0.850833 0.735625 0.041667 0.038750
1 0.873333 0.764375 0.046667 0.058750
14 0.671667 0.781250 0.016667 0.017500
14 0.687500 0.783125 0.015000 0.016250
11 0.678333 0.767500 0.046667 0.015000
1 0.669167 0.740000 0.028333 0.042500
1 0.636667 0.736875 0.020000 0.031250
9 0.651667 0.711250 0.040000 0.015000
9 0.533333 0.699375 0.026667 0.023750
14 0.550000 0.727500 0.030000 0.030000
9 0.535833 0.751875 0.038333 0.018750
9 0.540833 0.776875 0.035000 0.016250
17 0.535833 0.791250 0.051667 0.022500
1 0.545833 0.801250 0.038333 0.017500
9 0.558333 0.809375 0.033333 0.016250
14 0.564167 0.820000 0.048333 0.020000
12 0.572500 0.830000 0.041667 0.017500
9 0.579167 0.840000 0.038333 0.017500
9 0.585000 0.851250 0.040000 0.017500
14 0.590000 0.863750 0.033333 0.017500
14 0.600000 0.874375 0.040000 0.018750
12 0.605833 0.886250 0.045000 0.022500
12 0.612500 0.896250 0.038333 0.015000
14 0.622500 0.906875 0.045000 0.023750
9 0.637500 0.916250 0.035000 0.017500
9 0.639167 0.929375 0.041667 0.018750
9 0.645000 0.940000 0.033333 0.017500
9 0.893333 0.885000 0.016667 0.017500
12 0.799167 0.939375 0.045000 0.016250
14 0.804167 0.928125 0.045000 0.011250
9 0.734167 0.974375 0.035000 0.021250
9 0.742500 0.985000 0.038333 0.020000
14 0.825000 0.962500 0.033333 0.017500
12 0.894167 0.947500 0.021667 0.027500
13 0.940000 0.963125 0.016667 0.026250
1 0.960000 0.946250 0.023333 0.037500
13 0.979167 0.950625 0.021667 0.031250
1 0.964167 0.979375 0.025000 0.031250
30 0.790833 0.541250 0.245000 0.162500
17 0.966667 0.838125 0.036667 0.041250
1 0.958333 0.792500 0.020000 0.027500