2 0.101667 0.590625 0.110000 0.063750
2 0.083333 0.600625 0.070000 0.038750
2 0.081667 0.611875 0.080000 0.043750
7 0.260000 0.655625 0.196667 0.031250
6 0.259167 0.682500 0.198333 0.027500
8 0.706667 0.730625 0.130000 0.028750
5 0.727500 0.710000 0.085000 0.032500
2 0.872500 0.698750 0.065000 0.015000
2 0.870833 0.688750 0.061667 0.015000
2 0.869167 0.680000 0.061667 0.017500
2 0.944167 0.676250 0.081667 0.025000
2 0.801667 0.689375 0.060000 0.016250
2 0.803333 0.700000 0.060000 0.015000
2 0.805000 0.710625 0.063333 0.016250