29 0.380000 0.720500 0.054000 0.055000
29 0.889000 0.391000 0.056000 0.058000
29 0.847500 0.418500 0.057000 0.059000
29 0.805000 0.444500 0.058000 0.061000
29 0.765000 0.473500 0.054000 0.057000
29 0.715000 0.500500 0.058000 0.061000
29 0.675500 0.531000 0.055000 0.056000
29 0.633000 0.556000 0.056000 0.060000
29 0.592000 0.583500 0.054000 0.057000
29 0.547500 0.609500 0.057000 0.061000
29 0.505000 0.640500 0.058000 0.059000
29 0.462000 0.665000 0.060000 0.060000
29 0.422500 0.696000 0.057000 0.058000
36 0.451000 0.194500 0.040000 0.029000