19 0.113500 0.639000 0.049000 0.044000
20 0.187000 0.366000 0.088000 0.084000
22 0.365000 0.365000 0.070000 0.066000
19 0.183500 0.276000 0.051000 0.048000
21 0.364000 0.272000 0.082000 0.080000
22 0.163500 0.093500 0.081000 0.081000
20 0.358500 0.080500 0.091000 0.083000
21 0.601000 0.076500 0.096000 0.087000
20 0.895000 0.065500 0.126000 0.131000
20 0.815500 0.162000 0.093000 0.088000
21 0.608000 0.259000 0.094000 0.084000
21 0.819500 0.255000 0.093000 0.084000
21 0.618000 0.350500 0.082000 0.081000
21 0.818500 0.347000 0.081000 0.082000