9 0.980000 0.705000 0.040000 0.022500
9 0.910833 0.745625 0.041667 0.023750
9 0.875833 0.761875 0.038333 0.021250
12 0.559167 0.017500 0.021667 0.030000
14 0.174167 0.052500 0.031667 0.010000
12 0.189167 0.031250 0.035000 0.027500
14 0.209167 0.051875 0.035000 0.028750
9 0.320000 0.236875 0.026667 0.023750
9 0.077500 0.250625 0.031667 0.026250
9 0.062500 0.262500 0.031667 0.027500
14 0.044167 0.267500 0.028333 0.025000
12 0.366667 0.933125 0.036667 0.026250
14 0.361667 0.944375 0.040000 0.023750
14 0.340833 0.961250 0.038333 0.017500
9 0.248333 0.956875 0.036667 0.011250
12 0.232500 0.968750 0.038333 0.010000
14 0.568333 0.901250 0.020000 0.027500
9 0.570833 0.930000 0.018333 0.027500
9 0.726667 0.948125 0.036667 0.011250