14 0.483333 0.021250 0.020000 0.007500
12 0.687500 0.012500 0.051667 0.022500
9 0.221667 0.092500 0.030000 0.030000
14 0.398333 0.135000 0.036667 0.017500
12 0.381667 0.206875 0.026667 0.031250
12 0.364167 0.181250 0.025000 0.027500
14 0.597500 0.181250 0.021667 0.027500
9 0.125000 0.257500 0.040000 0.017500
9 0.239167 0.244375 0.045000 0.013750
12 0.230833 0.265625 0.041667 0.013750
14 0.224167 0.288125 0.035000 0.013750
9 0.215833 0.308750 0.031667 0.012500
14 0.212500 0.321875 0.035000 0.011250
9 0.181667 0.392500 0.036667 0.012500
11 0.470000 0.212500 0.026667 0.032500
1 0.195833 0.625625 0.025000 0.028750
12 0.309167 0.654375 0.038333 0.016250
12 0.328333 0.701250 0.026667 0.030000
12 0.318333 0.728125 0.026667 0.026250
12 0.284167 0.721875 0.021667 0.023750
14 0.264167 0.718750 0.021667 0.025000
14 0.244167 0.718750 0.021667 0.022500
12 0.227500 0.716250 0.025000 0.027500
9 0.294167 0.783125 0.021667 0.023750
9 0.239167 0.776875 0.025000 0.023750
9 0.229167 0.799375 0.025000 0.023750
14 0.249167 0.799375 0.028333 0.031250
9 0.422500 0.870625 0.031667 0.023750
14 0.390000 0.884375 0.030000 0.023750
9 0.375833 0.893750 0.031667 0.025000
14 0.347500 0.909375 0.031667 0.023750
14 0.286667 0.941875 0.036667 0.028750
12 0.257500 0.957500 0.035000 0.027500
14 0.227500 0.990625 0.038333 0.013750
12 0.880833 0.915000 0.055000 0.027500
12 0.245000 0.968125 0.040000 0.028750
14 0.317500 0.925000 0.031667 0.022500
9 0.330833 0.917500 0.031667 0.022500
17 0.912500 0.821250 0.055000 0.025000
12 0.403333 0.203750 0.023333 0.027500
12 0.677500 0.025000 0.058333 0.025000