29 0.572500 0.030833 0.070000 0.061667
29 0.501250 0.114167 0.065000 0.081667
29 0.488125 0.235000 0.061250 0.083333
29 0.478750 0.355000 0.060000 0.080000
29 0.471250 0.457500 0.060000 0.081667
29 0.597500 0.375833 0.060000 0.075000
29 0.608125 0.290833 0.063750 0.088333
29 0.783125 0.251667 0.061250 0.080000
29 0.973125 0.265000 0.053750 0.073333
25 0.928750 0.444167 0.062500 0.078333
25 0.578750 0.557500 0.077500 0.101667
19 0.658750 0.683333 0.067500 0.093333
29 0.922500 0.632500 0.070000 0.088333
29 0.808125 0.838333 0.086250 0.113333