9 0.089167 0.601250 0.018333 0.022500
9 0.072500 0.598125 0.021667 0.023750
9 0.054167 0.596250 0.025000 0.025000
14 0.038333 0.593125 0.023333 0.023750
9 0.019167 0.588750 0.025000 0.025000
9 0.901667 0.961875 0.036667 0.021250
14 0.943333 0.923750 0.033333 0.017500
12 0.972500 0.899375 0.045000 0.026250
9 0.747500 0.771250 0.035000 0.020000
14 0.738333 0.781875 0.036667 0.021250
9 0.726667 0.790000 0.033333 0.020000
14 0.704167 0.810000 0.035000 0.022500
9 0.689167 0.817500 0.035000 0.025000
9 0.682500 0.829375 0.038333 0.023750
14 0.645833 0.780000 0.025000 0.022500
9 0.671667 0.758125 0.030000 0.023750
14 0.791667 0.700625 0.033333 0.018750
12 0.945833 0.684375 0.035000 0.028750
14 0.927500 0.678750 0.035000 0.030000
14 0.975833 0.624375 0.031667 0.028750
12 0.983333 0.558125 0.033333 0.028750
14 0.965000 0.551875 0.033333 0.031250
12 0.948333 0.546250 0.033333 0.030000
9 0.933333 0.540000 0.026667 0.022500
12 0.969167 0.501875 0.038333 0.028750
14 0.742500 0.413750 0.028333 0.022500
12 0.723333 0.408125 0.036667 0.031250
14 0.709167 0.401250 0.025000 0.022500
9 0.682500 0.388750 0.025000 0.020000
12 0.663333 0.386875 0.030000 0.026250
12 0.645833 0.381875 0.038333 0.033750
14 0.625833 0.380625 0.028333 0.023750
14 0.660833 0.532500 0.028333 0.025000
9 0.670000 0.566875 0.030000 0.026250
14 0.711667 0.560000 0.033333 0.020000
9 0.723333 0.550000 0.036667 0.022500
9 0.733333 0.540625 0.036667 0.018750
14 0.742500 0.531250 0.035000 0.017500
14 0.780000 0.498125 0.030000 0.016250
12 0.790000 0.488125 0.046667 0.028750
14 0.802500 0.450625 0.028333 0.016250
14 0.835000 0.447500 0.030000 0.012500
9 0.836667 0.438125 0.036667 0.016250
14 0.842500 0.426250 0.028333 0.010000
14 0.828333 0.415000 0.030000 0.010000
12 0.840000 0.405000 0.040000 0.020000
12 0.842500 0.392500 0.045000 0.017500
12 0.845000 0.380625 0.046667 0.018750
14 0.765833 0.389375 0.035000 0.031250
14 0.741667 0.384375 0.030000 0.026250
14 0.682500 0.363125 0.031667 0.031250
14 0.645000 0.358125 0.033333 0.031250
9 0.691667 0.453750 0.030000 0.025000
9 0.668333 0.448750 0.026667 0.025000
12 0.652500 0.444375 0.031667 0.028750
12 0.624167 0.433750 0.035000 0.030000
9 0.574167 0.418750 0.028333 0.025000
9 0.555833 0.416875 0.028333 0.023750
9 0.540833 0.411875 0.028333 0.023750
9 0.522500 0.406250 0.028333 0.025000
14 0.505000 0.403125 0.030000 0.026250
14 0.487500 0.399375 0.025000 0.023750
14 0.470833 0.395000 0.028333 0.025000
9 0.425000 0.389375 0.020000 0.021250
14 0.275833 0.349375 0.041667 0.013750
13 0.951667 0.202500 0.040000 0.035000
14 0.136667 0.190625 0.013333 0.016250
13 0.165000 0.181250 0.040000 0.032500
14 0.896667 0.670625 0.030000 0.026250