7 0.619167 0.848750 0.028333 0.040000
7 0.387500 0.198125 0.115000 0.086250
7 0.395000 0.213750 0.130000 0.095000
4 0.513333 0.709375 0.023333 0.028750
4 0.502500 0.740625 0.025000 0.033750
4 0.489167 0.773125 0.025000 0.031250
4 0.504167 0.775000 0.021667 0.027500
4 0.460833 0.895625 0.031667 0.036250
4 0.429167 0.923125 0.025000 0.028750
4 0.419167 0.953750 0.025000 0.027500
4 0.379167 0.986875 0.021667 0.026250
4 0.396667 0.953750 0.033333 0.040000
4 0.412500 0.919375 0.018333 0.028750
7 0.659167 0.768750 0.038333 0.042500
7 0.602500 0.800000 0.028333 0.042500
7 0.623333 0.801875 0.026667 0.038750
7 0.590833 0.878750 0.061667 0.105000
7 0.985000 0.763750 0.030000 0.065000
7 0.850000 0.582500 0.113333 0.082500
7 0.837500 0.570000 0.118333 0.085000
7 0.891667 0.503750 0.060000 0.042500
7 0.909167 0.515625 0.045000 0.031250
7 0.931667 0.455625 0.063333 0.048750
7 0.945833 0.465000 0.055000 0.045000
7 0.645000 0.855625 0.046667 0.048750
7 0.630833 0.853125 0.025000 0.036250
7 0.659167 0.858750 0.045000 0.047500
7 0.669167 0.867500 0.038333 0.037500
7 0.684167 0.873125 0.035000 0.036250
7 0.619167 0.900000 0.035000 0.050000
7 0.606667 0.895625 0.030000 0.048750
7 0.595833 0.948125 0.031667 0.046250
7 0.585833 0.939375 0.025000 0.033750
7 0.606667 0.951250 0.023333 0.035000
7 0.619167 0.954375 0.028333 0.033750
7 0.634167 0.959375 0.025000 0.028750
7 0.645000 0.963750 0.023333 0.025000