25 0.837500 0.080625 0.111667 0.081250
25 0.422500 0.077500 0.115000 0.082500
26 0.636667 0.037500 0.116667 0.075000
25 0.770833 0.029375 0.115000 0.058750
25 0.478333 0.128750 0.113333 0.082500
29 0.915833 0.160000 0.108333 0.082500
25 0.210833 0.257500 0.095000 0.065000
29 0.582500 0.233125 0.101667 0.078750
19 0.292500 0.356250 0.111667 0.082500
25 0.691667 0.331875 0.110000 0.078750
29 0.740833 0.386875 0.105000 0.081250
25 0.380833 0.441875 0.115000 0.083750
19 0.450833 0.513750 0.108333 0.082500
19 0.505833 0.577500 0.115000 0.085000
29 0.545833 0.966250 0.098333 0.067500
20 0.630833 0.943750 0.191667 0.112500
31 0.189167 0.956250 0.071667 0.057500
31 0.219167 0.941875 0.071667 0.056250