33 0.229000 0.427000 0.048000 0.082000
33 0.290000 0.427500 0.046000 0.081000
33 0.534000 0.427500 0.046000 0.081000
33 0.472500 0.427000 0.047000 0.082000
33 0.858000 0.738500 0.044000 0.081000
33 0.798500 0.738000 0.045000 0.082000
33 0.740000 0.739000 0.046000 0.082000
33 0.350500 0.427500 0.047000 0.081000
33 0.412000 0.427500 0.046000 0.081000
33 0.658500 0.590000 0.047000 0.082000
33 0.620500 0.739500 0.045000 0.081000
33 0.560500 0.740000 0.047000 0.084000
33 0.679500 0.740000 0.045000 0.082000
12 0.600000 0.453000 0.022000 0.008000
9 0.599500 0.462000 0.021000 0.008000
12 0.874000 0.636500 0.018000 0.017000