29 0.309500 0.960500 0.051000 0.057000
19 0.247000 0.980500 0.054000 0.039000
19 0.139500 0.835000 0.063000 0.062000
25 0.233500 0.679000 0.061000 0.064000
25 0.287000 0.628000 0.064000 0.062000
25 0.249500 0.500000 0.063000 0.062000
25 0.200000 0.450500 0.056000 0.061000
25 0.134500 0.472000 0.059000 0.060000
19 0.076500 0.498500 0.059000 0.061000
25 0.673500 0.106500 0.059000 0.061000
25 0.746000 0.072000 0.060000 0.062000
29 0.794500 0.045500 0.057000 0.057000
25 0.369000 0.828500 0.058000 0.057000
29 0.660000 0.729000 0.064000 0.070000