9 0.728333 0.030000 0.030000 0.022500
9 0.535000 0.075000 0.033333 0.027500
14 0.985833 0.253750 0.025000 0.022500
14 0.981667 0.283750 0.026667 0.025000
14 0.956667 0.280625 0.026667 0.023750
9 0.889167 0.442500 0.031667 0.022500
14 0.824167 0.465000 0.028333 0.022500
9 0.809167 0.475000 0.028333 0.022500
14 0.427500 0.421875 0.041667 0.026250
9 0.382500 0.475000 0.028333 0.015000
14 0.326667 0.158750 0.033333 0.025000
14 0.304167 0.179375 0.025000 0.021250
14 0.185000 0.045625 0.016667 0.016250
14 0.163333 0.068125 0.030000 0.023750
12 0.252500 0.165000 0.031667 0.025000
9 0.168333 0.290625 0.033333 0.021250
9 0.077500 0.329375 0.028333 0.023750
14 0.176667 0.417500 0.030000 0.022500
9 0.898333 0.644375 0.030000 0.018750
14 0.988333 0.646250 0.023333 0.010000
14 0.796667 0.676875 0.036667 0.008750
14 0.692500 0.678750 0.038333 0.010000
12 0.175833 0.865625 0.035000 0.026250
14 0.342500 0.890625 0.015000 0.021250
9 0.600833 0.900625 0.015000 0.023750
14 0.738333 0.850625 0.043333 0.011250
13 0.737500 0.827500 0.038333 0.012500
12 0.973333 0.876250 0.036667 0.015000