4 0.239167 0.558750 0.135000 0.057500
4 0.350000 0.532500 0.100000 0.047500
4 0.443333 0.504375 0.080000 0.038750
8 0.665833 0.450625 0.271667 0.076250
7 0.902500 0.805625 0.115000 0.036250
7 0.914167 0.818125 0.105000 0.033750
6 0.901667 0.839375 0.153333 0.051250
7 0.912500 0.865000 0.161667 0.060000
7 0.508333 0.896250 0.106667 0.050000
7 0.493333 0.909375 0.106667 0.051250
7 0.491667 0.926250 0.110000 0.052500
7 0.478333 0.938125 0.100000 0.046250
7 0.475000 0.953125 0.113333 0.053750
7 0.455000 0.965625 0.120000 0.048750
7 0.442500 0.975625 0.108333 0.043750
7 0.434167 0.983750 0.108333 0.032500