12 0.097500 0.181875 0.025000 0.028750
17 0.180833 0.207500 0.025000 0.047500
11 0.206667 0.196250 0.023333 0.040000
12 0.046667 0.279375 0.050000 0.013750
13 0.201667 0.345000 0.033333 0.057500
11 0.068333 0.181250 0.023333 0.035000
13 0.210000 0.295625 0.020000 0.038750
14 0.035000 0.444375 0.016667 0.021250
14 0.069167 0.444375 0.015000 0.021250
12 0.086667 0.442500 0.016667 0.025000
9 0.109167 0.448750 0.015000 0.020000
9 0.132500 0.446250 0.018333 0.025000
13 0.136667 0.361250 0.043333 0.047500
1 0.503333 0.336250 0.030000 0.027500
9 0.679167 0.483750 0.015000 0.025000
14 0.785000 0.424375 0.020000 0.026250
14 0.879167 0.468125 0.015000 0.023750
14 0.777500 0.259375 0.035000 0.008750
9 0.770000 0.293750 0.040000 0.012500
9 0.772500 0.338125 0.038333 0.011250
12 0.975833 0.428750 0.015000 0.025000
9 0.984167 0.460625 0.031667 0.013750
9 0.982500 0.471875 0.035000 0.013750
9 0.982500 0.484375 0.035000 0.011250
13 0.992500 0.434375 0.015000 0.041250
11 0.987500 0.326875 0.025000 0.011250
12 0.218333 0.724375 0.040000 0.008750
12 0.166667 0.760000 0.016667 0.025000
12 0.188333 0.765625 0.020000 0.026250
18 0.340833 0.768125 0.105000 0.016250
12 0.477500 0.702500 0.021667 0.027500
12 0.520000 0.704375 0.020000 0.023750
12 0.447500 0.701250 0.021667 0.022500
14 0.823333 0.780625 0.016667 0.026250
11 0.857500 0.710625 0.031667 0.011250