35 0.620833 0.565000 0.091667 0.065000
9 0.960000 0.016250 0.036667 0.010000
12 0.127500 0.312500 0.018333 0.025000
9 0.515833 0.580625 0.028333 0.021250
9 0.456667 0.580625 0.030000 0.021250
12 0.492500 0.578125 0.035000 0.028750
9 0.431667 0.580625 0.033333 0.023750
14 0.346667 0.580625 0.030000 0.021250
14 0.379167 0.581250 0.031667 0.025000
9 0.738333 0.581250 0.030000 0.022500
9 0.762500 0.581250 0.035000 0.025000
9 0.792500 0.580625 0.038333 0.026250
14 0.821667 0.583125 0.030000 0.021250
12 0.556667 0.653125 0.043333 0.011250
9 0.625000 0.673125 0.016667 0.021250
9 0.642500 0.673750 0.015000 0.017500
14 0.664167 0.674375 0.015000 0.018750
14 0.685000 0.672500 0.016667 0.025000
14 0.705000 0.674375 0.013333 0.018750
9 0.724167 0.673750 0.015000 0.020000
9 0.745000 0.673125 0.016667 0.018750
9 0.765000 0.674375 0.016667 0.018750
9 0.783333 0.673125 0.020000 0.021250
12 0.807500 0.672500 0.018333 0.025000
14 0.163333 0.762500 0.013333 0.020000
9 0.305000 0.729375 0.036667 0.008750
9 0.305000 0.741250 0.036667 0.010000
14 0.305833 0.753125 0.035000 0.008750
14 0.303333 0.763750 0.033333 0.007500
14 0.306667 0.775625 0.036667 0.008750
9 0.305833 0.786875 0.035000 0.008750
9 0.307500 0.798125 0.035000 0.008750
9 0.307500 0.809375 0.035000 0.008750
14 0.306667 0.890625 0.033333 0.008750
9 0.305833 0.902500 0.035000 0.010000
9 0.304167 0.913750 0.035000 0.010000
9 0.303333 0.936250 0.033333 0.007500
9 0.306667 0.945625 0.033333 0.008750
14 0.306667 0.925000 0.033333 0.007500
11 0.896667 0.912500 0.050000 0.052500
9 0.967500 0.966250 0.038333 0.025000
12 0.933333 0.946250 0.033333 0.022500
9 0.713333 0.963125 0.013333 0.021250
12 0.690833 0.963125 0.015000 0.023750
9 0.572500 0.964375 0.015000 0.021250
11 0.851667 0.268125 0.016667 0.021250