27 0.261250 0.123333 0.107500 0.136667
21 0.274375 0.314167 0.128750 0.151667
25 0.943750 0.300833 0.065000 0.081667
27 0.766875 0.351667 0.111250 0.140000
20 0.291875 0.491667 0.131250 0.183333
20 0.303125 0.671667 0.128750 0.183333
28 0.318750 0.849167 0.127500 0.151667
28 0.530000 0.665833 0.122500 0.151667
28 0.533750 0.814167 0.142500 0.181667
26 0.780000 0.618333 0.077500 0.090000
25 0.778125 0.695000 0.076250 0.093333
25 0.800000 0.775833 0.075000 0.091667
26 0.805625 0.860000 0.086250 0.116667
26 0.968750 0.640833 0.062500 0.078333
25 0.973750 0.726667 0.052500 0.100000
27 0.909375 0.827500 0.103750 0.135000
21 0.905625 0.945000 0.116250 0.110000