6 0.099500 0.010500 0.055000 0.017000
6 0.211500 0.943000 0.083000 0.064000
6 0.134500 0.558500 0.113000 0.047000
6 0.524500 0.575500 0.093000 0.081000
6 0.672000 0.387500 0.096000 0.067000
6 0.973000 0.269500 0.054000 0.057000
4 0.954000 0.264000 0.026000 0.024000
6 0.396500 0.351500 0.095000 0.073000
6 0.629500 0.188500 0.059000 0.051000
6 0.806000 0.097000 0.050000 0.066000
6 0.549500 0.041000 0.039000 0.050000
4 0.541000 0.046500 0.030000 0.037000
2 0.433500 0.276000 0.031000 0.020000
2 0.427500 0.280500 0.025000 0.017000