25 0.169000 0.690000 0.064000 0.064000
25 0.373500 0.470500 0.063000 0.061000
26 0.575500 0.338000 0.069000 0.066000
19 0.303000 0.128500 0.064000 0.065000
19 0.258000 0.156000 0.064000 0.066000
19 0.204500 0.188000 0.065000 0.066000
26 0.160500 0.217500 0.069000 0.071000
19 0.117500 0.246000 0.063000 0.066000
25 0.071500 0.274500 0.063000 0.063000
25 0.029000 0.305000 0.058000 0.060000
25 0.157000 0.485000 0.062000 0.064000
25 0.201000 0.456000 0.060000 0.062000
25 0.312000 0.372500 0.062000 0.063000
26 0.371000 0.336000 0.066000 0.068000
19 0.428000 0.297000 0.064000 0.064000
25 0.493000 0.238000 0.058000 0.058000
26 0.569000 0.190500 0.066000 0.069000