2 0.099000 0.810500 0.054000 0.017000
2 0.629000 0.981000 0.058000 0.038000
2 0.805000 0.896000 0.050000 0.066000
2 0.883000 0.798500 0.046000 0.061000
2 0.549000 0.840000 0.040000 0.050000
2 0.540000 0.846000 0.030000 0.036000
2 0.659500 0.720000 0.039000 0.060000
2 0.852000 0.672000 0.038000 0.052000
2 0.845000 0.682000 0.028000 0.040000
2 0.788000 0.543000 0.036000 0.068000
2 0.690500 0.603500 0.025000 0.053000
2 0.647500 0.486500 0.037000 0.065000
2 0.748500 0.386000 0.031000 0.052000
2 0.738500 0.389000 0.027000 0.052000
2 0.570500 0.445500 0.031000 0.067000
2 0.581500 0.447500 0.017000 0.039000
2 0.440000 0.056500 0.016000 0.041000
2 0.431500 0.056500 0.013000 0.039000
2 0.348000 0.128000 0.014000 0.038000
2 0.341000 0.131000 0.014000 0.038000
2 0.333000 0.132000 0.016000 0.036000
2 0.609000 0.088000 0.020000 0.046000
2 0.601500 0.098500 0.027000 0.063000
2 0.705500 0.187000 0.031000 0.056000
2 0.693500 0.186500 0.027000 0.049000
2 0.447500 0.184000 0.033000 0.060000
2 0.698000 0.286000 0.038000 0.054000
2 0.589500 0.275500 0.027000 0.055000
2 0.381000 0.267000 0.018000 0.040000
2 0.372000 0.266000 0.018000 0.042000
2 0.507500 0.297000 0.013000 0.030000
2 0.501000 0.300000 0.012000 0.030000
2 0.493000 0.300000 0.014000 0.042000
2 0.487000 0.303500 0.014000 0.039000
2 0.480000 0.301500 0.010000 0.033000
2 0.474000 0.300500 0.010000 0.029000
2 0.466500 0.300000 0.013000 0.030000
2 0.419000 0.382000 0.018000 0.044000
2 0.412500 0.387500 0.011000 0.033000
2 0.405500 0.388500 0.011000 0.035000
2 0.398500 0.388500 0.007000 0.027000
2 0.497000 0.533000 0.016000 0.026000
2 0.491500 0.537000 0.017000 0.028000
2 0.485500 0.538500 0.019000 0.031000
2 0.478500 0.539000 0.025000 0.040000
2 0.474500 0.548000 0.017000 0.028000
2 0.468000 0.550000 0.018000 0.028000
2 0.422500 0.623000 0.019000 0.024000
2 0.419000 0.626500 0.020000 0.023000
2 0.416000 0.631500 0.022000 0.025000
2 0.410000 0.634500 0.030000 0.035000
2 0.407000 0.644000 0.026000 0.030000
2 0.403000 0.649500 0.022000 0.025000
2 0.396500 0.652500 0.025000 0.029000
2 0.391000 0.656500 0.024000 0.027000
2 0.386500 0.658500 0.023000 0.025000
2 0.381500 0.661500 0.023000 0.027000