30 0.270000 0.112000 0.200000 0.144000
33 0.638000 0.531000 0.054000 0.082000
33 0.563000 0.532500 0.054000 0.083000
33 0.475500 0.533500 0.053000 0.081000
33 0.400500 0.533500 0.053000 0.081000
33 0.316500 0.535500 0.053000 0.081000
33 0.242000 0.536000 0.054000 0.082000
33 0.597000 0.384000 0.054000 0.082000
33 0.522000 0.384500 0.054000 0.083000
33 0.435000 0.385500 0.054000 0.083000
33 0.360500 0.386000 0.053000 0.082000
33 0.276000 0.387500 0.052000 0.083000
33 0.200500 0.388500 0.055000 0.085000
34 0.246000 0.765500 0.170000 0.113000