29 0.075500 0.616000 0.039000 0.040000
29 0.113500 0.606500 0.035000 0.039000
29 0.146000 0.604500 0.032000 0.037000
29 0.185500 0.609500 0.041000 0.043000
29 0.096500 0.619500 0.027000 0.027000
29 0.084000 0.638500 0.026000 0.021000
29 0.067000 0.651000 0.038000 0.034000
29 0.081000 0.671000 0.040000 0.040000
29 0.148000 0.734000 0.038000 0.040000
29 0.162000 0.754000 0.024000 0.024000
29 0.122500 0.780000 0.025000 0.022000
29 0.229500 0.742500 0.037000 0.033000
29 0.283500 0.746000 0.027000 0.026000
29 0.370500 0.659000 0.041000 0.040000
29 0.378500 0.691500 0.031000 0.029000
29 0.375000 0.715000 0.030000 0.030000
29 0.551500 0.550000 0.027000 0.028000
29 0.574000 0.558000 0.020000 0.024000
29 0.594500 0.546000 0.037000 0.038000
23 0.701500 0.547000 0.069000 0.066000
29 0.686500 0.608500 0.031000 0.031000
29 0.748500 0.640000 0.037000 0.038000
29 0.666000 0.801000 0.024000 0.024000
29 0.691500 0.799000 0.035000 0.034000
29 0.708500 0.798000 0.029000 0.028000
29 0.717000 0.820000 0.050000 0.050000
29 0.744500 0.814500 0.033000 0.033000
29 0.324500 0.743000 0.029000 0.030000