28 0.387500 0.216000 0.115000 0.114000
20 0.288000 0.442000 0.088000 0.094000
28 0.399000 0.324500 0.094000 0.091000
28 0.554500 0.329000 0.107000 0.114000
27 0.646000 0.389500 0.114000 0.113000
27 0.650000 0.149000 0.102000 0.106000
27 0.697000 0.208000 0.116000 0.116000
22 0.914000 0.167000 0.110000 0.108000
29 0.749000 0.275000 0.092000 0.090000
29 0.802000 0.344000 0.096000 0.092000
28 0.746000 0.530500 0.124000 0.121000
21 0.554000 0.626000 0.114000 0.112000
20 0.460500 0.735500 0.123000 0.121000
27 0.610500 0.704000 0.111000 0.110000
20 0.518000 0.810500 0.118000 0.117000
22 0.809000 0.951000 0.110000 0.098000
25 0.973500 0.880000 0.053000 0.064000