4 0.981500 0.269500 0.037000 0.013000
5 0.838500 0.268500 0.189000 0.093000
7 0.603500 0.310000 0.067000 0.030000
4 0.614500 0.334000 0.063000 0.024000
7 0.610000 0.321500 0.046000 0.021000
4 0.667000 0.302000 0.030000 0.010000
7 0.677500 0.317000 0.063000 0.022000
5 0.649500 0.341500 0.101000 0.039000
7 0.242500 0.304000 0.065000 0.018000
7 0.241500 0.319000 0.125000 0.032000
7 0.241000 0.337500 0.116000 0.031000
7 0.257500 0.358000 0.185000 0.048000
7 0.255000 0.385000 0.186000 0.046000
7 0.270000 0.409000 0.176000 0.044000
7 0.274000 0.433500 0.184000 0.047000
7 0.075000 0.369500 0.150000 0.059000
7 0.076500 0.400000 0.153000 0.058000
7 0.082000 0.428500 0.164000 0.057000
7 0.088000 0.459500 0.176000 0.065000
7 0.646500 0.850000 0.065000 0.030000
7 0.649000 0.862500 0.062000 0.027000
4 0.654500 0.874500 0.055000 0.027000
4 0.661000 0.888500 0.052000 0.027000
7 0.983500 0.385000 0.029000 0.162000