7 0.575833 0.967500 0.101667 0.065000
7 0.483333 0.913750 0.090000 0.062500
7 0.598333 0.958750 0.100000 0.067500
7 0.620000 0.945000 0.106667 0.072500
7 0.640833 0.931250 0.101667 0.070000
7 0.325833 0.681875 0.115000 0.051250
7 0.340000 0.697500 0.116667 0.050000
7 0.347500 0.715000 0.118333 0.050000
7 0.355833 0.731250 0.111667 0.047500
7 0.371667 0.746875 0.113333 0.051250
7 0.470000 0.640000 0.113333 0.050000
7 0.478333 0.656875 0.100000 0.043750
7 0.495000 0.671875 0.106667 0.048750
7 0.599167 0.600625 0.108333 0.048750
7 0.616667 0.614375 0.100000 0.043750
7 0.628333 0.630625 0.100000 0.041250
7 0.641667 0.647500 0.106667 0.047500
7 0.716667 0.565000 0.120000 0.055000
7 0.746667 0.580000 0.120000 0.052500
7 0.852500 0.523750 0.078333 0.037500
7 0.859167 0.539375 0.101667 0.046250
7 0.878333 0.552500 0.113333 0.047500
7 0.893333 0.566875 0.113333 0.048750
1 0.908333 0.580000 0.053333 0.027500
7 0.050833 0.765000 0.101667 0.047500
7 0.185000 0.723750 0.113333 0.047500
7 0.199167 0.738125 0.115000 0.048750
7 0.218333 0.753125 0.110000 0.048750
7 0.233333 0.769375 0.116667 0.051250
7 0.051667 0.786875 0.103333 0.051250
7 0.056667 0.807500 0.113333 0.050000
7 0.333333 0.867500 0.116667 0.052500
1 0.048333 0.986250 0.023333 0.025000
35 0.184167 0.093125 0.118333 0.091250
35 0.379167 0.173125 0.118333 0.091250