0 0.045000 0.452500 0.090000 0.052500
2 0.143333 0.574375 0.160000 0.066250
2 0.489167 0.340625 0.128333 0.056250
2 0.182500 0.849375 0.121667 0.051250
2 0.172500 0.865625 0.115000 0.051250
2 0.277500 0.877500 0.051667 0.057500
2 0.358333 0.740000 0.063333 0.082500
2 0.504167 0.671250 0.075000 0.065000
2 0.516667 0.684375 0.080000 0.068750
2 0.565000 0.597500 0.060000 0.055000
2 0.608333 0.605000 0.116667 0.102500
2 0.629167 0.647500 0.125000 0.102500
2 0.665833 0.643750 0.071667 0.062500
2 0.577500 0.604375 0.048333 0.046250