29 0.017222 0.562778 0.034444 0.043333
29 0.051111 0.560556 0.035556 0.041111
29 0.095000 0.566111 0.045556 0.047778
29 0.053333 0.704444 0.042222 0.044444
29 0.068889 0.726667 0.026667 0.026667
29 0.025000 0.755556 0.027778 0.024444
29 0.143889 0.713889 0.041111 0.036667
29 0.203889 0.717778 0.030000 0.028889
29 0.300556 0.621111 0.045556 0.044444
29 0.309444 0.657222 0.034444 0.032222
29 0.305556 0.683333 0.033333 0.033333
29 0.501667 0.500000 0.030000 0.031111
29 0.526667 0.508889 0.022222 0.026667
29 0.549444 0.495556 0.041111 0.042222
23 0.668333 0.496667 0.076667 0.073333
29 0.651667 0.565000 0.034444 0.034444
29 0.720556 0.600000 0.041111 0.042222
29 0.628889 0.778889 0.026667 0.026667
29 0.657222 0.776667 0.038889 0.037778
29 0.676111 0.775556 0.032222 0.031111
29 0.685556 0.800000 0.055556 0.055556
29 0.716111 0.793889 0.036667 0.036667
29 0.249444 0.714444 0.032222 0.033333