26 0.168750 0.021875 0.075000 0.043750
26 0.022500 0.183125 0.045000 0.063750
26 0.028750 0.256875 0.057500 0.066250
26 0.041250 0.344375 0.082500 0.093750
26 0.126875 0.343125 0.063750 0.073750
29 0.181875 0.139375 0.063750 0.061250
29 0.197500 0.263750 0.057500 0.060000
26 0.196875 0.329375 0.086250 0.086250
25 0.348750 0.152500 0.072500 0.062500
24 0.359375 0.226875 0.073750 0.061250
24 0.378750 0.301250 0.087500 0.090000
19 0.456250 0.305625 0.060000 0.061250
19 0.511250 0.057500 0.065000 0.062500
24 0.528750 0.131250 0.067500 0.060000
25 0.526250 0.211250 0.067500 0.060000
25 0.687500 0.035625 0.072500 0.061250
25 0.688750 0.108750 0.072500 0.062500
26 0.808750 0.266250 0.080000 0.085000
27 0.866875 0.128750 0.131250 0.130000
25 0.071250 0.443125 0.072500 0.063750
29 0.184375 0.432500 0.046250 0.040000
27 0.553125 0.535625 0.108750 0.103750