25 0.136250 0.093333 0.057500 0.076667
19 0.121250 0.215000 0.060000 0.073333
25 0.148125 0.373333 0.061250 0.076667
25 0.070000 0.373333 0.055000 0.073333
29 0.205000 0.970000 0.087500 0.060000
20 0.503125 0.071667 0.116250 0.143333
20 0.506250 0.224167 0.117500 0.145000
20 0.513125 0.376667 0.118750 0.143333
20 0.519375 0.530833 0.118750 0.135000
20 0.738125 0.061667 0.113750 0.123333
26 0.738750 0.220833 0.070000 0.078333
21 0.742500 0.372500 0.107500 0.135000
29 0.618750 0.965833 0.057500 0.068333