7 0.113000 0.658000 0.068000 0.086000
7 0.125000 0.667000 0.064000 0.084000
7 0.131500 0.682500 0.071000 0.099000
7 0.144500 0.688000 0.071000 0.100000
7 0.150500 0.705500 0.069000 0.095000
7 0.028500 0.817000 0.057000 0.098000
7 0.062000 0.784000 0.078000 0.100000
7 0.079500 0.784500 0.073000 0.093000
7 0.091500 0.792500 0.069000 0.087000
5 0.757000 0.590000 0.078000 0.076000
7 0.868000 0.686000 0.064000 0.064000
7 0.951500 0.774500 0.057000 0.061000
4 0.905500 0.725000 0.021000 0.020000
7 0.704000 0.467000 0.056000 0.066000
7 0.754500 0.496500 0.073000 0.093000
6 0.546000 0.411000 0.088000 0.066000
4 0.734500 0.416500 0.047000 0.039000
2 0.738500 0.401500 0.025000 0.015000
2 0.736000 0.408000 0.026000 0.018000
5 0.784000 0.437000 0.040000 0.034000