7 0.745500 0.974500 0.061000 0.051000
7 0.690000 0.931000 0.054000 0.050000
7 0.759000 0.967000 0.060000 0.054000
7 0.772000 0.956000 0.064000 0.058000
7 0.784500 0.945000 0.061000 0.056000
7 0.595500 0.745500 0.069000 0.041000
7 0.604000 0.758000 0.070000 0.040000
7 0.608500 0.772000 0.071000 0.040000
7 0.613500 0.785000 0.067000 0.038000
7 0.623000 0.797500 0.068000 0.041000
7 0.682000 0.712000 0.068000 0.040000
7 0.687000 0.725500 0.060000 0.035000
7 0.697000 0.737500 0.064000 0.039000
7 0.759500 0.680500 0.065000 0.039000
7 0.770000 0.691500 0.060000 0.035000
7 0.777000 0.704500 0.060000 0.033000
7 0.785000 0.718000 0.064000 0.038000
7 0.830000 0.652000 0.072000 0.044000
7 0.848000 0.664000 0.072000 0.042000
7 0.911500 0.619000 0.047000 0.030000
7 0.915500 0.631500 0.061000 0.037000
7 0.927000 0.642000 0.068000 0.038000
7 0.936000 0.653500 0.068000 0.039000
1 0.945000 0.664000 0.032000 0.022000
7 0.351500 0.843500 0.059000 0.037000
7 0.427000 0.812500 0.068000 0.039000
7 0.511000 0.779000 0.068000 0.038000
7 0.519500 0.790500 0.069000 0.039000
7 0.531000 0.802500 0.066000 0.039000
7 0.540000 0.815500 0.070000 0.041000
7 0.424500 0.830500 0.075000 0.043000
7 0.434000 0.846000 0.068000 0.040000
7 0.600000 0.894000 0.070000 0.042000
1 0.284000 0.875500 0.030000 0.019000
1 0.429000 0.989000 0.014000 0.020000
1 0.013000 0.905500 0.026000 0.015000
1 0.052000 0.903500 0.036000 0.007000
1 0.052500 0.909500 0.033000 0.005000
1 0.108000 0.920500 0.032000 0.017000
1 0.147500 0.919000 0.029000 0.018000
1 0.153000 0.923500 0.022000 0.013000
7 0.369000 0.851500 0.040000 0.027000
35 0.251500 0.133000 0.071000 0.074000
35 0.374500 0.205500 0.071000 0.073000
35 0.510500 0.274500 0.071000 0.073000
35 0.627500 0.338500 0.071000 0.073000
35 0.045000 0.383500 0.050000 0.049000
35 0.176500 0.453000 0.049000 0.048000
35 0.314000 0.522000 0.046000 0.046000
35 0.051000 0.609000 0.042000 0.040000