25 0.192500 0.952500 0.053000 0.051000
25 0.181500 0.895500 0.049000 0.047000
26 0.174000 0.842000 0.060000 0.048000
19 0.176000 0.790500 0.068000 0.065000
26 0.225000 0.749500 0.066000 0.069000
19 0.290500 0.747500 0.057000 0.055000
19 0.348000 0.773500 0.062000 0.061000
24 0.369000 0.872500 0.054000 0.049000
25 0.446500 0.782000 0.049000 0.052000
25 0.514000 0.508500 0.058000 0.047000
29 0.808500 0.463500 0.055000 0.055000
19 0.521500 0.780000 0.045000 0.046000
19 0.539000 0.827000 0.046000 0.048000
19 0.525500 0.910500 0.045000 0.047000
19 0.484500 0.954000 0.059000 0.060000
19 0.727500 0.892000 0.051000 0.052000
19 0.665000 0.851000 0.046000 0.046000
25 0.665500 0.799500 0.045000 0.047000
25 0.665000 0.747500 0.052000 0.047000