20 0.190000 0.105000 0.111111 0.121111
25 0.411111 0.052222 0.055556 0.055556
28 0.206111 0.223889 0.112222 0.103333
20 0.414444 0.338889 0.108889 0.102222
27 0.541667 0.363889 0.096667 0.096667
28 0.420000 0.437222 0.128889 0.123333
25 0.425000 0.727778 0.054444 0.053333
27 0.958889 0.416111 0.082222 0.125556
19 0.956111 0.346111 0.056667 0.052222
23 0.951111 0.284444 0.057778 0.044444
29 0.872222 0.240556 0.040000 0.047778
26 0.946667 0.222222 0.073333 0.062222
29 0.943333 0.151667 0.082222 0.074444
25 0.791667 0.151111 0.052222 0.053333
25 0.813889 0.320000 0.050000 0.053333
26 0.817778 0.378333 0.075556 0.072222
26 0.825000 0.442778 0.076667 0.078889
27 0.751667 0.444444 0.094444 0.095556
26 0.660556 0.467778 0.076667 0.077778
19 0.635556 0.305000 0.062222 0.056667
27 0.640556 0.221667 0.110000 0.110000