22 0.830500 0.203000 0.111000 0.112000
29 0.726500 0.053000 0.061000 0.062000
25 0.550000 0.187000 0.070000 0.070000
25 0.633500 0.370000 0.069000 0.068000
25 0.422500 0.288500 0.071000 0.071000
25 0.525000 0.458000 0.066000 0.068000
25 0.471000 0.501000 0.070000 0.070000
25 0.418500 0.546500 0.065000 0.065000
25 0.363000 0.584500 0.068000 0.069000
29 0.222000 0.476500 0.058000 0.059000
25 0.177000 0.508000 0.070000 0.070000
26 0.129500 0.541000 0.077000 0.078000
19 0.081500 0.421000 0.071000 0.070000