27 0.058500 0.894000 0.109000 0.108000
29 0.149000 0.825000 0.094000 0.096000
27 0.226500 0.780500 0.111000 0.111000
29 0.298500 0.726500 0.097000 0.099000
20 0.396000 0.669000 0.114000 0.116000
29 0.468500 0.614000 0.089000 0.092000
20 0.545000 0.568000 0.114000 0.116000
27 0.767500 0.418500 0.113000 0.113000
20 0.843500 0.370500 0.115000 0.117000
20 0.941500 0.680500 0.113000 0.115000
20 0.867500 0.730000 0.113000 0.116000
20 0.793000 0.780000 0.114000 0.116000
20 0.645000 0.880000 0.114000 0.116000
20 0.571000 0.930500 0.114000 0.117000