25 0.622500 0.838125 0.105000 0.076250
26 0.950833 0.672500 0.098333 0.082500
19 0.436667 0.240625 0.103333 0.081250
19 0.505000 0.410625 0.106667 0.081250
19 0.430000 0.445000 0.106667 0.082500
19 0.340833 0.485000 0.108333 0.082500
26 0.267500 0.521875 0.115000 0.088750
19 0.195833 0.557500 0.105000 0.082500
25 0.119167 0.593125 0.105000 0.078750
25 0.048333 0.631250 0.096667 0.075000
25 0.261667 0.856250 0.103333 0.080000
25 0.335000 0.820000 0.100000 0.077500
25 0.520000 0.715625 0.103333 0.078750
26 0.618333 0.670000 0.110000 0.085000
19 0.713333 0.621250 0.106667 0.080000
25 0.821667 0.547500 0.096667 0.072500
26 0.946667 0.488750 0.106667 0.087500