9 0.375000 0.894375 0.026667 0.018750
12 0.406667 0.911250 0.036667 0.022500
12 0.701667 0.903125 0.036667 0.013750
12 0.855000 0.850625 0.036667 0.026250
15 0.901667 0.639375 0.076667 0.058750
12 0.918333 0.515000 0.036667 0.027500
14 0.886667 0.494375 0.030000 0.021250
12 0.586667 0.281875 0.036667 0.028750
14 0.428333 0.296875 0.030000 0.026250
12 0.380833 0.225000 0.038333 0.025000
35 0.309167 0.639375 0.115000 0.086250
11 0.124167 0.077500 0.051667 0.010000
14 0.329167 0.018750 0.031667 0.025000
12 0.536667 0.662500 0.036667 0.027500