2 0.889000 0.497000 0.042000 0.114000
2 0.858000 0.249000 0.024000 0.082000
2 0.873000 0.244000 0.014000 0.064000
2 0.619000 0.429000 0.022000 0.054000
2 0.637000 0.428000 0.022000 0.072000
2 0.650000 0.424000 0.020000 0.072000
2 0.664000 0.421000 0.028000 0.070000
2 0.680000 0.419000 0.028000 0.082000
2 0.695000 0.417000 0.026000 0.082000
2 0.708000 0.415000 0.028000 0.078000
2 0.654000 0.671000 0.048000 0.074000
2 0.729000 0.689000 0.042000 0.078000
2 0.754000 0.696000 0.044000 0.088000
2 0.771000 0.911000 0.026000 0.054000
2 0.787000 0.912000 0.022000 0.052000
2 0.799000 0.907000 0.026000 0.066000
2 0.812000 0.893000 0.032000 0.086000
2 0.827000 0.893000 0.026000 0.062000
2 0.956000 0.753000 0.024000 0.070000
2 0.973000 0.763000 0.026000 0.082000
2 0.990000 0.770000 0.020000 0.068000