1 0.011000 0.984000 0.022000 0.020000
1 0.054000 0.954000 0.032000 0.028000
1 0.055000 0.981000 0.026000 0.030000
1 0.077000 0.967000 0.030000 0.034000
1 0.088000 0.961000 0.028000 0.030000
1 0.101000 0.952000 0.030000 0.032000
1 0.498000 0.930000 0.088000 0.096000
1 0.472000 0.903000 0.080000 0.086000
1 0.445000 0.879000 0.070000 0.082000
1 0.371000 0.891000 0.070000 0.078000
1 0.281000 0.938000 0.046000 0.056000
1 0.044000 0.986000 0.028000 0.028000
1 0.032000 0.807000 0.064000 0.030000
1 0.100000 0.868000 0.060000 0.020000
1 0.018000 0.924000 0.036000 0.024000