13 0.846000 0.859000 0.032000 0.022000
9 0.798000 0.848000 0.044000 0.028000
9 0.840000 0.834000 0.044000 0.028000
11 0.786000 0.824000 0.056000 0.028000
11 0.792000 0.799000 0.072000 0.042000
13 0.757000 0.780000 0.010000 0.016000
9 0.899000 0.685000 0.034000 0.014000
13 0.898000 0.671000 0.028000 0.010000
9 0.897000 0.656000 0.034000 0.012000
14 0.894000 0.628000 0.028000 0.012000
10 0.763000 0.671000 0.082000 0.022000
9 0.891000 0.580000 0.042000 0.016000
9 0.815000 0.599000 0.038000 0.014000
14 0.819000 0.615000 0.038000 0.014000
14 0.013000 0.658000 0.026000 0.020000
9 0.289000 0.510000 0.038000 0.016000