25 0.176750 0.048750 0.027500 0.027500
25 0.113250 0.105750 0.029500 0.029500
25 0.339000 0.073500 0.022000 0.021000
19 0.113750 0.243250 0.029500 0.030500
19 0.054250 0.285000 0.031500 0.032000
25 0.740000 0.613750 0.028000 0.028500
26 0.719500 0.632500 0.030000 0.032000
29 0.653750 0.683250 0.027500 0.027500
25 0.846000 0.648250 0.032000 0.032500
23 0.515500 0.652750 0.028000 0.026500
26 0.463500 0.593500 0.036000 0.035000
25 0.536250 0.682500 0.029500 0.030000
25 0.556750 0.708750 0.032500 0.032500
25 0.316250 0.724500 0.029500 0.029000
25 0.243500 0.784500 0.031000 0.031000
25 0.161000 0.847500 0.029000 0.029000
25 0.213500 0.911000 0.032000 0.032000
26 0.305000 0.940750 0.031000 0.032500
25 0.331250 0.909750 0.026500 0.025500