26 0.265500 0.617750 0.053000 0.053500
22 0.049500 0.178000 0.080000 0.077000
25 0.242500 0.068500 0.050000 0.051000
29 0.079500 0.459750 0.096000 0.092500
27 0.069500 0.984500 0.084000 0.031000
27 0.319500 0.929250 0.083000 0.079500
25 0.109500 0.532750 0.054000 0.054500
25 0.140500 0.685250 0.051000 0.051500
19 0.206750 0.651000 0.047500 0.047000
19 0.329750 0.585000 0.047500 0.047000
20 0.245000 0.461500 0.095000 0.097000
28 0.314000 0.422500 0.097000 0.099000
25 0.399500 0.540250 0.052000 0.052500
28 0.463750 0.505500 0.092500 0.093000
19 0.383750 0.381500 0.048500 0.048000
19 0.565500 0.518750 0.041000 0.036500
19 0.558250 0.290250 0.050500 0.050500
19 0.588750 0.437500 0.046500 0.046000
27 0.622750 0.254750 0.085500 0.084500
19 0.649500 0.405250 0.049000 0.048500
28 0.713000 0.366000 0.091000 0.091000
21 0.696250 0.209250 0.084500 0.085500
19 0.770750 0.327250 0.047500 0.047500
27 0.851000 0.289000 0.080000 0.077000
20 0.762500 0.164750 0.090000 0.089500
25 0.833750 0.140250 0.050500 0.050500
26 0.875500 0.103750 0.045000 0.047500
25 0.924250 0.087250 0.050500 0.050500
26 0.965750 0.121250 0.056500 0.052500
22 0.912000 0.253000 0.084000 0.085000
29 0.762250 0.605750 0.049500 0.045500
22 0.816750 0.708000 0.087500 0.092000
26 0.533250 0.970500 0.054500 0.047000
26 0.505000 0.876500 0.054000 0.049000
26 0.549250 0.843250 0.054500 0.057500
26 0.602500 0.802500 0.041000 0.049000
26 0.659250 0.825750 0.051500 0.057500
26 0.714750 0.866500 0.055500 0.057000
26 0.928500 0.953500 0.051000 0.053000
22 0.949250 0.837250 0.066500 0.061500