12 0.838750 0.150000 0.032500 0.100000
12 0.872500 0.146666 0.030000 0.106666
11 0.870000 0.238334 0.025000 0.056666
11 0.836250 0.238334 0.027500 0.056666
11 0.806250 0.228334 0.027500 0.076666
11 0.776250 0.228334 0.032500 0.076666
11 0.745000 0.228334 0.030000 0.076666
11 0.713750 0.231666 0.032500 0.083334
11 0.685000 0.233334 0.025000 0.080000
11 0.653750 0.235000 0.027500 0.076666
11 0.621250 0.238334 0.032500 0.076666
15 0.583750 0.190000 0.037500 0.193334
11 0.385000 0.145000 0.050000 0.030000
11 0.385000 0.176666 0.050000 0.033334
11 0.385000 0.211666 0.050000 0.030000
11 0.385000 0.243334 0.050000 0.026666
15 0.412500 0.320000 0.105000 0.040000
11 0.427500 0.353334 0.065000 0.026666
11 0.411250 0.388334 0.102500 0.043334
12 0.426250 0.425000 0.082500 0.036666
15 0.582500 0.485000 0.035000 0.116666
15 0.612500 0.483334 0.030000 0.120000
12 0.648750 0.483334 0.032500 0.100000
11 0.683750 0.468334 0.032500 0.083334
11 0.718750 0.475000 0.027500 0.076666
12 0.748750 0.481666 0.032500 0.096666
11 0.781250 0.473334 0.027500 0.073334
11 0.813750 0.471666 0.027500 0.070000
11 0.845000 0.473334 0.025000 0.073334
11 0.880000 0.471666 0.030000 0.070000
12 0.916250 0.481666 0.032500 0.103334
9 0.711250 0.943334 0.052500 0.066666
12 0.711250 0.995000 0.062500 0.010000