6 0.253334 0.955334 0.072000 0.046666
6 0.257334 0.972000 0.074666 0.048000
5 0.228666 0.754000 0.038666 0.060000
7 0.240666 0.784000 0.052000 0.109334
7 0.263334 0.776666 0.046666 0.100000
7 0.280666 0.791334 0.028000 0.057334
2 0.295334 0.796666 0.028000 0.073334
1 0.307334 0.794666 0.014666 0.040000
2 0.320666 0.804000 0.028000 0.034666
2 0.331334 0.805334 0.044000 0.056000
7 0.352000 0.818000 0.048000 0.060000
7 0.372666 0.822666 0.044000 0.064000
7 0.388000 0.834000 0.058666 0.076000
7 0.407334 0.840666 0.081334 0.094666
7 0.200666 0.743334 0.049334 0.081334
7 0.213334 0.750666 0.042666 0.072000
7 0.192000 0.790000 0.072000 0.036000
7 0.344666 0.807334 0.038666 0.052000
2 0.158666 0.640666 0.061334 0.033334
2 0.162666 0.654000 0.064000 0.036000