0 0.065333 0.916000 0.130667 0.168000
0 0.358000 0.963334 0.073334 0.073333
0 0.406000 0.924000 0.100000 0.114666
0 0.459334 0.724666 0.134666 0.158666
0 0.783334 0.790000 0.062666 0.065334
1 0.879334 0.755334 0.049334 0.049334
1 0.840666 0.716000 0.049334 0.048000
1 0.894666 0.754000 0.042666 0.041334
1 0.904666 0.742000 0.044000 0.044000
1 0.916000 0.739334 0.040000 0.041334
1 0.926000 0.732666 0.041334 0.041334
1 0.935334 0.726000 0.038666 0.038666
1 0.944666 0.716666 0.041334 0.041334
1 0.951334 0.709334 0.030666 0.029334
1 0.862000 0.718000 0.038666 0.038666
1 0.870666 0.707334 0.040000 0.038666
1 0.880666 0.700666 0.033334 0.041334
0 0.760666 0.619334 0.073334 0.078666
5 0.772666 0.719334 0.049334 0.052000
1 0.804666 0.678000 0.036000 0.044000
1 0.822666 0.674000 0.048000 0.054666
1 0.836000 0.666666 0.040000 0.048000
1 0.848666 0.660000 0.044000 0.048000
1 0.893334 0.699334 0.034666 0.038666
1 0.902666 0.692666 0.032000 0.038666
1 0.910666 0.686666 0.026666 0.029334
1 0.920666 0.684666 0.028000 0.030666
1 0.932000 0.681334 0.032000 0.034666
1 0.862666 0.654666 0.032000 0.037334
1 0.876666 0.653334 0.038666 0.045334
1 0.896000 0.651334 0.040000 0.046666
1 0.943334 0.677334 0.030666 0.034666
0 0.855334 0.595334 0.073334 0.041334
0 0.854000 0.620666 0.084000 0.049334
1 0.844000 0.586000 0.042666 0.028000
1 0.725334 0.668000 0.021334 0.048000
7 0.974000 0.600000 0.052000 0.050666
7 0.968000 0.588666 0.061334 0.052000
4 0.846000 0.112000 0.110666 0.045334
4 0.850000 0.132000 0.073334 0.034666
1 0.472000 0.050000 0.053334 0.046666
1 0.486000 0.042666 0.054666 0.048000
1 0.500666 0.034666 0.052000 0.048000
1 0.517334 0.028000 0.050666 0.045334
1 0.531334 0.023334 0.049334 0.044000
1 0.546666 0.018000 0.048000 0.036000
1 0.303334 0.108000 0.038666 0.032000
1 0.309334 0.100000 0.048000 0.037334
1 0.319334 0.094000 0.033334 0.028000
1 0.328000 0.086666 0.034666 0.029334
1 0.332666 0.076000 0.041334 0.034666
1 0.336666 0.064000 0.038666 0.032000
1 0.345334 0.054000 0.058666 0.046666
1 0.352666 0.040666 0.062666 0.049334
1 0.410000 0.097334 0.054666 0.045334
1 0.418000 0.086000 0.049334 0.038666
6 0.360666 0.026000 0.068000 0.052000
1 0.424666 0.074666 0.062666 0.050666
7 0.420000 0.016000 0.032000 0.026666
7 0.444666 0.014000 0.033334 0.028000
7 0.456666 0.012667 0.022666 0.025333
1 0.265334 0.430666 0.048000 0.034666
2 0.023334 0.303334 0.046667 0.073334
2 0.064666 0.293334 0.041334 0.061334
2 0.041334 0.295334 0.053334 0.076000
2 0.080000 0.284666 0.048000 0.065334
2 0.103334 0.281334 0.057334 0.064000
2 0.114000 0.270666 0.038666 0.042666
2 0.128666 0.268000 0.052000 0.061334
2 0.144000 0.262666 0.045334 0.053334
2 0.157334 0.254666 0.045334 0.048000
2 0.168666 0.247334 0.033334 0.036000
2 0.180666 0.239334 0.033334 0.038666
0 0.108666 0.326666 0.073334 0.045334
4 0.030000 0.368666 0.060001 0.068000
4 0.165334 0.404000 0.082666 0.069334