9 0.013000 0.155000 0.026000 0.022000
14 0.020000 0.120000 0.040000 0.028000
9 0.063000 0.109000 0.022000 0.034000
9 0.098000 0.149000 0.036000 0.038000
9 0.123000 0.106000 0.026000 0.040000
9 0.147000 0.101000 0.026000 0.038000
9 0.171000 0.098000 0.022000 0.036000
9 0.197000 0.097000 0.022000 0.038000
14 0.319000 0.242000 0.022000 0.040000
9 0.453000 0.223000 0.030000 0.042000
14 0.917000 0.038000 0.022000 0.032000
14 0.977000 0.083000 0.046000 0.018000
9 0.982000 0.067000 0.036000 0.014000
17 0.975000 0.047000 0.050000 0.030000
14 0.900000 0.305000 0.044000 0.018000
14 0.836000 0.284000 0.048000 0.016000
12 0.767000 0.293000 0.058000 0.022000
9 0.228000 0.348000 0.044000 0.016000
9 0.184000 0.354000 0.048000 0.016000
14 0.076000 0.363000 0.048000 0.018000
9 0.005000 0.399000 0.010000 0.034000
14 0.611000 0.397000 0.022000 0.034000
14 0.617000 0.434000 0.022000 0.036000
9 0.623000 0.475000 0.018000 0.038000
9 0.591000 0.502000 0.046000 0.020000
9 0.598000 0.546000 0.044000 0.020000
9 0.645000 0.589000 0.018000 0.030000
14 0.653000 0.622000 0.022000 0.032000
9 0.498000 0.672000 0.028000 0.040000
9 0.509000 0.716000 0.026000 0.040000
9 0.525000 0.598000 0.018000 0.028000
9 0.565000 0.478000 0.014000 0.024000
9 0.362000 0.536000 0.024000 0.036000
9 0.428000 0.534000 0.024000 0.036000
9 0.396000 0.577000 0.024000 0.038000
9 0.370000 0.578000 0.024000 0.036000
14 0.346000 0.576000 0.024000 0.036000
9 0.325000 0.584000 0.022000 0.036000
9 0.305000 0.640000 0.022000 0.036000
9 0.354000 0.687000 0.024000 0.038000
9 0.118000 0.742000 0.032000 0.028000
9 0.105000 0.721000 0.026000 0.026000
9 0.669000 0.792000 0.050000 0.016000
14 0.542000 0.806000 0.044000 0.016000
9 0.276000 0.835000 0.040000 0.018000
9 0.151000 0.849000 0.050000 0.018000
9 0.092000 0.855000 0.044000 0.018000
9 0.036000 0.862000 0.044000 0.016000
9 0.005000 0.965000 0.010000 0.038000
9 0.189000 0.990000 0.046000 0.020000
14 0.157000 0.999000 0.046000 0.002000
9 0.198000 0.999000 0.040000 0.002000
14 0.208000 0.884000 0.024000 0.036000
14 0.395000 0.909000 0.018000 0.038000
14 0.615000 0.960000 0.022000 0.036000
9 0.645000 0.917000 0.038000 0.038000
14 0.663000 0.906000 0.034000 0.040000
9 0.754000 0.580000 0.044000 0.020000
9 0.757000 0.601000 0.038000 0.030000
9 0.933000 0.408000 0.042000 0.016000
9 0.810000 0.696000 0.048000 0.036000
14 0.977000 0.826000 0.042000 0.032000
9 0.925000 0.829000 0.042000 0.034000
9 0.965000 0.809000 0.042000 0.030000
14 0.947000 0.934000 0.026000 0.028000
9 0.833000 0.788000 0.030000 0.036000
12 0.808000 0.756000 0.040000 0.044000
35 0.970000 0.998000 0.060000 0.004000