2 0.133334 0.475334 0.029334 0.060000
2 0.151334 0.480000 0.036000 0.074666
2 0.203334 0.436000 0.036000 0.053334
2 0.202666 0.488000 0.024000 0.056000
2 0.244000 0.452666 0.037334 0.052000
2 0.250666 0.476000 0.050666 0.077334
2 0.218666 0.495334 0.021334 0.046666
2 0.169334 0.550666 0.034666 0.072000
2 0.206000 0.560000 0.036000 0.074666
2 0.134000 0.549334 0.028000 0.066666
2 0.152000 0.544666 0.029334 0.057334
2 0.186666 0.554000 0.034666 0.076000
2 0.170666 0.486000 0.029334 0.054666
2 0.186000 0.489334 0.028000 0.053334
2 0.317334 0.596000 0.026666 0.045334
2 0.352000 0.567334 0.029334 0.036000
2 0.310000 0.592666 0.025334 0.044000
2 0.275334 0.617334 0.030666 0.021334
2 0.278666 0.608000 0.042666 0.029334
2 0.280666 0.594000 0.041334 0.025334
2 0.285334 0.584666 0.037334 0.022666
2 0.290000 0.576000 0.038666 0.026666
2 0.294000 0.566000 0.036000 0.025334
2 0.269334 0.566000 0.016000 0.028000
2 0.292666 0.534000 0.028000 0.033334
2 0.284666 0.518000 0.022666 0.022666
2 0.301334 0.539334 0.021334 0.025334
2 0.288666 0.526666 0.022666 0.024000
2 0.307334 0.544000 0.028000 0.032000
2 0.315334 0.548000 0.025334 0.029334
2 0.322000 0.552666 0.028000 0.033334
2 0.377334 0.469334 0.021334 0.026666
2 0.347334 0.486666 0.020000 0.021334
2 0.354000 0.491334 0.020000 0.022666
2 0.358666 0.494666 0.016000 0.021334
2 0.269334 0.508000 0.024000 0.029334
2 0.276666 0.514000 0.022666 0.025334
7 0.456000 0.608000 0.112000 0.162666
7 0.378000 0.760666 0.121334 0.164000
2 0.330000 0.877334 0.060000 0.085334
35 0.722666 0.486000 0.090666 0.086666
35 0.034667 0.098000 0.069333 0.086666