14 0.552500 0.026666 0.030000 0.053333
14 0.612500 0.028334 0.025000 0.056666
14 0.641250 0.038334 0.032500 0.056666
9 0.697500 0.050000 0.030000 0.060000
9 0.751250 0.063334 0.032500 0.060000
9 0.837500 0.078334 0.025000 0.056666
14 0.870000 0.093334 0.025000 0.053334
9 0.928750 0.100000 0.027500 0.060000
14 0.975000 0.501666 0.015000 0.050000
14 0.853750 0.486666 0.022500 0.053334
14 0.825000 0.483334 0.025000 0.046666
14 0.693750 0.676666 0.022500 0.053334
9 0.725000 0.678334 0.020000 0.050000
14 0.756250 0.678334 0.022500 0.050000
14 0.785000 0.680000 0.020000 0.046666
9 0.812500 0.676666 0.020000 0.053334
9 0.841250 0.675000 0.022500 0.056666
9 0.871250 0.673334 0.022500 0.053334
9 0.988750 0.693334 0.022500 0.053334
11 0.730000 0.733334 0.135000 0.033334
10 0.728750 0.778334 0.137500 0.043334
10 0.732500 0.815000 0.125000 0.030000
11 0.732500 0.858334 0.135000 0.036666
10 0.737500 0.896666 0.125000 0.033334
10 0.732500 0.936666 0.125000 0.033334
12 0.048750 0.681666 0.072500 0.036666
9 0.060000 0.641666 0.060000 0.036666
14 0.087500 0.518334 0.045000 0.030000
14 0.085000 0.488334 0.045000 0.030000
13 0.122500 0.306666 0.115000 0.060000
14 0.122500 0.238334 0.070000 0.043334