14 0.265000 0.281666 0.025000 0.036666
9 0.265000 0.338334 0.020000 0.056666
9 0.233750 0.328334 0.022500 0.063334
9 0.182500 0.331666 0.020000 0.050000
9 0.252500 0.495000 0.050000 0.023334
9 0.252500 0.525000 0.050000 0.023334
9 0.267500 0.585000 0.050000 0.030000
9 0.275000 0.618334 0.055000 0.030000
14 0.281250 0.673334 0.052500 0.026666
14 0.281250 0.703334 0.052500 0.026666
9 0.278750 0.738334 0.057500 0.023334
9 0.278750 0.768334 0.057500 0.023334
9 0.278750 0.798334 0.052500 0.023334
9 0.121250 0.723334 0.057500 0.026666
9 0.125000 0.755000 0.050000 0.023334
14 0.147500 0.651666 0.025000 0.063334
14 0.587500 0.191666 0.025000 0.056666
14 0.588750 0.293334 0.027500 0.060000
9 0.588750 0.353334 0.022500 0.060000
14 0.587500 0.721666 0.020000 0.043334
9 0.587500 0.841666 0.025000 0.063334
9 0.586250 0.905000 0.022500 0.056666
9 0.585000 0.991667 0.020000 0.016667
14 0.717500 0.993333 0.020000 0.013333
14 0.718750 0.951666 0.022500 0.050000
14 0.717500 0.885000 0.025000 0.063334
14 0.716250 0.818334 0.022500 0.056666
14 0.718750 0.746666 0.022500 0.060000
9 0.718750 0.658334 0.022500 0.056666
9 0.716250 0.598334 0.022500 0.056666
9 0.716250 0.535000 0.022500 0.056666
9 0.715000 0.466666 0.020000 0.053334
14 0.717500 0.398334 0.025000 0.063334
9 0.716250 0.331666 0.022500 0.056666
9 0.711250 0.271666 0.022500 0.056666
9 0.716250 0.205000 0.022500 0.063334
14 0.718750 0.121666 0.022500 0.063334
14 0.717500 0.043334 0.025000 0.053334