6 0.060500 0.215000 0.055000 0.062000
3 0.054000 0.192000 0.026000 0.024000
7 0.087500 0.282500 0.057000 0.035000
7 0.085500 0.294500 0.061000 0.037000
3 0.147000 0.292000 0.028000 0.042000
5 0.165500 0.303000 0.047000 0.064000
4 0.280000 0.353500 0.026000 0.043000
4 0.363000 0.389000 0.028000 0.046000
5 0.321000 0.373000 0.094000 0.082000
4 0.390000 0.377000 0.026000 0.034000
5 0.414000 0.394000 0.064000 0.086000
4 0.400000 0.381000 0.024000 0.032000
5 0.442500 0.416000 0.069000 0.084000
5 0.477500 0.439500 0.055000 0.069000
5 0.513500 0.442500 0.075000 0.093000