35 0.588000 0.526000 0.124000 0.092000
12 0.971000 0.069000 0.058000 0.022000
9 0.559000 0.388000 0.018000 0.032000
12 0.334000 0.363000 0.020000 0.038000
9 0.477000 0.187000 0.030000 0.038000
9 0.142000 0.066000 0.040000 0.016000
9 0.311000 0.189000 0.018000 0.038000
9 0.216000 0.185000 0.020000 0.026000
9 0.173000 0.187000 0.026000 0.026000
9 0.138000 0.185000 0.024000 0.030000
9 0.105000 0.184000 0.030000 0.036000
9 0.020000 0.056000 0.040000 0.016000
9 0.284000 0.511000 0.036000 0.022000
12 0.367000 0.744000 0.030000 0.048000
12 0.340000 0.747000 0.024000 0.046000
9 0.489000 0.766000 0.022000 0.036000
12 0.406000 0.771000 0.044000 0.050000
9 0.441000 0.769000 0.022000 0.038000
12 0.465000 0.763000 0.022000 0.038000
14 0.561000 0.797000 0.018000 0.034000
9 0.022000 0.730000 0.044000 0.016000
9 0.020000 0.768000 0.040000 0.020000
9 0.020000 0.816000 0.040000 0.016000
9 0.021000 0.865000 0.042000 0.018000
9 0.025000 0.904000 0.042000 0.016000
9 0.862000 0.246000 0.020000 0.036000
9 0.749000 0.504000 0.046000 0.016000
14 0.808000 0.504000 0.044000 0.016000
9 0.927000 0.504000 0.042000 0.016000
9 0.974000 0.505000 0.044000 0.014000
9 0.967000 0.806000 0.022000 0.036000
14 0.931000 0.910000 0.046000 0.032000
12 0.937000 0.937000 0.054000 0.038000
14 0.141000 0.117000 0.050000 0.022000