4 0.290000 0.096000 0.084000 0.029334
7 0.286666 0.108666 0.069334 0.025334
4 0.328666 0.114000 0.049334 0.033334
4 0.379334 0.226666 0.092000 0.029334
4 0.368666 0.158000 0.028000 0.038666
4 0.359334 0.164000 0.033334 0.048000
4 0.340000 0.166666 0.056000 0.074666
4 0.306666 0.162000 0.061334 0.081334
1 0.290000 0.178000 0.036000 0.044000
4 0.622000 0.119334 0.060000 0.014666
1 0.565334 0.153334 0.029334 0.040000
4 0.545334 0.146666 0.040000 0.048000
0 0.538000 0.184000 0.036000 0.040000
2 0.838000 0.110000 0.068000 0.030666
2 0.825334 0.131334 0.114666 0.038666
2 0.829334 0.164000 0.093334 0.026666
4 0.756000 0.018666 0.037334 0.037333
4 0.771334 0.017334 0.030666 0.034666
4 0.782000 0.024666 0.033334 0.036000
4 0.799334 0.026666 0.030666 0.034666
4 0.871334 0.060666 0.049334 0.028000