4 0.137000 0.212000 0.054000 0.064000
4 0.147000 0.194000 0.050000 0.060000
4 0.174000 0.203000 0.048000 0.054000
4 0.214000 0.122000 0.052000 0.052000
4 0.191000 0.157000 0.078000 0.078000
4 0.225000 0.115000 0.046000 0.046000
4 0.227000 0.097000 0.058000 0.058000
4 0.241000 0.072000 0.058000 0.072000
4 0.252000 0.069000 0.052000 0.066000
1 0.023000 0.558000 0.046000 0.068000
1 0.055000 0.480000 0.062000 0.060000
1 0.118000 0.421000 0.056000 0.058000
1 0.188000 0.412000 0.080000 0.068000
1 0.215000 0.418000 0.046000 0.044000
1 0.267000 0.519000 0.050000 0.046000
1 0.310000 0.525000 0.040000 0.038000
1 0.280000 0.455000 0.044000 0.046000
1 0.366000 0.553000 0.060000 0.062000
1 0.402000 0.635000 0.052000 0.058000
1 0.363000 0.515000 0.050000 0.054000
1 0.304000 0.414000 0.056000 0.064000
7 0.279000 0.412000 0.126000 0.136000
4 0.271000 0.307000 0.050000 0.058000
4 0.375000 0.208000 0.094000 0.084000
7 0.471000 0.158000 0.042000 0.168000
7 0.638000 0.227000 0.028000 0.210000
7 0.665000 0.238000 0.034000 0.264000
7 0.686000 0.247000 0.028000 0.210000
6 0.708000 0.272000 0.036000 0.212000
6 0.799000 0.418000 0.038000 0.216000
6 0.830000 0.451000 0.048000 0.274000
6 0.989000 0.620000 0.022000 0.244000
6 0.493000 0.901000 0.178000 0.198000