4 0.275000 0.215000 0.090000 0.022000
4 0.176000 0.219000 0.092000 0.022000
4 0.297000 0.228000 0.058000 0.012000
4 0.178000 0.335000 0.124000 0.026000
4 0.295000 0.367000 0.090000 0.014000
4 0.209000 0.270000 0.122000 0.028000
1 0.283000 0.325000 0.074000 0.022000
2 0.078000 0.258000 0.072000 0.016000
2 0.184000 0.291000 0.052000 0.014000
2 0.237000 0.287000 0.046000 0.014000
4 0.297000 0.482000 0.074000 0.012000
4 0.298000 0.466000 0.064000 0.012000
4 0.188000 0.448000 0.048000 0.016000
4 0.239000 0.444000 0.050000 0.016000
4 0.189000 0.475000 0.046000 0.018000
4 0.237000 0.458000 0.042000 0.012000
4 0.239000 0.470000 0.046000 0.008000
4 0.222000 0.394000 0.056000 0.016000
4 0.221000 0.382000 0.054000 0.016000