7 0.310000 0.306666 0.241334 0.117334
3 0.762000 0.224000 0.038666 0.061334
3 0.732666 0.292000 0.041334 0.064000
3 0.743334 0.396000 0.046666 0.066666
3 0.832666 0.175334 0.046666 0.073334
3 0.744666 0.219334 0.038666 0.057334
3 0.910666 0.041334 0.048000 0.072000
3 0.890000 0.032667 0.044000 0.065333
3 0.860666 0.110000 0.052000 0.070666
3 0.771334 0.324000 0.046666 0.066666
3 0.794000 0.332000 0.046666 0.066666
3 0.800666 0.255334 0.049334 0.070666
3 0.824000 0.264000 0.053334 0.069334
3 0.766000 0.054000 0.062666 0.041334