2 0.009000 0.204000 0.018000 0.020000
7 0.670500 0.982500 0.069000 0.035000
7 0.752000 0.976500 0.062000 0.047000
2 0.669000 0.960500 0.030000 0.013000
2 0.663500 0.966500 0.027000 0.011000
2 0.673500 0.950000 0.029000 0.022000
2 0.678500 0.942500 0.029000 0.021000
5 0.695000 0.933000 0.058000 0.044000
7 0.734000 0.903000 0.088000 0.064000
7 0.777500 0.862500 0.113000 0.095000
2 0.875000 0.662500 0.046000 0.013000
2 0.878000 0.673500 0.056000 0.013000
2 0.859500 0.694500 0.037000 0.031000
2 0.897000 0.682500 0.036000 0.013000
2 0.867500 0.704500 0.037000 0.031000
2 0.903500 0.695500 0.039000 0.027000
2 0.869000 0.718000 0.042000 0.028000
2 0.904500 0.711000 0.043000 0.032000
2 0.867000 0.734500 0.046000 0.031000
2 0.876000 0.770000 0.034000 0.050000
2 0.902500 0.729500 0.055000 0.037000
2 0.920500 0.735500 0.037000 0.029000
2 0.894500 0.765500 0.033000 0.053000
2 0.907500 0.772000 0.031000 0.052000
2 0.941000 0.684000 0.034000 0.062000
2 0.944000 0.701500 0.028000 0.047000
2 0.956000 0.709500 0.028000 0.039000
2 0.972500 0.725500 0.015000 0.023000
2 0.977000 0.731000 0.012000 0.018000
2 0.983000 0.734000 0.016000 0.024000
2 0.988000 0.740000 0.016000 0.022000
2 0.993000 0.741500 0.014000 0.025000
2 0.996500 0.747000 0.007000 0.020000
2 0.979000 0.757500 0.028000 0.023000
2 0.973500 0.766500 0.029000 0.013000
2 0.970500 0.772500 0.029000 0.015000
2 0.988000 0.782000 0.024000 0.038000
2 0.998000 0.787500 0.004000 0.031000
35 0.735000 0.982500 0.062000 0.035000
35 0.244500 0.138000 0.081000 0.082000
35 0.440500 0.248000 0.071000 0.064000
35 0.776500 0.418500 0.075000 0.073000
35 0.252000 0.590000 0.068000 0.060000
35 0.582500 0.761500 0.051000 0.049000
35 0.029000 0.977000 0.046000 0.042000
35 0.148000 0.789500 0.046000 0.043000