5 0.122000 0.785000 0.076000 0.086000
5 0.099000 0.769000 0.078000 0.090000
5 0.143000 0.667000 0.030000 0.070000
5 0.172000 0.664000 0.032000 0.064000
5 0.140000 0.547000 0.036000 0.086000
7 0.198000 0.543000 0.028000 0.110000
7 0.175000 0.542000 0.026000 0.112000
1 0.247000 0.531000 0.018000 0.046000
1 0.252000 0.581000 0.016000 0.034000
1 0.254000 0.631000 0.016000 0.042000
1 0.256000 0.686000 0.016000 0.052000
7 0.407000 0.817000 0.102000 0.026000
7 0.406000 0.835000 0.112000 0.026000
7 0.497000 0.760000 0.054000 0.012000
7 0.498000 0.774000 0.056000 0.016000
7 0.494000 0.788000 0.060000 0.020000
7 0.496000 0.802000 0.068000 0.020000
7 0.498000 0.816000 0.068000 0.020000
7 0.499000 0.830000 0.066000 0.020000
1 0.437000 0.933000 0.058000 0.010000
2 0.497000 0.907000 0.054000 0.014000
4 0.469000 0.861000 0.050000 0.030000