29 0.443000 0.518000 0.050000 0.056000
29 0.404000 0.614000 0.068000 0.068000
29 0.314000 0.733000 0.096000 0.098000
29 0.542000 0.678000 0.056000 0.060000
29 0.578000 0.627000 0.056000 0.058000
29 0.603000 0.585000 0.050000 0.054000
29 0.628000 0.523000 0.060000 0.066000
29 0.674000 0.448000 0.068000 0.068000
29 0.652000 0.485000 0.036000 0.042000
29 0.764000 0.321000 0.032000 0.038000
29 0.951000 0.212000 0.074000 0.076000
29 0.881000 0.347000 0.070000 0.074000
29 0.856000 0.406000 0.056000 0.052000
29 0.821000 0.465000 0.062000 0.066000
29 0.734000 0.642000 0.052000 0.068000
29 0.987000 0.648000 0.026000 0.088000
29 0.901000 0.885000 0.102000 0.102000