5 0.216000 0.942000 0.168000 0.088000
4 0.856000 0.966000 0.072000 0.028000
4 0.786000 0.829000 0.080000 0.034000
4 0.779000 0.807000 0.070000 0.034000
4 0.540000 0.424000 0.064000 0.028000
4 0.546000 0.439000 0.056000 0.026000
4 0.546000 0.452000 0.056000 0.020000
4 0.546000 0.465000 0.056000 0.022000
4 0.826000 0.418000 0.056000 0.012000
4 0.822000 0.433000 0.068000 0.010000
4 0.827000 0.446000 0.054000 0.012000
2 0.032000 0.004000 0.064000 0.008000
1 0.005000 0.006000 0.010000 0.012000
7 0.191000 0.017000 0.202000 0.034000
3 0.559000 0.009000 0.086000 0.018000
7 0.891000 0.120000 0.134000 0.048000
7 0.903000 0.090000 0.130000 0.048000
7 0.909000 0.061000 0.134000 0.046000
5 0.908000 0.033000 0.184000 0.062000
5 0.933000 0.018000 0.134000 0.036000
5 0.936000 0.002000 0.128000 0.004000
2 0.710000 0.009000 0.056000 0.018000