7 0.885750 0.939500 0.008500 0.016000
7 0.011500 0.950750 0.023000 0.063500
6 0.000750 0.976000 0.001500 0.018000
7 0.112250 0.986000 0.053500 0.027000
7 0.328500 0.010000 0.019000 0.020000
7 0.324750 0.017500 0.023500 0.035000
7 0.319500 0.019250 0.024000 0.038500
7 0.364500 0.140750 0.047000 0.104500
4 0.504250 0.007250 0.037500 0.014500
4 0.505000 0.010000 0.028000 0.020000
4 0.496000 0.011250 0.017000 0.013500
7 0.607000 0.279500 0.053000 0.041000
5 0.413750 0.326500 0.016500 0.028000
7 0.873750 0.444750 0.032500 0.014500
7 0.870750 0.454750 0.040500 0.014500
7 0.961250 0.546750 0.038500 0.039500
7 0.816250 0.679250 0.034500 0.034500
7 0.818500 0.685500 0.039000 0.038000
4 0.839500 0.277750 0.022000 0.019500
4 0.757500 0.192250 0.023000 0.019500
4 0.712250 0.160500 0.019500 0.017000
7 0.664500 0.023250 0.051000 0.037500
4 0.722750 0.064250 0.036500 0.029500
4 0.727250 0.077000 0.018500 0.014000
4 0.838250 0.009000 0.042500 0.018000
5 0.455500 0.743750 0.021000 0.012500
5 0.452500 0.757250 0.021000 0.010500
4 0.854000 0.883750 0.007000 0.011500
4 0.850750 0.896250 0.007500 0.013500
4 0.846750 0.909250 0.007500 0.012500
4 0.851250 0.910000 0.006500 0.011000
4 0.838250 0.958250 0.009500 0.014500
4 0.828750 0.969250 0.007500 0.011500
4 0.825750 0.981500 0.007500 0.011000
4 0.813750 0.994750 0.006500 0.010500
4 0.819000 0.981500 0.010000 0.016000
4 0.823750 0.967750 0.005500 0.011500
7 0.897750 0.907500 0.011500 0.017000
7 0.880750 0.920000 0.008500 0.017000
7 0.887000 0.920750 0.008000 0.015500
7 0.877250 0.951500 0.018500 0.042000
7 0.995500 0.905500 0.009000 0.025000
7 0.955000 0.833000 0.034000 0.033000
7 0.951250 0.828000 0.035500 0.034000
7 0.967500 0.801500 0.018000 0.017000
7 0.972750 0.806250 0.013500 0.012500
7 0.979500 0.782250 0.019000 0.019500
7 0.983750 0.786000 0.016500 0.018000
7 0.893500 0.942250 0.014000 0.019500
7 0.889250 0.941250 0.007500 0.014500
7 0.897750 0.943500 0.013500 0.019000
7 0.900750 0.947000 0.011500 0.015000
7 0.905250 0.949250 0.010500 0.014500
7 0.885750 0.960000 0.010500 0.020000
7 0.882000 0.958250 0.009000 0.019500
7 0.878750 0.979250 0.009500 0.018500
7 0.875750 0.975750 0.007500 0.013500
7 0.882000 0.980500 0.007000 0.014000
7 0.885750 0.981750 0.008500 0.013500
7 0.890250 0.983750 0.007500 0.011500
7 0.893500 0.985500 0.007000 0.010000
4 0.931500 0.056000 0.023000 0.017000
36 0.194000 0.766750 0.031000 0.050500
36 0.370750 0.827000 0.034500 0.027000
7 0.903250 0.332500 0.040500 0.030000
4 0.926750 0.565000 0.011500 0.007000