9 0.947000 0.066000 0.050000 0.020000
14 0.800000 0.209000 0.036000 0.030000
9 0.679000 0.108000 0.046000 0.024000
9 0.633000 0.094000 0.038000 0.020000
14 0.546000 0.081000 0.052000 0.026000
9 0.509000 0.051000 0.050000 0.018000
11 0.930000 0.578000 0.068000 0.080000
9 0.559000 0.667000 0.038000 0.034000
12 0.299000 0.817000 0.050000 0.030000
12 0.190000 0.788000 0.044000 0.044000
9 0.119000 0.823000 0.042000 0.030000
14 0.080000 0.843000 0.052000 0.050000
9 0.122000 0.964000 0.056000 0.028000
12 0.050000 0.984000 0.052000 0.024000
12 0.002000 0.959000 0.004000 0.046000
9 0.607000 0.316000 0.054000 0.044000
13 0.393000 0.442000 0.054000 0.048000
12 0.105000 0.015000 0.078000 0.030000
12 0.923000 0.643000 0.034000 0.046000
14 0.623000 0.602000 0.038000 0.044000
12 0.419000 0.699000 0.050000 0.026000