9 0.443000 0.285000 0.046000 0.014000
14 0.462000 0.261000 0.052000 0.018000
14 0.494000 0.281000 0.040000 0.018000
14 0.521000 0.269000 0.018000 0.030000
14 0.453000 0.373000 0.022000 0.034000
9 0.835000 0.156000 0.022000 0.040000
9 0.838000 0.116000 0.016000 0.036000
9 0.836000 0.041000 0.020000 0.034000
35 0.799000 0.462000 0.122000 0.072000
11 0.311000 0.535000 0.022000 0.038000
9 0.463000 0.543000 0.022000 0.030000
14 0.015000 0.590000 0.018000 0.028000
14 0.420000 0.751000 0.028000 0.046000
9 0.751000 0.691000 0.022000 0.030000
14 0.650000 0.912000 0.040000 0.016000
14 0.891000 0.653000 0.038000 0.018000
14 0.017000 0.030000 0.026000 0.044000