2 0.200666 0.074666 0.046666 0.010666
2 0.254666 0.082000 0.045334 0.014666
2 0.202666 0.087334 0.048000 0.012000
2 0.198666 0.116000 0.056000 0.016000
2 0.252666 0.114000 0.046666 0.012000
3 0.196000 0.272666 0.061334 0.022666
2 0.257334 0.308666 0.029334 0.009334
2 0.296000 0.320666 0.032000 0.009334
2 0.324666 0.309334 0.030666 0.008000
0 0.835334 0.969334 0.086666 0.061333
1 0.974000 0.321334 0.030666 0.032000
1 0.920000 0.432000 0.029334 0.029334
2 0.982000 0.366000 0.036000 0.049334
2 0.976666 0.372666 0.046666 0.046666
2 0.966666 0.378666 0.053334 0.053334
1 0.980000 0.311334 0.034666 0.036000
2 0.952666 0.404666 0.049334 0.046666
2 0.947334 0.416000 0.046666 0.045334
2 0.942666 0.426000 0.048000 0.046666
2 0.934000 0.432000 0.049334 0.048000
1 0.948000 0.338666 0.026666 0.026666
1 0.959334 0.328000 0.025334 0.024000
1 0.938666 0.340000 0.024000 0.026666
1 0.890000 0.401334 0.020000 0.021334
1 0.854000 0.442666 0.025334 0.026666
2 0.854666 0.490000 0.042666 0.036000
1 0.860000 0.478666 0.034666 0.029334
1 0.858666 0.436666 0.026666 0.022666
1 0.915334 0.382666 0.022666 0.021334
1 0.836000 0.456666 0.021334 0.022666
1 0.848000 0.448000 0.026666 0.024000
1 0.896666 0.394666 0.020000 0.021334
1 0.911334 0.405334 0.028000 0.024000
2 0.656000 0.638000 0.042666 0.044000
2 0.648000 0.643334 0.034666 0.036000
2 0.637334 0.645334 0.029334 0.032000
2 0.622666 0.657334 0.032000 0.034666
2 0.587334 0.720000 0.041334 0.037334
2 0.576666 0.712666 0.046666 0.041334
2 0.596666 0.727334 0.052000 0.044000
2 0.610666 0.663334 0.040000 0.046666
2 0.594000 0.663334 0.036000 0.041334
2 0.582666 0.666666 0.040000 0.048000
2 0.628000 0.652666 0.029334 0.030666
1 0.810666 0.447334 0.021334 0.017334
1 0.782000 0.490000 0.028000 0.022666
1 0.804000 0.450666 0.018666 0.018666