11 0.402000 0.928000 0.044000 0.020000
11 0.386000 0.910000 0.052000 0.024000
11 0.364000 0.890000 0.052000 0.028000
11 0.466000 0.981000 0.052000 0.030000
11 0.515000 0.971000 0.042000 0.022000
11 0.287000 0.834000 0.046000 0.036000
11 0.337000 0.873000 0.046000 0.022000
11 0.318000 0.857000 0.048000 0.026000
11 0.277000 0.810000 0.042000 0.028000
11 0.495000 0.953000 0.046000 0.026000
11 0.452000 0.918000 0.052000 0.028000
11 0.438000 0.900000 0.044000 0.024000
11 0.387000 0.867000 0.046000 0.022000
11 0.345000 0.816000 0.042000 0.024000
11 0.600000 0.791000 0.048000 0.042000
11 0.583000 0.772000 0.050000 0.040000
11 0.567000 0.756000 0.050000 0.040000
11 0.559000 0.734000 0.050000 0.040000
11 0.543000 0.718000 0.050000 0.040000
11 0.537000 0.697000 0.050000 0.042000
11 0.522000 0.679000 0.048000 0.038000
11 0.401000 0.478000 0.098000 0.088000
12 0.391000 0.563000 0.062000 0.050000
12 0.321000 0.522000 0.058000 0.052000
11 0.252000 0.559000 0.060000 0.054000
12 0.099000 0.507000 0.058000 0.062000
11 0.069000 0.516000 0.050000 0.052000
11 0.140000 0.461000 0.052000 0.054000
11 0.168000 0.448000 0.056000 0.056000
11 0.295000 0.369000 0.058000 0.054000
11 0.321000 0.614000 0.046000 0.040000