2 0.143334 0.108000 0.044000 0.010666
8 0.066000 0.260000 0.073334 0.016000
8 0.065334 0.271334 0.069334 0.014666
8 0.153334 0.272000 0.072000 0.016000
8 0.066000 0.304666 0.062666 0.014666
8 0.142000 0.309334 0.068000 0.013334
2 0.090000 0.466666 0.046666 0.010666
2 0.090000 0.477334 0.046666 0.010666
2 0.141334 0.475334 0.045334 0.009334
2 0.193334 0.474666 0.042666 0.008000
2 0.142666 0.505334 0.045334 0.008000
2 0.089334 0.508666 0.042666 0.009334
2 0.090000 0.516000 0.044000 0.008000
4 0.085334 0.665334 0.053334 0.013334
5 0.096000 0.706666 0.064000 0.021334
0 0.130666 0.972000 0.061334 0.048000
4 0.078000 0.914666 0.060000 0.048000
4 0.064000 0.929334 0.053334 0.045334
4 0.094666 0.876000 0.061334 0.050666
4 0.144000 0.907334 0.058666 0.046666
2 0.670000 0.870000 0.028000 0.025334
2 0.660000 0.874000 0.029334 0.025334
2 0.648666 0.882666 0.030666 0.029334
2 0.640000 0.889334 0.029334 0.032000
2 0.713334 0.903334 0.045334 0.041334
2 0.704666 0.913334 0.046666 0.040000
2 0.753334 0.856666 0.042666 0.036000
2 0.742666 0.865334 0.048000 0.040000
2 0.734000 0.876000 0.049334 0.040000
2 0.796666 0.757334 0.044000 0.042666
2 0.789334 0.764666 0.042666 0.044000
2 0.782000 0.771334 0.041334 0.044000
2 0.778666 0.782000 0.040000 0.044000
2 0.769334 0.792000 0.042666 0.042666
2 0.836000 0.795334 0.045334 0.041334
2 0.831334 0.805334 0.046666 0.042666
2 0.824000 0.815334 0.048000 0.046666
2 0.817334 0.820666 0.042666 0.041334
2 0.818000 0.737334 0.030666 0.029334
2 0.854666 0.771334 0.045334 0.044000
2 0.864000 0.764000 0.048000 0.045334
2 0.872000 0.757334 0.029334 0.029334
2 0.879334 0.752000 0.036000 0.034666
2 0.895334 0.828000 0.028000 0.024000
2 0.867334 0.826666 0.025334 0.026666
5 0.910000 0.744666 0.049334 0.052000
1 0.826666 0.736000 0.026666 0.026666
1 0.834000 0.732000 0.022666 0.026666
1 0.840666 0.727334 0.022666 0.022666
1 0.848000 0.726666 0.024000 0.021334
1 0.882000 0.698000 0.030666 0.038666
1 0.888000 0.690666 0.029334 0.034666
1 0.897334 0.686666 0.021334 0.029334
1 0.912666 0.680666 0.022666 0.025334
1 0.915334 0.699334 0.030666 0.025334
1 0.917334 0.706000 0.032000 0.025334
1 0.924666 0.712666 0.028000 0.022666
1 0.956666 0.676666 0.030666 0.033334
1 0.962000 0.671334 0.030666 0.030666
5 0.972666 0.915334 0.054667 0.052000
2 0.998667 0.917334 0.002667 0.032000
2 0.995333 0.937334 0.009334 0.026666
2 0.986000 0.958666 0.028001 0.048000
2 0.995333 0.974000 0.009333 0.022666