1 0.350000 0.674000 0.054666 0.014666
1 0.342000 0.629334 0.049334 0.016000
1 0.344000 0.685334 0.056000 0.010666
1 0.343334 0.707334 0.046666 0.009334
1 0.361334 0.806000 0.026666 0.009334
1 0.337334 0.696000 0.050666 0.008000
4 0.130666 0.982666 0.042666 0.034667
1 0.180000 0.908666 0.037334 0.012000
1 0.174666 0.918666 0.029334 0.010666
1 0.166666 0.934000 0.029334 0.025334
1 0.206000 0.737334 0.046666 0.010666
1 0.188666 0.686666 0.044000 0.010666
1 0.186666 0.666000 0.042666 0.014666
1 0.184000 0.676666 0.050666 0.012000
1 0.197334 0.714000 0.042666 0.014666
1 0.190666 0.705334 0.037334 0.013334
1 0.184000 0.696666 0.026666 0.009334
1 0.202000 0.724000 0.038666 0.010666