2 0.475334 0.488666 0.038666 0.137334
2 0.496666 0.487334 0.025334 0.078666
2 0.513334 0.488666 0.018666 0.052000
2 0.456000 0.499334 0.021334 0.089334
2 0.447334 0.707334 0.094666 0.076000
2 0.455334 0.687334 0.092000 0.073334
2 0.495334 0.668000 0.078666 0.064000
2 0.472666 0.676666 0.116000 0.094666
2 0.670000 0.947334 0.078666 0.030666
2 0.524000 0.643334 0.058666 0.062666
2 0.513334 0.549334 0.018666 0.026666
7 0.570000 0.873334 0.121334 0.088000
2 0.562000 0.846666 0.100000 0.069334
2 0.635334 0.813334 0.062666 0.040000
4 0.824000 0.559334 0.048000 0.036000
4 0.731334 0.656666 0.022666 0.049334
2 0.812666 0.668000 0.030666 0.088000
2 0.826000 0.676666 0.033334 0.094666
36 0.860000 0.715333 0.280000 0.569333