9 0.673000 0.959000 0.042000 0.014000
9 0.120000 0.939000 0.032000 0.038000
9 0.089000 0.940000 0.018000 0.032000
9 0.004000 0.858000 0.008000 0.012000
9 0.019000 0.753000 0.038000 0.018000
9 0.076000 0.754000 0.040000 0.016000
14 0.112000 0.707000 0.040000 0.014000
14 0.127000 0.755000 0.038000 0.014000
14 0.165000 0.707000 0.034000 0.014000
9 0.242000 0.753000 0.028000 0.014000
14 0.236000 0.707000 0.040000 0.022000
9 0.603000 0.758000 0.042000 0.016000
14 0.518000 0.755000 0.036000 0.014000
9 0.505000 0.709000 0.046000 0.014000
9 0.967000 0.759000 0.046000 0.010000
9 0.869000 0.759000 0.042000 0.014000
9 0.777000 0.759000 0.042000 0.014000
9 0.714000 0.759000 0.040000 0.014000
9 0.649000 0.759000 0.042000 0.014000
9 0.773000 0.711000 0.034000 0.014000
9 0.965000 0.716000 0.038000 0.012000
14 0.725000 0.600000 0.018000 0.032000
13 0.821000 0.475000 0.022000 0.034000
14 0.849000 0.477000 0.018000 0.034000
9 0.822000 0.439000 0.016000 0.030000
9 0.642000 0.444000 0.036000 0.016000
9 0.643000 0.422000 0.042000 0.016000
9 0.348000 0.417000 0.016000 0.030000
12 0.349000 0.378000 0.014000 0.036000
9 0.348000 0.216000 0.016000 0.036000
14 0.553000 0.337000 0.018000 0.030000
14 0.597000 0.335000 0.018000 0.030000
14 0.618000 0.333000 0.024000 0.030000
9 0.641000 0.340000 0.018000 0.028000
9 0.689000 0.336000 0.018000 0.032000
14 0.709000 0.332000 0.022000 0.032000
9 0.733000 0.332000 0.018000 0.028000
9 0.758000 0.337000 0.024000 0.034000
14 0.858000 0.417000 0.036000 0.030000
14 0.721000 0.306000 0.038000 0.012000
9 0.721000 0.289000 0.038000 0.014000
14 0.726000 0.272000 0.036000 0.012000
9 0.727000 0.252000 0.042000 0.016000
14 0.739000 0.233000 0.030000 0.018000
9 0.680000 0.197000 0.032000 0.018000
9 0.753000 0.206000 0.038000 0.016000
9 0.846000 0.184000 0.036000 0.036000
9 0.879000 0.187000 0.038000 0.038000
9 0.909000 0.191000 0.038000 0.034000
9 0.698000 0.039000 0.036000 0.014000
9 0.671000 0.035000 0.026000 0.014000
14 0.642000 0.041000 0.036000 0.014000
9 0.689000 0.003000 0.042000 0.006000
9 0.624000 0.004000 0.040000 0.008000
9 0.549000 0.037000 0.046000 0.014000
12 0.955000 0.039000 0.042000 0.014000
9 0.912000 0.002000 0.040000 0.004000
14 0.962000 0.003000 0.040000 0.006000
9 0.162000 0.036000 0.044000 0.012000
9 0.014000 0.001000 0.028000 0.002000
35 0.372000 0.028000 0.104000 0.056000
35 0.376000 0.741000 0.092000 0.074000