7 0.548000 0.070000 0.140000 0.092000
1 0.328000 0.207000 0.064000 0.034000
1 0.342000 0.217000 0.056000 0.034000
7 0.486000 0.254000 0.068000 0.032000
7 0.191000 0.261000 0.058000 0.034000
7 0.509000 0.282000 0.078000 0.032000
7 0.529000 0.340000 0.078000 0.036000
7 0.206000 0.273000 0.060000 0.038000
7 0.542000 0.377000 0.072000 0.038000
7 0.587000 0.416000 0.058000 0.020000
1 0.064000 0.312000 0.092000 0.048000
7 0.594000 0.446000 0.056000 0.024000
1 0.064000 0.328000 0.068000 0.036000
1 0.091000 0.346000 0.070000 0.040000
1 0.067000 0.341000 0.070000 0.034000
7 0.584000 0.649000 0.084000 0.134000
7 0.619000 0.636000 0.086000 0.136000