7 0.076000 0.297334 0.082666 0.021334
7 0.067334 0.314666 0.110666 0.024000
7 0.075334 0.336000 0.105334 0.029334
7 0.067334 0.356000 0.110666 0.021334
2 0.014000 0.622000 0.027999 0.038666
6 0.454666 0.746666 0.080000 0.082666
5 0.516000 0.861334 0.069334 0.088000
2 0.554666 0.852000 0.053334 0.082666
2 0.575334 0.855334 0.038666 0.070666
5 0.710000 0.866000 0.092000 0.097334
3 0.724666 0.893334 0.041334 0.048000
3 0.759334 0.904000 0.033334 0.058666
3 0.771334 0.918000 0.030666 0.054666
7 0.796666 0.923334 0.081334 0.121334
5 0.824000 0.953334 0.064000 0.090666
5 0.858666 0.956001 0.066666 0.087999
5 0.896000 0.949999 0.069334 0.100001
2 0.920000 0.966666 0.040000 0.066666
2 0.960666 0.995333 0.076000 0.009334