12 0.370000 0.074000 0.036000 0.040000
14 0.879000 0.167000 0.046000 0.054000
9 0.852000 0.171000 0.040000 0.046000
9 0.239000 0.297000 0.050000 0.034000
14 0.267000 0.225000 0.050000 0.030000
9 0.096000 0.289000 0.044000 0.034000
13 0.040000 0.343000 0.048000 0.054000
14 0.016000 0.385000 0.032000 0.050000
12 0.004000 0.433000 0.008000 0.030000
9 0.126000 0.617000 0.032000 0.046000
14 0.226000 0.703000 0.052000 0.030000
14 0.017000 0.768000 0.034000 0.028000
9 0.024000 0.803000 0.048000 0.030000
9 0.176000 0.759000 0.036000 0.042000
14 0.176000 0.972000 0.036000 0.048000
14 0.140000 0.873000 0.032000 0.046000
9 0.337000 0.983000 0.034000 0.022000
14 0.731000 0.450000 0.038000 0.040000
14 0.007000 0.325000 0.014000 0.038000
14 0.227000 0.035000 0.058000 0.038000
35 0.493000 0.171000 0.190000 0.186000