9 0.006667 0.120000 0.013334 0.025000
9 0.271666 0.155000 0.056666 0.015000
9 0.423334 0.158750 0.080000 0.017500
14 0.513334 0.158750 0.060000 0.017500
9 0.583334 0.153750 0.073334 0.017500
14 0.878334 0.067500 0.050000 0.025000
9 0.760000 0.136250 0.060000 0.022500
9 0.693334 0.143750 0.046666 0.017500
9 0.926666 0.628750 0.033334 0.042500
9 0.920000 0.676250 0.033334 0.042500
9 0.921666 0.718750 0.036666 0.037500
9 0.930000 0.767500 0.033334 0.035000
14 0.930000 0.811250 0.033334 0.037500
14 0.145000 0.511250 0.036666 0.037500
9 0.056666 0.658750 0.033334 0.037500
9 0.813334 0.600000 0.040000 0.030000
12 0.131666 0.952500 0.090000 0.020000
9 0.275000 0.950000 0.070000 0.020000
9 0.563334 0.943750 0.073334 0.017500
9 0.043334 0.952500 0.060000 0.015000