35 0.606666 0.263750 0.220000 0.152500
14 0.436666 0.977500 0.060000 0.015000
14 0.445000 0.946250 0.063334 0.027500
14 0.576666 0.876250 0.033334 0.047500
14 0.491666 0.715000 0.063334 0.025000
14 0.435000 0.695000 0.063334 0.035000
14 0.563334 0.628750 0.026666 0.037500
14 0.561666 0.555000 0.023334 0.035000
14 0.558334 0.507500 0.036666 0.040000
14 0.863334 0.296250 0.033334 0.012500
9 0.960000 0.271250 0.053334 0.017500
14 0.906666 0.216250 0.060000 0.012500
14 0.810000 0.217500 0.053334 0.015000
9 0.658334 0.081250 0.030000 0.042500
9 0.291666 0.230000 0.070000 0.020000
14 0.403334 0.307500 0.033334 0.015000
14 0.291666 0.311250 0.043334 0.017500
9 0.831666 0.898750 0.056666 0.027500
9 0.846666 0.838750 0.066666 0.017500
14 0.778334 0.838750 0.063334 0.017500
9 0.820000 0.438750 0.060000 0.017500