1 0.996667 0.060666 0.006666 0.012000
1 0.998667 0.068666 0.002667 0.006666
1 0.968000 0.056666 0.024000 0.017334
1 0.975334 0.065334 0.025334 0.018666
1 0.974666 0.078666 0.026666 0.018666
1 0.987334 0.086000 0.025333 0.017334
1 0.990667 0.094666 0.018667 0.018666
1 0.992667 0.105334 0.014667 0.021334
1 0.996667 0.115334 0.006667 0.020000
1 0.925334 0.082666 0.029334 0.016000
1 0.927334 0.096666 0.028000 0.012000
1 0.932666 0.104666 0.030666 0.012000
1 0.936000 0.115334 0.024000 0.012000
1 0.942000 0.124666 0.028000 0.009334
1 0.950000 0.136666 0.025334 0.009334
1 0.956666 0.144666 0.028000 0.012000
1 0.966000 0.153334 0.033334 0.016000
1 0.971334 0.162666 0.028000 0.013334
1 0.977334 0.174000 0.029334 0.012000
1 0.984000 0.184000 0.029334 0.010666
1 0.988667 0.193334 0.022667 0.010666
1 0.991333 0.204000 0.017334 0.013334
1 0.995333 0.212666 0.009334 0.014666
1 0.998667 0.224666 0.002667 0.020000
1 0.901334 0.114666 0.026666 0.026666
1 0.908000 0.124000 0.024000 0.024000
1 0.913334 0.134666 0.024000 0.024000
1 0.919334 0.147334 0.022666 0.022666
1 0.928000 0.159334 0.026666 0.025334
1 0.934666 0.170666 0.026666 0.026666
1 0.943334 0.186000 0.036000 0.022666
1 0.946666 0.200666 0.040000 0.025334
1 0.956000 0.212666 0.037334 0.025334
1 0.964000 0.224000 0.040000 0.026666
1 0.970666 0.236000 0.034666 0.024000
1 0.983333 0.260000 0.033334 0.024000
1 0.868666 0.116666 0.022666 0.025334
1 0.860666 0.150666 0.022666 0.024000
5 0.696666 0.254666 0.206666 0.138666
5 0.722666 0.289334 0.101334 0.085334
5 0.766666 0.317334 0.101334 0.085334
1 0.989333 0.388000 0.021334 0.021334
1 0.958000 0.382666 0.044000 0.037334
1 0.920000 0.405334 0.034666 0.029334
1 0.908666 0.440666 0.017334 0.017334
1 0.900000 0.448000 0.024000 0.024000
1 0.882666 0.458666 0.021334 0.024000
1 0.872000 0.464000 0.021334 0.021334
1 0.858000 0.472666 0.017334 0.020000
1 0.850000 0.477334 0.014666 0.018666
1 0.842000 0.482666 0.017334 0.018666
1 0.831334 0.459334 0.038666 0.030666
1 0.828000 0.489334 0.016000 0.018666
1 0.792666 0.487334 0.033334 0.025334
1 0.812000 0.501334 0.018666 0.021334
1 0.802666 0.506000 0.016000 0.017334
1 0.794666 0.508666 0.018666 0.022666
1 0.752000 0.508666 0.032000 0.025334
1 0.780666 0.522666 0.025334 0.026666
1 0.764666 0.527334 0.020000 0.022666
1 0.755334 0.534000 0.020000 0.022666
1 0.745334 0.539334 0.021334 0.022666
1 0.736666 0.545334 0.017334 0.018666
1 0.724666 0.549334 0.022666 0.024000
1 0.712000 0.532666 0.032000 0.025334
1 0.676666 0.548666 0.030666 0.025334
1 0.690666 0.570666 0.021334 0.021334
1 0.682000 0.576000 0.022666 0.024000
1 0.672000 0.582666 0.024000 0.024000
1 0.664000 0.588000 0.024000 0.024000
1 0.656000 0.593334 0.024000 0.026666
1 0.645334 0.596000 0.018666 0.018666
1 0.637334 0.602000 0.018666 0.020000
1 0.628000 0.576000 0.042666 0.034666
1 0.583334 0.602666 0.041334 0.037334
1 0.612000 0.612666 0.034666 0.030666
1 0.579334 0.633334 0.036000 0.032000
1 0.530666 0.636666 0.045334 0.036000
1 0.538666 0.652000 0.029334 0.024000
1 0.431334 0.676666 0.049334 0.036000
1 0.448000 0.686666 0.048000 0.034666
1 0.467334 0.713334 0.041334 0.032000
1 0.470666 0.727334 0.029334 0.025334
1 0.720000 0.559334 0.021334 0.020000
1 0.384666 0.700666 0.036000 0.030666
1 0.400666 0.711334 0.046666 0.033334
1 0.412666 0.724000 0.041334 0.032000
1 0.424666 0.738666 0.038666 0.026666
1 0.276000 0.714000 0.029334 0.025334
1 0.284000 0.724666 0.042666 0.036000
1 0.291334 0.740000 0.036000 0.026666
1 0.312666 0.763334 0.041334 0.028000
1 0.332000 0.787334 0.037334 0.028000
1 0.228000 0.738000 0.045334 0.036000
1 0.236666 0.752000 0.049334 0.037334
1 0.248666 0.762000 0.044000 0.033334
1 0.260666 0.775334 0.033334 0.033334
1 0.279334 0.802000 0.036000 0.030666
1 0.138666 0.782000 0.026666 0.020000
1 0.145334 0.792000 0.037334 0.026666
1 0.152666 0.803334 0.036000 0.025334
1 0.174000 0.827334 0.038666 0.028000
1 0.186000 0.837334 0.041334 0.029334
1 0.194000 0.852000 0.036000 0.026666
1 0.096666 0.800666 0.049334 0.036000
1 0.102666 0.814666 0.032000 0.024000
1 0.120000 0.824666 0.026666 0.020000
1 0.122000 0.839334 0.030666 0.022666
1 0.134000 0.848666 0.033334 0.025334
1 0.142000 0.862000 0.038666 0.030666
1 0.159334 0.871334 0.025334 0.017334
1 0.170000 0.897334 0.033334 0.024000
1 0.022666 0.863334 0.032000 0.022666
1 0.034666 0.872000 0.040000 0.029334
1 0.038666 0.884666 0.026666 0.022666
1 0.052666 0.892666 0.028000 0.020000
1 0.063334 0.907334 0.038666 0.028000
1 0.067334 0.920000 0.028000 0.021334
1 0.082000 0.930666 0.038666 0.029334
1 0.092000 0.943334 0.040000 0.030666
1 0.013334 0.918000 0.026666 0.025334
1 0.019334 0.932000 0.038666 0.026666
1 0.032666 0.944000 0.033334 0.026666
1 0.040666 0.956000 0.036000 0.026666
1 0.051334 0.964000 0.025334 0.016000