12 0.031000 0.470000 0.030000 0.064000
12 0.008000 0.477000 0.016000 0.058000
12 0.092000 0.460000 0.044000 0.048000
12 0.305000 0.119000 0.054000 0.022000
17 0.314000 0.095000 0.084000 0.022000
12 0.303000 0.073000 0.058000 0.022000
12 0.179000 0.091000 0.030000 0.050000
12 0.117000 0.112000 0.070000 0.024000
14 0.116000 0.088000 0.060000 0.016000
12 0.086000 0.039000 0.068000 0.022000
12 0.286000 0.299000 0.048000 0.058000
12 0.400000 0.294000 0.036000 0.052000
12 0.692000 0.260000 0.024000 0.040000
12 0.358000 0.173000 0.028000 0.046000
12 0.354000 0.131000 0.032000 0.046000
12 0.474000 0.062000 0.052000 0.016000
12 0.483000 0.082000 0.062000 0.020000
12 0.477000 0.103000 0.062000 0.018000
14 0.485000 0.123000 0.042000 0.014000
14 0.488000 0.143000 0.060000 0.018000
14 0.498000 0.163000 0.044000 0.014000
9 0.496000 0.205000 0.040000 0.018000
12 0.533000 0.221000 0.058000 0.018000
12 0.553000 0.197000 0.058000 0.022000
12 0.551000 0.159000 0.058000 0.018000
9 0.548000 0.140000 0.048000 0.016000
9 0.540000 0.119000 0.056000 0.018000
12 0.537000 0.096000 0.054000 0.016000
14 0.542000 0.076000 0.040000 0.016000
12 0.533000 0.056000 0.058000 0.016000
12 0.529000 0.034000 0.066000 0.016000
17 0.705000 0.036000 0.062000 0.024000
14 0.712000 0.129000 0.060000 0.022000
12 0.929000 0.137000 0.066000 0.046000
12 0.983000 0.132000 0.030000 0.044000
12 0.930000 0.173000 0.056000 0.018000
12 0.932000 0.194000 0.060000 0.020000
12 0.935000 0.215000 0.054000 0.022000
14 0.934000 0.234000 0.044000 0.016000
12 0.919000 0.269000 0.058000 0.022000
9 0.953000 0.385000 0.030000 0.018000
9 0.932000 0.358000 0.036000 0.012000
9 0.929000 0.342000 0.046000 0.016000
12 0.949000 0.409000 0.058000 0.018000
12 0.509000 0.806000 0.026000 0.040000
9 0.417000 0.869000 0.042000 0.018000
9 0.544000 0.944000 0.048000 0.024000
9 0.541000 0.966000 0.046000 0.028000
9 0.634000 0.950000 0.044000 0.040000