12 0.347000 0.577000 0.050000 0.038000
10 0.323000 0.616000 0.058000 0.064000
10 0.409000 0.745000 0.070000 0.050000
10 0.359000 0.673000 0.078000 0.034000
13 0.068000 0.855000 0.028000 0.038000
13 0.094000 0.904000 0.040000 0.048000
13 0.115000 0.953000 0.042000 0.042000
12 0.369000 0.862000 0.042000 0.052000
10 0.331000 0.814000 0.050000 0.060000
11 0.184000 0.692000 0.068000 0.056000
14 0.230000 0.659000 0.036000 0.034000
10 0.225000 0.730000 0.058000 0.068000
12 0.196000 0.768000 0.060000 0.028000
10 0.257000 0.761000 0.050000 0.058000
11 0.291000 0.791000 0.042000 0.058000
11 0.249000 0.876000 0.046000 0.036000
13 0.381000 0.713000 0.046000 0.030000
10 0.060000 0.024000 0.072000 0.048000
32 0.743000 0.124000 0.514000 0.248000