35 0.764000 0.611000 0.132000 0.122000
35 0.136000 0.629000 0.144000 0.142000
14 0.695000 0.972000 0.038000 0.020000
14 0.661000 0.956000 0.038000 0.028000
14 0.738000 0.903000 0.016000 0.030000
14 0.737000 0.844000 0.014000 0.028000
14 0.735000 0.806000 0.022000 0.032000
14 0.918000 0.637000 0.020000 0.010000
9 0.976000 0.617000 0.032000 0.014000
14 0.944000 0.573000 0.036000 0.010000
14 0.886000 0.574000 0.032000 0.012000
9 0.795000 0.465000 0.018000 0.034000
14 0.789000 0.346000 0.018000 0.012000
14 0.839000 0.300000 0.038000 0.016000
14 0.717000 0.283000 0.022000 0.038000
9 0.664000 0.267000 0.040000 0.014000
14 0.876000 0.140000 0.036000 0.016000
14 0.841000 0.059000 0.038000 0.018000
9 0.705000 0.027000 0.014000 0.026000
14 0.655000 0.110000 0.038000 0.016000
9 0.575000 0.584000 0.042000 0.016000
14 0.642000 0.646000 0.020000 0.012000
14 0.575000 0.649000 0.026000 0.014000
14 0.371000 0.589000 0.034000 0.014000
9 0.324000 0.588000 0.040000 0.012000
9 0.279000 0.590000 0.042000 0.016000
14 0.366000 0.654000 0.032000 0.012000
14 0.265000 0.657000 0.034000 0.014000
9 0.180000 0.769000 0.016000 0.038000
14 0.259000 0.918000 0.026000 0.024000
14 0.178000 0.730000 0.016000 0.032000
14 0.218000 0.314000 0.036000 0.016000
14 0.029000 0.265000 0.018000 0.014000
14 0.009000 0.263000 0.018000 0.014000
12 0.084000 0.071000 0.020000 0.038000
14 0.021000 0.037000 0.034000 0.014000
12 0.029000 0.015000 0.050000 0.018000
9 0.892000 0.751000 0.036000 0.014000