7 0.184000 0.413334 0.261334 0.130666
7 0.204666 0.393334 0.236000 0.120000
7 0.222000 0.371334 0.236000 0.118666
4 0.338000 0.388000 0.065334 0.018666
4 0.143334 0.837334 0.126666 0.026666
1 0.236000 0.808666 0.013334 0.036000
1 0.250000 0.806666 0.014666 0.037334
3 0.276666 0.816000 0.038666 0.056000
3 0.322000 0.813334 0.036000 0.053334
4 0.432000 0.796000 0.098666 0.021334
4 0.439334 0.812000 0.081334 0.021334
4 0.420666 0.765334 0.084000 0.013334
5 0.108000 0.807334 0.213334 0.038666
5 0.297334 0.776666 0.160000 0.022666
4 0.421334 0.779334 0.090666 0.014666
34 0.426666 0.627334 0.133334 0.081334