8 0.633334 0.512000 0.058666 0.034666
8 0.726666 0.488666 0.061334 0.041334
8 0.656666 0.522000 0.084000 0.049334
2 0.760666 0.514666 0.046666 0.026666
2 0.709334 0.537334 0.048000 0.026666
2 0.714666 0.546000 0.045334 0.025334
2 0.653334 0.562666 0.053334 0.029334
2 0.656666 0.572666 0.054666 0.028000
8 0.823334 0.588000 0.097334 0.024000
8 0.825334 0.604666 0.104000 0.022666
8 0.822666 0.620000 0.104000 0.024000
8 0.821334 0.635334 0.104000 0.020000
8 0.848666 0.674666 0.153334 0.026666
4 0.921334 0.634000 0.069334 0.020000
2 0.876666 0.841334 0.044000 0.010666
8 0.800000 0.993333 0.074666 0.013333