33 0.633000 0.123000 0.086000 0.162000
33 0.751000 0.122000 0.086000 0.160000
33 0.900000 0.123000 0.088000 0.162000
9 0.396000 0.064000 0.036000 0.028000
14 0.184000 0.139000 0.020000 0.038000
9 0.153000 0.172000 0.010000 0.032000
14 0.136000 0.142000 0.012000 0.024000
9 0.301000 0.387000 0.026000 0.042000
9 0.424000 0.682000 0.024000 0.036000
9 0.445000 0.729000 0.022000 0.030000
9 0.459000 0.778000 0.022000 0.036000
14 0.442000 0.816000 0.020000 0.032000
14 0.481000 0.863000 0.018000 0.030000
30 0.922000 0.513000 0.156000 0.230000
18 0.011000 0.429000 0.022000 0.022000
18 0.021000 0.462000 0.042000 0.024000