12 0.774000 0.514000 0.060000 0.028000
13 0.550000 0.488000 0.052000 0.028000
13 0.388000 0.478000 0.056000 0.024000
14 0.534000 0.444000 0.040000 0.032000
9 0.433000 0.409000 0.042000 0.026000
9 0.321000 0.519000 0.038000 0.014000
9 0.258000 0.538000 0.048000 0.016000
9 0.723000 0.721000 0.046000 0.018000
9 0.517000 0.710000 0.046000 0.020000
9 0.059000 0.743000 0.038000 0.018000
17 0.560000 0.828000 0.076000 0.044000
14 0.696000 0.848000 0.044000 0.020000
14 0.695000 0.863000 0.038000 0.014000
9 0.695000 0.889000 0.014000 0.034000
9 0.591000 0.951000 0.018000 0.038000
9 0.506000 0.907000 0.032000 0.014000