10 0.229000 0.769000 0.022000 0.082000
10 0.227000 0.871000 0.022000 0.094000
10 0.225000 0.963000 0.022000 0.074000
14 0.333000 0.942000 0.018000 0.024000
14 0.329000 0.984000 0.018000 0.032000
14 0.331000 0.910000 0.018000 0.032000
14 0.335000 0.836000 0.022000 0.036000
9 0.332000 0.801000 0.020000 0.030000
14 0.328000 0.765000 0.020000 0.034000
14 0.333000 0.651000 0.018000 0.022000
14 0.332000 0.622000 0.016000 0.028000
14 0.334000 0.579000 0.016000 0.034000
14 0.339000 0.539000 0.022000 0.030000
14 0.504000 0.347000 0.012000 0.038000
9 0.525000 0.349000 0.018000 0.038000
9 0.487000 0.400000 0.018000 0.036000
9 0.506000 0.401000 0.016000 0.034000
9 0.485000 0.356000 0.018000 0.036000
14 0.340000 0.402000 0.024000 0.036000
14 0.340000 0.356000 0.020000 0.032000
14 0.344000 0.241000 0.020000 0.034000
9 0.111000 0.152000 0.014000 0.036000
9 0.109000 0.103000 0.018000 0.034000
9 0.087000 0.104000 0.018000 0.036000
9 0.059000 0.104000 0.018000 0.032000
9 0.004000 0.152000 0.008000 0.040000
12 0.024000 0.153000 0.028000 0.042000
9 0.049000 0.152000 0.026000 0.040000
14 0.071000 0.153000 0.022000 0.038000
14 0.093000 0.154000 0.018000 0.032000