12 0.498750 0.946666 0.057500 0.033334
12 0.392500 0.910000 0.055000 0.026666
9 0.022500 0.860000 0.020000 0.053334
11 0.023750 0.748334 0.032500 0.116666
9 0.018750 0.646666 0.017500 0.046666
9 0.017500 0.588334 0.020000 0.050000
9 0.013750 0.520000 0.017500 0.046666
14 0.011250 0.456666 0.022500 0.066666
9 0.011250 0.376666 0.022500 0.080000
9 0.243750 0.775000 0.017500 0.050000
9 0.243750 0.701666 0.017500 0.050000
9 0.240000 0.636666 0.020000 0.053334
9 0.237500 0.578334 0.020000 0.050000
9 0.238750 0.501666 0.017500 0.043334
9 0.237500 0.428334 0.015000 0.050000
9 0.233750 0.366666 0.017500 0.053334
14 0.228750 0.238334 0.017500 0.043334
9 0.225000 0.171666 0.020000 0.056666
14 0.222500 0.095000 0.020000 0.056666