12 0.500000 0.928000 0.032000 0.048000
11 0.493000 0.858000 0.034000 0.084000
12 0.768000 0.712000 0.052000 0.044000
12 0.744000 0.725000 0.044000 0.034000
12 0.754000 0.478000 0.072000 0.028000
9 0.983000 0.247000 0.034000 0.034000
12 0.968000 0.235000 0.044000 0.034000
9 0.963000 0.215000 0.042000 0.030000
14 0.945000 0.201000 0.046000 0.030000
9 0.938000 0.181000 0.040000 0.026000
12 0.921000 0.150000 0.054000 0.032000
12 0.911000 0.128000 0.050000 0.032000
14 0.894000 0.113000 0.048000 0.034000
9 0.872000 0.097000 0.044000 0.030000
14 0.869000 0.069000 0.046000 0.034000
16 0.248000 0.067000 0.044000 0.070000
12 0.076000 0.033000 0.088000 0.066000