7 0.878750 0.145000 0.147500 0.123334
7 0.991250 0.053334 0.017500 0.106666
7 0.983750 0.101666 0.032500 0.143334
1 0.710000 0.251666 0.075000 0.063334
1 0.130000 0.345000 0.090000 0.023334
1 0.131250 0.365000 0.082500 0.016666
1 0.270000 0.401666 0.080000 0.056666
1 0.368750 0.396666 0.072500 0.060000
1 0.382500 0.411666 0.055000 0.043334
1 0.303750 0.858334 0.072500 0.036666
1 0.386250 0.876666 0.087500 0.053334
1 0.303750 0.880000 0.067500 0.033334
1 0.381250 0.898334 0.082500 0.043334
1 0.478750 0.875000 0.092500 0.043334
1 0.477500 0.901666 0.090000 0.043334
1 0.471250 0.923334 0.087500 0.046666
7 0.922500 0.171666 0.100000 0.090000