6 0.491000 0.440000 0.174000 0.236000
6 0.510000 0.414000 0.180000 0.240000
6 0.553000 0.418000 0.210000 0.284000
6 0.588000 0.419000 0.176000 0.234000
6 0.637000 0.428000 0.222000 0.292000
6 0.689000 0.445000 0.218000 0.294000
6 0.777000 0.482000 0.210000 0.296000
6 0.810000 0.475000 0.180000 0.246000
6 0.860000 0.481000 0.220000 0.294000
6 0.905000 0.479000 0.186000 0.242000
6 0.923000 0.483000 0.154000 0.266000
6 0.948000 0.482000 0.104000 0.232000
1 0.376000 0.801000 0.048000 0.038000
4 0.379000 0.811000 0.046000 0.034000
4 0.387000 0.824000 0.046000 0.036000
4 0.415000 0.855000 0.046000 0.046000
4 0.415000 0.883000 0.034000 0.030000
4 0.732000 0.826000 0.080000 0.052000
1 0.055000 0.648000 0.046000 0.032000
4 0.042000 0.633000 0.060000 0.042000
4 0.034000 0.624000 0.060000 0.044000
4 0.016000 0.591000 0.032000 0.026000
1 0.181000 0.217000 0.046000 0.014000
1 0.226000 0.234000 0.044000 0.008000
20 0.519000 0.696000 0.210000 0.208000