14 0.977500 0.303334 0.045000 0.113334
14 0.951250 0.206666 0.067500 0.106666
14 0.908750 0.470000 0.052500 0.080000
14 0.828750 0.176666 0.052500 0.073334
14 0.781250 0.473334 0.067500 0.086666
14 0.681250 0.311666 0.062500 0.076666
14 0.648750 0.331666 0.047500 0.056666
14 0.522500 0.711666 0.055000 0.090000
14 0.590000 0.663334 0.050000 0.066666
14 0.993750 0.740000 0.012500 0.080000
14 0.662500 0.940000 0.070000 0.080000
14 0.537500 0.996667 0.075000 0.006667
14 0.443750 0.978333 0.067500 0.043334
14 0.362500 0.955000 0.065000 0.050000
12 0.218750 0.993333 0.037500 0.013334
9 0.161250 0.873334 0.042500 0.053334
17 0.941250 0.893334 0.067500 0.086666