22 0.248333 0.057500 0.173333 0.115000
25 0.040833 0.198750 0.081667 0.075000
26 0.145000 0.230000 0.116667 0.090000
29 0.374167 0.018125 0.091667 0.036250
29 0.439167 0.020625 0.041667 0.041250
29 0.491667 0.045000 0.053333 0.037500
29 0.472500 0.091250 0.065000 0.045000
29 0.401667 0.186875 0.073333 0.051250
21 0.670000 0.035625 0.170000 0.071250
29 0.600000 0.105625 0.070000 0.061250
26 0.613333 0.235625 0.113333 0.076250
25 0.473333 0.281250 0.093333 0.070000
25 0.527500 0.328750 0.088333 0.067500
21 0.760000 0.262500 0.166667 0.125000
26 0.176667 0.483750 0.116667 0.087500
26 0.112500 0.529375 0.111667 0.086250
29 0.960000 0.518750 0.080000 0.067500
25 0.959167 0.379375 0.081667 0.071250