11 0.020500 0.099000 0.041000 0.028000
14 0.038500 0.106000 0.015000 0.012000
14 0.051000 0.114000 0.022000 0.016000
10 0.096000 0.064500 0.048000 0.029000
10 0.120500 0.068000 0.053000 0.032000
12 0.104000 0.090500 0.038000 0.025000
13 0.153000 0.042000 0.018000 0.014000
11 0.215500 0.011500 0.035000 0.023000
14 0.223000 0.023000 0.018000 0.014000
11 0.209500 0.042500 0.049000 0.029000
14 0.269500 0.007000 0.015000 0.012000
14 0.199500 0.776500 0.015000 0.017000
14 0.234000 0.780000 0.014000 0.016000
14 0.250000 0.802000 0.016000 0.016000
14 0.014500 0.553500 0.017000 0.019000
7 0.488000 0.901000 0.172000 0.198000