26 0.218500 0.195500 0.069000 0.063000
19 0.248000 0.148000 0.054000 0.058000
21 0.304500 0.130000 0.099000 0.102000
29 0.368000 0.143500 0.036000 0.045000
29 0.398000 0.101500 0.034000 0.039000
29 0.429500 0.117500 0.045000 0.043000
20 0.526500 0.053000 0.111000 0.106000
21 0.475000 0.192000 0.104000 0.104000
22 0.549000 0.240000 0.104000 0.104000
25 0.420500 0.359000 0.057000 0.060000
26 0.487000 0.384000 0.070000 0.072000
29 0.625500 0.200500 0.057000 0.057000
29 0.663500 0.215000 0.025000 0.036000
29 0.695000 0.236000 0.032000 0.030000
29 0.683500 0.273000 0.039000 0.036000
29 0.641000 0.349500 0.044000 0.041000
21 0.804500 0.204000 0.107000 0.106000
29 0.760000 0.284500 0.042000 0.049000
26 0.768000 0.388500 0.068000 0.061000
25 0.684000 0.425000 0.056000 0.056000
25 0.716500 0.463000 0.053000 0.054000
21 0.856000 0.410000 0.100000 0.100000
26 0.506000 0.587000 0.070000 0.070000
26 0.467500 0.623500 0.067000 0.069000
21 0.347000 0.656500 0.100000 0.099000
20 0.266500 0.616000 0.107000 0.106000
21 0.187000 0.574500 0.102000 0.103000
20 0.115500 0.517000 0.113000 0.116000
20 0.040500 0.493500 0.081000 0.107000
21 0.041000 0.671500 0.082000 0.119000
25 0.190000 0.756000 0.060000 0.060000
29 0.976500 0.615000 0.047000 0.054000
25 0.975500 0.503500 0.049000 0.057000