7 0.488667 0.491667 0.136000 0.088667
0 0.872333 0.300667 0.147333 0.093333
7 0.454667 0.253667 0.080000 0.052667
7 0.375333 0.297667 0.053333 0.082000
7 0.909333 0.707333 0.080000 0.052000
7 0.735667 0.819667 0.048667 0.078000
7 0.504000 0.934333 0.152000 0.099333
7 0.333667 0.850000 0.155333 0.088000
7 0.088333 0.790333 0.151333 0.060667
2 0.294333 0.813333 0.052667 0.032000
2 0.966667 0.451667 0.026667 0.027333
35 0.926000 0.251333 0.018667 0.020000
35 0.963333 0.020667 0.020000 0.020000
7 0.973667 0.524667 0.051333 0.037333