25 0.480625 0.375000 0.078750 0.100000
25 0.176250 0.698333 0.077500 0.106667
29 0.501250 0.577500 0.035000 0.061667
29 0.642500 0.800833 0.047500 0.071667
29 0.511250 0.753333 0.055000 0.070000
29 0.435000 0.794167 0.037500 0.061667
29 0.766250 0.740000 0.087500 0.113333
29 0.906875 0.838333 0.086250 0.110000
27 0.354375 0.777500 0.131250 0.178333
29 0.243125 0.885000 0.086250 0.110000
29 0.264375 0.961667 0.086250 0.076667
29 0.738750 0.885833 0.035000 0.058333
29 0.845625 0.957500 0.041250 0.045000
29 0.131250 0.132500 0.037500 0.048333