7 0.029500 0.569500 0.059000 0.021000
2 0.256000 0.543000 0.060000 0.014000
2 0.255500 0.554500 0.059000 0.015000
2 0.259500 0.565000 0.039000 0.010000
2 0.257000 0.573000 0.034000 0.010000
6 0.393000 0.560500 0.100000 0.023000
6 0.390000 0.576500 0.102000 0.023000
6 0.575500 0.597000 0.147000 0.050000
8 0.852500 0.676500 0.147000 0.045000
2 0.967500 0.642000 0.017000 0.042000
5 0.371000 0.889500 0.132000 0.049000
5 0.364500 0.916000 0.131000 0.050000
5 0.501000 0.926000 0.118000 0.040000
5 0.480000 0.944500 0.084000 0.037000
36 0.273000 0.162000 0.044000 0.030000