26 0.155000 0.357500 0.046000 0.061000
29 0.352500 0.970500 0.041000 0.039000
29 0.428000 0.949500 0.044000 0.041000
29 0.558500 0.937500 0.041000 0.035000
29 0.560000 0.983000 0.048000 0.034000
29 0.671500 0.980000 0.039000 0.034000
29 0.736500 0.906500 0.045000 0.045000
29 0.807500 0.927000 0.041000 0.038000
29 0.804000 0.973000 0.048000 0.038000
29 0.918500 0.915000 0.047000 0.042000
34 0.522500 0.105000 0.073000 0.064000
34 0.784500 0.084000 0.091000 0.094000
34 0.818000 0.530500 0.070000 0.063000