25 0.240625 0.315625 0.066250 0.063750
25 0.225625 0.243750 0.061250 0.060000
26 0.216875 0.176875 0.073750 0.058750
19 0.219375 0.111875 0.083750 0.081250
26 0.280625 0.061250 0.081250 0.087500
19 0.362500 0.059375 0.072500 0.068750
19 0.434375 0.091875 0.076250 0.076250
24 0.461250 0.214375 0.067500 0.061250
25 0.558125 0.101250 0.061250 0.065000
19 0.651875 0.099375 0.056250 0.058750
19 0.673125 0.158750 0.056250 0.060000
19 0.656250 0.263125 0.057500 0.058750
19 0.605000 0.316875 0.075000 0.076250
19 0.908125 0.239375 0.063750 0.066250
19 0.831250 0.188125 0.057500 0.056250
25 0.831875 0.123750 0.056250 0.057500
25 0.831250 0.058125 0.065000 0.058750
26 0.850000 0.908125 0.070000 0.058750
26 0.687500 0.908750 0.070000 0.060000
25 0.698750 0.981250 0.062500 0.037500
23 0.341875 0.951875 0.066250 0.056250