25 0.406000 0.621500 0.060000 0.063000
29 0.190500 0.845500 0.043000 0.039000
20 0.622500 0.792500 0.113000 0.117000
27 0.702500 0.837000 0.101000 0.100000
20 0.784500 0.876500 0.111000 0.115000
21 0.945500 0.947000 0.109000 0.106000
20 0.624000 0.955000 0.112000 0.090000
25 0.841000 0.419000 0.062000 0.064000
27 0.965500 0.466500 0.069000 0.107000
29 0.894500 0.531000 0.069000 0.066000
29 0.912000 0.587000 0.070000 0.066000
19 0.973500 0.632000 0.053000 0.064000
29 0.805000 0.079500 0.030000 0.029000