6 0.133500 0.036000 0.067000 0.018000
7 0.325500 0.025000 0.081000 0.028000
7 0.334000 0.036500 0.068000 0.031000
7 0.416000 0.015500 0.046000 0.023000
7 0.416500 0.006500 0.067000 0.013000
7 0.064000 0.564000 0.122000 0.042000
2 0.221000 0.521500 0.038000 0.015000
2 0.232000 0.529500 0.066000 0.019000
7 0.226500 0.544000 0.097000 0.030000
7 0.756000 0.349500 0.128000 0.059000
6 0.762000 0.375000 0.176000 0.088000
2 0.602000 0.447500 0.046000 0.021000
2 0.600500 0.435000 0.047000 0.022000
2 0.562500 0.458000 0.029000 0.014000