33 0.057500 0.559500 0.047000 0.081000
33 0.130000 0.557500 0.048000 0.081000
33 0.203000 0.556500 0.048000 0.081000
33 0.277500 0.555500 0.049000 0.083000
33 0.349500 0.554000 0.047000 0.080000
33 0.422000 0.553500 0.048000 0.083000
33 0.062000 0.691000 0.048000 0.082000
33 0.134500 0.690500 0.049000 0.081000
33 0.206000 0.689000 0.050000 0.080000
33 0.279500 0.687500 0.047000 0.081000
33 0.352000 0.687000 0.048000 0.082000
33 0.423500 0.685500 0.047000 0.081000
9 0.009000 0.373000 0.018000 0.014000
14 0.016500 0.366000 0.019000 0.014000
9 0.021500 0.358500 0.019000 0.015000
9 0.027500 0.351000 0.021000 0.016000
14 0.035500 0.343500 0.019000 0.015000
9 0.041000 0.336000 0.020000 0.016000
9 0.046500 0.328000 0.019000 0.016000
9 0.051000 0.320000 0.018000 0.016000