28 0.040500 0.558500 0.081000 0.091000
28 0.045500 0.658000 0.091000 0.100000
28 0.036000 0.450000 0.072000 0.092000
28 0.341000 0.304500 0.102000 0.093000
28 0.347000 0.390500 0.102000 0.091000
28 0.353500 0.482500 0.101000 0.093000
28 0.359500 0.570000 0.101000 0.094000
21 0.367500 0.660000 0.089000 0.086000
21 0.563000 0.633000 0.090000 0.086000
29 0.566000 0.525000 0.100000 0.112000
29 0.556000 0.416500 0.102000 0.111000
29 0.549500 0.310000 0.101000 0.110000
28 0.321000 0.058000 0.100000 0.094000
29 0.919000 0.519000 0.036000 0.042000