7 0.374000 0.864000 0.108000 0.068000
7 0.373000 0.881500 0.110000 0.069000
7 0.384000 0.891000 0.128000 0.076000
7 0.368500 0.916000 0.095000 0.058000
7 0.372500 0.930500 0.109000 0.063000
7 0.375000 0.946000 0.098000 0.058000
7 0.385500 0.958000 0.105000 0.062000
7 0.396500 0.968000 0.095000 0.054000
7 0.401000 0.976500 0.092000 0.047000
7 0.582000 0.962500 0.100000 0.025000
7 0.587000 0.976500 0.114000 0.023000
7 0.579500 0.989500 0.115000 0.021000
7 0.806500 0.974500 0.099000 0.019000
7 0.831500 0.987500 0.139000 0.021000