6 0.168000 0.833000 0.142000 0.022000
6 0.171000 0.782500 0.136000 0.033000
6 0.524500 0.817500 0.129000 0.021000
6 0.718500 0.955500 0.135000 0.017000
6 0.711000 0.967000 0.104000 0.014000
6 0.929000 0.979000 0.134000 0.020000
6 0.935500 0.963500 0.129000 0.019000
6 0.927500 0.950500 0.145000 0.021000
6 0.927000 0.935000 0.132000 0.020000
6 0.714000 0.979500 0.134000 0.015000
6 0.720000 0.941000 0.140000 0.020000
6 0.499500 0.901000 0.139000 0.016000
6 0.518500 0.882000 0.165000 0.018000
6 0.533500 0.863500 0.167000 0.017000
6 0.543500 0.846500 0.137000 0.015000
6 0.543500 0.830000 0.139000 0.016000