29 0.352000 0.270000 0.042000 0.040000
29 0.427500 0.249500 0.045000 0.041000
29 0.432500 0.347500 0.039000 0.037000
29 0.558000 0.237000 0.040000 0.034000
29 0.559000 0.283500 0.048000 0.037000
29 0.671000 0.280000 0.040000 0.034000
29 0.637500 0.320500 0.037000 0.041000
29 0.736000 0.206500 0.044000 0.045000
29 0.806500 0.226500 0.041000 0.037000
29 0.803000 0.272500 0.048000 0.037000
29 0.846500 0.313000 0.037000 0.036000
29 0.809500 0.308500 0.043000 0.045000
29 0.918500 0.214500 0.047000 0.043000
29 0.306000 0.412500 0.048000 0.043000
29 0.537000 0.712000 0.038000 0.034000
29 0.218000 0.518500 0.036000 0.043000
29 0.357500 0.726000 0.039000 0.034000