7 0.324000 0.114000 0.052000 0.050000
7 0.439000 0.296500 0.028000 0.051000
7 0.400000 0.252500 0.040000 0.065000
7 0.324000 0.398500 0.014000 0.067000
7 0.375500 0.352500 0.033000 0.055000
7 0.386000 0.352500 0.034000 0.063000
7 0.435500 0.317000 0.037000 0.072000
7 0.426500 0.327000 0.037000 0.064000
7 0.406500 0.342000 0.035000 0.060000
7 0.396500 0.348000 0.035000 0.062000
7 0.417000 0.336500 0.036000 0.065000
1 0.441000 0.407000 0.010000 0.026000
7 0.458500 0.488000 0.015000 0.064000
7 0.447000 0.490500 0.012000 0.061000
7 0.422000 0.487000 0.012000 0.068000
7 0.435000 0.487500 0.016000 0.065000
7 0.445000 0.559000 0.018000 0.060000
7 0.434000 0.558500 0.018000 0.061000
7 0.421500 0.558500 0.015000 0.061000
7 0.409500 0.556000 0.019000 0.062000
7 0.360000 0.636500 0.020000 0.067000
7 0.417500 0.628500 0.023000 0.067000
7 0.406500 0.627500 0.019000 0.065000
7 0.395500 0.628000 0.015000 0.066000
7 0.385000 0.629500 0.020000 0.065000
7 0.371500 0.633000 0.017000 0.074000
7 0.430500 0.631500 0.019000 0.061000
7 0.359500 0.773500 0.071000 0.043000
7 0.365000 0.790500 0.070000 0.043000
7 0.211000 0.890500 0.072000 0.073000
7 0.223500 0.905500 0.069000 0.073000
7 0.237500 0.917000 0.073000 0.074000
7 0.180000 0.972500 0.056000 0.055000
7 0.318500 0.123000 0.051000 0.050000
7 0.314500 0.134000 0.049000 0.046000
7 0.310000 0.145500 0.038000 0.037000
4 0.352500 0.123000 0.027000 0.026000
4 0.357500 0.118000 0.021000 0.022000
7 0.389000 0.257000 0.038000 0.064000
7 0.378500 0.262000 0.041000 0.066000
7 0.369000 0.269000 0.040000 0.066000
7 0.358500 0.274500 0.039000 0.065000
7 0.348000 0.279500 0.040000 0.065000
7 0.337500 0.285000 0.039000 0.066000
36 0.600500 0.219000 0.025000 0.020000
36 0.652500 0.357000 0.015000 0.010000
36 0.600000 0.481000 0.016000 0.014000