29 0.166667 0.303750 0.060000 0.052500
29 0.241667 0.358125 0.083333 0.061250
29 0.350000 0.365625 0.083333 0.061250
29 0.535833 0.322500 0.088333 0.065000
29 0.642500 0.331875 0.085000 0.063750
29 0.633333 0.391250 0.083333 0.062500
25 0.641667 0.481875 0.083333 0.058750
29 0.887500 0.369375 0.065000 0.046250
29 0.957500 0.380000 0.065000 0.055000
29 0.435833 0.603750 0.065000 0.060000
25 0.611667 0.605625 0.076667 0.056250
25 0.697500 0.615000 0.078333 0.067500
23 0.805000 0.625625 0.063333 0.061250
25 0.452500 0.755000 0.078333 0.060000
25 0.536667 0.753750 0.076667 0.060000
29 0.619167 0.762500 0.065000 0.060000
29 0.785000 0.772500 0.066667 0.060000
25 0.736667 0.911250 0.090000 0.062500