7 0.005833 0.856250 0.011667 0.145000
7 0.023333 0.858750 0.023333 0.145000
7 0.045833 0.858750 0.028333 0.145000
7 0.070000 0.855625 0.026667 0.138750
7 0.095833 0.853125 0.025000 0.138750
7 0.143333 0.850625 0.033333 0.138750
7 0.167500 0.866250 0.028333 0.142500
7 0.190000 0.816250 0.030000 0.140000
7 0.217500 0.825625 0.025000 0.118750
7 0.239167 0.833750 0.025000 0.122500
7 0.261667 0.833125 0.020000 0.121250
7 0.284167 0.833125 0.025000 0.121250
7 0.308333 0.875625 0.030000 0.143750
7 0.334167 0.841875 0.028333 0.133750
7 0.356667 0.846250 0.023333 0.147500
7 0.380833 0.861875 0.031667 0.151250
7 0.417500 0.880000 0.055000 0.120000
7 0.445000 0.886875 0.056667 0.138750
7 0.465833 0.874375 0.061667 0.141250
7 0.492500 0.871250 0.045000 0.125000
7 0.515833 0.864375 0.051667 0.138750
7 0.540833 0.872500 0.051667 0.150000
7 0.574167 0.845000 0.048333 0.145000
7 0.600833 0.860625 0.041667 0.118750
7 0.620833 0.840625 0.045000 0.141250
7 0.642500 0.826250 0.048333 0.142500
7 0.670833 0.823750 0.061667 0.142500
7 0.693333 0.819375 0.066667 0.151250
7 0.721667 0.813125 0.073333 0.156250
6 0.852500 0.954375 0.025000 0.088750
6 0.873333 0.945625 0.030000 0.106250
6 0.905000 0.946875 0.033333 0.106250
6 0.940833 0.946250 0.038333 0.105000
6 0.977500 0.946250 0.038333 0.105000