6 0.241500 0.110000 0.163000 0.066000
6 0.245000 0.144500 0.134000 0.057000
6 0.242500 0.184500 0.167000 0.067000
6 0.372000 0.234000 0.064000 0.168000
6 0.390500 0.277500 0.061000 0.167000
6 0.501500 0.354000 0.069000 0.168000
6 0.436000 0.567500 0.050000 0.133000
6 0.373500 0.818500 0.019000 0.139000
6 0.375500 0.959500 0.013000 0.077000
6 0.526000 0.914500 0.086000 0.171000
5 0.850500 0.579500 0.033000 0.059000
4 0.858000 0.431500 0.010000 0.041000
4 0.848500 0.438000 0.009000 0.040000
7 0.867500 0.180000 0.017000 0.110000
35 0.139500 0.438500 0.015000 0.015000