2 0.125000 0.016500 0.050000 0.031000
2 0.129500 0.023000 0.045000 0.028000
2 0.134500 0.031000 0.043000 0.028000
2 0.137500 0.038500 0.045000 0.031000
2 0.141000 0.046500 0.044000 0.029000
2 0.145500 0.054000 0.045000 0.030000
2 0.165000 0.022000 0.028000 0.044000
2 0.173500 0.019500 0.029000 0.039000
2 0.182000 0.018000 0.028000 0.036000
2 0.222500 0.044500 0.031000 0.049000
2 0.214500 0.049000 0.029000 0.048000
2 0.208000 0.056500 0.026000 0.045000
2 0.200000 0.062000 0.030000 0.050000
2 0.185000 0.077500 0.030000 0.047000
2 0.176000 0.082000 0.030000 0.044000
2 0.168500 0.086500 0.029000 0.047000
2 0.160500 0.100500 0.043000 0.039000
2 0.223000 0.113000 0.030000 0.046000
2 0.193500 0.115500 0.045000 0.029000
2 0.195000 0.124000 0.046000 0.028000
2 0.197000 0.133500 0.048000 0.029000
2 0.199000 0.142500 0.048000 0.029000
2 0.200000 0.150500 0.050000 0.029000
2 0.267000 0.157000 0.034000 0.054000
2 0.256000 0.162500 0.040000 0.063000
2 0.227500 0.176500 0.027000 0.043000
2 0.235000 0.174000 0.028000 0.042000
2 0.219500 0.181000 0.027000 0.042000
2 0.386000 0.502500 0.044000 0.033000
2 0.391500 0.508500 0.043000 0.029000
2 0.396500 0.515000 0.043000 0.030000
2 0.417500 0.545500 0.043000 0.031000
2 0.411000 0.538500 0.042000 0.031000
2 0.405000 0.531000 0.046000 0.032000
2 0.486500 0.639000 0.033000 0.032000
2 0.483500 0.632500 0.025000 0.025000
2 0.489000 0.648500 0.030000 0.027000
2 0.491500 0.654000 0.027000 0.022000
2 0.518500 0.643000 0.033000 0.040000
2 0.526500 0.642000 0.025000 0.030000
2 0.528000 0.636500 0.016000 0.019000
2 0.505500 0.664500 0.027000 0.021000
2 0.508500 0.669000 0.027000 0.020000
2 0.511000 0.674000 0.032000 0.024000
2 0.513500 0.678000 0.017000 0.014000
2 0.684000 0.759500 0.046000 0.051000
2 0.694000 0.754000 0.044000 0.050000
2 0.699000 0.745000 0.046000 0.050000
2 0.705000 0.736500 0.040000 0.045000
2 0.786500 0.864500 0.025000 0.027000