19 0.856000 0.103000 0.066000 0.066000
25 0.930000 0.191500 0.048000 0.047000
19 0.933000 0.425500 0.068000 0.067000
25 0.967500 0.468500 0.065000 0.065000
19 0.107500 0.699000 0.067000 0.066000
19 0.109500 0.843500 0.065000 0.067000
29 0.072000 0.882500 0.040000 0.041000
29 0.028500 0.914000 0.051000 0.050000
29 0.395500 0.846500 0.075000 0.077000
19 0.348500 0.881000 0.067000 0.068000
19 0.244500 0.972000 0.067000 0.056000
29 0.664000 0.931500 0.042000 0.043000
29 0.703500 0.900500 0.043000 0.037000