29 0.031000 0.074000 0.048000 0.044000
29 0.088500 0.051000 0.047000 0.044000
29 0.101500 0.235500 0.077000 0.081000
27 0.061000 0.526000 0.122000 0.144000
29 0.094000 0.620000 0.082000 0.082000
29 0.198000 0.866500 0.074000 0.077000
29 0.283000 0.833000 0.070000 0.072000
29 0.364000 0.790000 0.062000 0.068000
29 0.876500 0.947000 0.055000 0.060000
29 0.795000 0.975500 0.070000 0.049000
29 0.763500 0.743000 0.051000 0.052000
29 0.606000 0.828500 0.068000 0.065000
29 0.523000 0.868000 0.060000 0.056000
29 0.429500 0.895500 0.045000 0.041000
29 0.354500 0.930000 0.041000 0.036000