29 0.358000 0.106500 0.064000 0.065000
29 0.567500 0.174500 0.061000 0.061000
19 0.670000 0.095500 0.068000 0.067000
25 0.396500 0.262000 0.065000 0.064000
25 0.462500 0.343000 0.065000 0.064000
26 0.522500 0.426000 0.071000 0.070000
25 0.609000 0.226500 0.072000 0.071000
25 0.792500 0.256000 0.067000 0.066000
25 0.028500 0.563000 0.057000 0.066000
25 0.195500 0.530500 0.065000 0.065000
25 0.377500 0.572000 0.069000 0.068000
29 0.412500 0.623500 0.065000 0.063000
29 0.417500 0.950000 0.057000 0.058000
20 0.476500 0.910000 0.117000 0.116000