25 0.920500 0.809000 0.093000 0.100000
25 0.731500 0.759000 0.089000 0.090000
25 0.685000 0.899000 0.070000 0.074000
25 0.775000 0.874000 0.092000 0.096000
25 0.542000 0.781500 0.088000 0.083000
25 0.506000 0.714500 0.088000 0.083000
29 0.463000 0.650000 0.086000 0.082000
29 0.425500 0.580500 0.087000 0.085000
29 0.748500 0.466000 0.085000 0.084000
26 0.850500 0.421500 0.091000 0.099000
25 0.950500 0.378000 0.083000 0.084000
20 0.580500 0.303000 0.173000 0.186000
29 0.205500 0.876500 0.091000 0.091000