14 0.764167 0.049375 0.038333 0.011250
14 0.755833 0.033125 0.045000 0.011250
14 0.665833 0.033750 0.038333 0.010000
11 0.685833 0.046875 0.091667 0.016250
14 0.575833 0.048125 0.038333 0.011250
14 0.596667 0.033750 0.036667 0.010000
14 0.546667 0.032500 0.033333 0.010000
9 0.521667 0.047500 0.043333 0.012500
14 0.447500 0.048125 0.041667 0.011250
14 0.455833 0.034375 0.038333 0.011250
14 0.389167 0.034375 0.038333 0.008750
9 0.367500 0.047500 0.035000 0.010000
11 0.297500 0.034375 0.048333 0.011250
9 0.215833 0.033125 0.041667 0.011250
14 0.138333 0.033750 0.036667 0.010000
9 0.036667 0.035000 0.036667 0.010000
14 0.034167 0.895625 0.031667 0.026250
12 0.730000 0.858125 0.040000 0.036250
14 0.803333 0.934375 0.036667 0.031250
11 0.976667 0.780000 0.036667 0.022500
14 0.953333 0.748125 0.040000 0.021250
14 0.928333 0.728750 0.033333 0.017500
9 0.907500 0.706250 0.048333 0.022500
12 0.886667 0.686250 0.053333 0.025000
11 0.425000 0.780000 0.053333 0.037500