6 0.754167 0.159375 0.208333 0.196250
5 0.917500 0.108125 0.145000 0.116250
5 0.799167 0.273750 0.138333 0.122500
7 0.038333 0.576875 0.076667 0.076250
7 0.050833 0.559375 0.101667 0.098750
7 0.057500 0.635625 0.115000 0.056250
7 0.065000 0.651875 0.130000 0.061250
7 0.075000 0.666875 0.150000 0.063750
7 0.088333 0.681250 0.176667 0.075000
7 0.105000 0.698125 0.173333 0.073750
7 0.130833 0.706250 0.148333 0.062500
7 0.146667 0.720000 0.153333 0.065000
7 0.146667 0.740625 0.153333 0.068750
7 0.160000 0.759375 0.180000 0.076250
7 0.194167 0.766250 0.211667 0.090000
7 0.215000 0.776250 0.176667 0.077500
7 0.255833 0.783750 0.148333 0.067500
7 0.247500 0.806250 0.175000 0.075000
7 0.265833 0.823125 0.218333 0.091250
7 0.268333 0.844375 0.180000 0.076250
7 0.285833 0.858125 0.181667 0.071250
7 0.294167 0.875000 0.148333 0.062500
7 0.300000 0.893125 0.180000 0.071250
7 0.316667 0.910000 0.166667 0.070000
7 0.360833 0.912500 0.211667 0.087500
7 0.372500 0.932500 0.181667 0.077500
7 0.381667 0.949375 0.176667 0.076250
7 0.390000 0.965625 0.173333 0.068750
7 0.421667 0.967500 0.206667 0.065000
7 0.490000 0.983750 0.076667 0.032500
1 0.705000 0.910625 0.023333 0.018750
1 0.972500 0.367500 0.028333 0.025000
1 0.919167 0.891875 0.011667 0.011250
1 0.347500 0.660000 0.021667 0.015000