6 0.400000 0.398000 0.154000 0.142000
5 0.655500 0.399000 0.095000 0.082000
5 0.547000 0.282000 0.096000 0.082000
5 0.768500 0.377500 0.095000 0.077000
3 0.787500 0.433500 0.033000 0.029000
3 0.828500 0.408500 0.033000 0.029000
4 0.706500 0.380000 0.033000 0.026000
4 0.676000 0.359500 0.032000 0.027000
4 0.955500 0.545000 0.033000 0.026000
5 0.272500 0.430500 0.049000 0.043000
6 0.356000 0.495500 0.064000 0.047000
7 0.169500 0.283500 0.059000 0.083000
2 0.164500 0.270500 0.037000 0.051000
7 0.272500 0.137500 0.051000 0.067000
7 0.267500 0.125000 0.063000 0.082000
7 0.508500 0.881500 0.073000 0.053000
7 0.424000 0.826500 0.094000 0.071000
4 0.329000 0.757000 0.036000 0.028000