7 0.139000 0.118500 0.136000 0.019000
7 0.129500 0.103000 0.095000 0.012000
7 0.120500 0.089500 0.109000 0.013000
7 0.114500 0.074000 0.111000 0.014000
7 0.325000 0.082000 0.136000 0.018000
7 0.326000 0.097500 0.112000 0.017000
7 0.325000 0.113000 0.110000 0.016000
7 0.503500 0.108000 0.111000 0.014000
7 0.509000 0.093000 0.094000 0.012000
7 0.510500 0.079000 0.117000 0.016000
7 0.510000 0.064000 0.112000 0.014000
7 0.392000 0.466500 0.104000 0.015000
7 0.275500 0.467500 0.123000 0.017000
7 0.145000 0.436000 0.094000 0.018000
7 0.142000 0.453000 0.132000 0.018000
7 0.110500 0.590000 0.107000 0.012000