26 0.360000 0.071500 0.068000 0.069000
19 0.318500 0.104500 0.065000 0.065000
25 0.270500 0.130500 0.061000 0.061000
25 0.220500 0.164000 0.065000 0.066000
19 0.173500 0.189500 0.063000 0.065000
19 0.043000 0.282000 0.064000 0.064000
19 0.172500 0.461000 0.061000 0.064000
26 0.217500 0.433000 0.067000 0.070000
25 0.272500 0.391500 0.061000 0.059000
19 0.330500 0.352000 0.061000 0.064000
19 0.586000 0.168500 0.062000 0.063000
19 0.663000 0.117000 0.062000 0.062000
19 0.600500 0.497000 0.063000 0.064000