7 0.859167 0.690000 0.041667 0.080000
7 0.537500 0.698750 0.038333 0.070000
7 0.600000 0.692500 0.033333 0.062500
2 0.636667 0.683750 0.026667 0.057500
7 0.672500 0.695625 0.038333 0.086250
7 0.709167 0.695625 0.031667 0.081250
7 0.745000 0.696250 0.030000 0.080000
2 0.780000 0.681250 0.026667 0.042500
7 0.815833 0.688750 0.025000 0.067500
7 0.016667 0.716875 0.033333 0.078750
7 0.053333 0.707500 0.030000 0.065000
7 0.088333 0.704375 0.023333 0.066250
6 0.124167 0.703750 0.031667 0.070000
3 0.164167 0.705000 0.038333 0.067500
7 0.247500 0.709375 0.035000 0.086250
7 0.755000 0.010000 0.473333 0.020000