20 0.059286 0.545714 0.118571 0.137143
20 0.179286 0.530000 0.130000 0.137143
29 0.410714 0.335714 0.090000 0.071429
29 0.560000 0.490000 0.094286 0.105714
29 0.679286 0.451429 0.055714 0.057143
29 0.733571 0.437857 0.050000 0.055714
29 0.780000 0.435000 0.045714 0.052857
29 0.836429 0.442143 0.058571 0.061429
29 0.709286 0.456429 0.038571 0.038571
29 0.691429 0.483571 0.037143 0.030000
29 0.667143 0.501429 0.054286 0.048571
29 0.687143 0.530000 0.057143 0.057143
29 0.782857 0.620000 0.054286 0.057143
29 0.802857 0.648571 0.034286 0.034286
29 0.746429 0.685714 0.035714 0.031429
29 0.899286 0.632143 0.052857 0.047143
29 0.976429 0.637143 0.038571 0.037143