7 0.146000 0.458000 0.060000 0.044000
2 0.244000 0.563000 0.084000 0.068000
7 0.227000 0.572000 0.060000 0.048000
2 0.317500 0.580000 0.035000 0.030000
2 0.311500 0.587500 0.035000 0.029000
2 0.372500 0.617000 0.067000 0.046000
2 0.373500 0.630000 0.037000 0.024000
2 0.461000 0.672500 0.066000 0.051000
2 0.450000 0.680500 0.042000 0.031000
2 0.449000 0.689500 0.048000 0.035000
7 0.556000 0.724500 0.118000 0.025000
6 0.555500 0.746000 0.119000 0.022000
8 0.824000 0.784500 0.078000 0.023000
5 0.251000 0.539500 0.096000 0.077000
5 0.836500 0.768000 0.051000 0.026000
2 0.923500 0.759000 0.039000 0.012000
2 0.922500 0.751000 0.037000 0.012000
2 0.921500 0.744000 0.037000 0.014000
2 0.966500 0.741000 0.049000 0.020000
2 0.881000 0.751500 0.036000 0.013000
2 0.882000 0.760000 0.036000 0.012000
2 0.883000 0.768500 0.038000 0.013000