33 0.223333 0.284375 0.076667 0.101250
33 0.120833 0.283750 0.078333 0.102500
33 0.763333 0.673125 0.073333 0.101250
33 0.664167 0.672500 0.075000 0.102500
33 0.566667 0.673750 0.076667 0.102500
33 0.029167 0.284375 0.058333 0.101250
33 0.430833 0.487500 0.078333 0.102500
33 0.367500 0.674375 0.075000 0.101250
33 0.267500 0.675000 0.078333 0.105000
33 0.465833 0.675000 0.075000 0.102500
12 0.333333 0.316250 0.036667 0.010000
9 0.332500 0.327500 0.035000 0.010000
12 0.790000 0.545625 0.030000 0.021250