29 0.788000 0.955500 0.054000 0.055000
19 0.792500 0.808000 0.059000 0.056000
25 0.736500 0.733500 0.065000 0.065000
25 0.624500 0.727500 0.053000 0.059000
19 0.577000 0.744500 0.054000 0.057000
26 0.546500 0.774500 0.071000 0.069000
26 0.544000 0.830500 0.072000 0.069000
19 0.475500 0.869000 0.061000 0.062000
19 0.388500 0.840500 0.061000 0.061000
25 0.371000 0.798000 0.062000 0.062000
25 0.336000 0.760500 0.058000 0.057000
29 0.270500 0.760500 0.057000 0.055000
25 0.183500 0.780500 0.057000 0.057000
26 0.139500 0.854500 0.061000 0.049000
25 0.166000 0.952000 0.050000 0.046000