27 0.875000 0.896500 0.110000 0.111000
29 0.578500 0.920500 0.045000 0.045000
29 0.535500 0.854500 0.059000 0.059000
29 0.481500 0.888500 0.061000 0.061000
29 0.329500 0.869000 0.061000 0.060000
29 0.444500 0.717000 0.059000 0.060000
29 0.482000 0.775500 0.054000 0.053000
27 0.771500 0.750000 0.117000 0.116000
29 0.627500 0.547000 0.063000 0.062000
29 0.429000 0.485000 0.058000 0.060000
29 0.504000 0.435500 0.050000 0.049000
29 0.545000 0.414000 0.052000 0.052000
29 0.585500 0.395000 0.061000 0.062000
29 0.665000 0.354000 0.062000 0.062000