7 0.218750 0.178333 0.125000 0.030000
7 0.600625 0.164167 0.128750 0.031667
7 0.053125 0.857500 0.106250 0.028333
7 0.234375 0.805000 0.176250 0.026667
7 0.218125 0.830833 0.141250 0.031667
7 0.225625 0.853333 0.151250 0.030000
7 0.231250 0.877500 0.142500 0.031667
7 0.479375 0.771667 0.176250 0.030000
7 0.469375 0.797500 0.146250 0.025000
7 0.470625 0.820000 0.148750 0.026667
7 0.465000 0.841667 0.125000 0.026667
7 0.466250 0.866667 0.145000 0.033333
7 0.730625 0.640833 0.106250 0.025000
7 0.889375 0.630833 0.101250 0.025000