7 0.057500 0.805833 0.115000 0.078333
7 0.300000 0.639167 0.130000 0.035000
7 0.280625 0.937500 0.113750 0.055000
7 0.492500 0.830000 0.145000 0.056667
7 0.776875 0.550833 0.091250 0.041667
7 0.743125 0.899167 0.086250 0.101667
7 0.308750 0.350833 0.142500 0.085000
7 0.532500 0.398333 0.087500 0.026667
7 0.495625 0.420833 0.043750 0.011667
7 0.769375 0.341667 0.093750 0.040000
7 0.973750 0.161667 0.052500 0.033333
7 0.931250 0.368333 0.087500 0.050000
7 0.607500 0.063333 0.110000 0.033333
7 0.610000 0.097500 0.112500 0.035000
7 0.611250 0.127500 0.122500 0.031667
7 0.609375 0.154167 0.128750 0.028333
7 0.860625 0.026667 0.123750 0.053333