29 0.965000 0.053333 0.070000 0.106667
27 0.873750 0.560000 0.130000 0.176667
21 0.774375 0.485000 0.143750 0.196667
28 0.676250 0.414167 0.140000 0.195000
20 0.573125 0.352500 0.136250 0.188333
27 0.469375 0.289167 0.131250 0.178333
20 0.370625 0.216667 0.141250 0.193333
20 0.265625 0.431667 0.113750 0.136667
20 0.371250 0.503333 0.137500 0.190000
28 0.466875 0.582500 0.143750 0.198333
25 0.571875 0.647500 0.076250 0.105000
19 0.674375 0.725833 0.083750 0.111667
29 0.275000 0.826667 0.085000 0.106667