25 0.103500 0.305500 0.067000 0.067000
19 0.259500 0.226500 0.067000 0.065000
25 0.289500 0.286000 0.069000 0.068000
26 0.312500 0.335000 0.075000 0.068000
25 0.341500 0.384000 0.065000 0.064000
25 0.169000 0.561500 0.070000 0.065000
25 0.199000 0.629500 0.056000 0.057000
25 0.115000 0.716000 0.068000 0.072000
25 0.067000 0.744500 0.068000 0.069000
25 0.025500 0.769000 0.051000 0.070000
25 0.137000 0.972000 0.070000 0.056000
25 0.292000 0.901500 0.056000 0.051000
25 0.357500 0.946500 0.073000 0.075000
25 0.184500 0.949500 0.069000 0.069000
25 0.234500 0.927000 0.069000 0.072000
25 0.793500 0.630000 0.067000 0.068000
29 0.590000 0.738500 0.068000 0.065000
25 0.582000 0.811500 0.060000 0.055000
27 0.872500 0.693500 0.113000 0.111000
29 0.741500 0.654500 0.061000 0.061000
29 0.694000 0.679500 0.066000 0.067000
25 0.397000 0.094500 0.068000 0.069000
29 0.509000 0.203500 0.066000 0.067000
27 0.781500 0.456000 0.113000 0.112000
26 0.477500 0.046500 0.077000 0.083000
25 0.641000 0.133000 0.068000 0.070000