35 0.900000 0.036250 0.093333 0.065000
10 0.734167 0.015000 0.061667 0.027500
14 0.775000 0.175625 0.036667 0.033750
9 0.035000 0.216875 0.043333 0.021250
12 0.184167 0.233125 0.048333 0.023750
9 0.238333 0.246875 0.043333 0.021250
14 0.385833 0.287500 0.038333 0.020000
9 0.511667 0.348750 0.043333 0.022500
9 0.483333 0.273125 0.030000 0.028750
9 0.920000 0.408125 0.030000 0.026250
9 0.595000 0.436875 0.026667 0.026250
14 0.577500 0.541875 0.028333 0.026250
12 0.542500 0.592500 0.035000 0.035000
14 0.518333 0.628125 0.033333 0.033750
14 0.308333 0.496875 0.030000 0.016250
12 0.882500 0.711875 0.028333 0.023750
9 0.735833 0.788125 0.025000 0.023750
14 0.920000 0.901250 0.026667 0.025000
14 0.795000 0.915625 0.036667 0.028750
35 0.662500 0.380625 0.098333 0.078750
14 0.166667 0.972500 0.036667 0.025000
9 0.190833 0.978750 0.021667 0.015000
11 0.250000 0.985000 0.036667 0.027500
14 0.080833 0.754375 0.031667 0.031250
14 0.095000 0.773750 0.026667 0.025000