7 0.212000 0.349500 0.126000 0.059000
6 0.218000 0.375000 0.178000 0.088000
7 0.655500 0.274000 0.115000 0.040000
7 0.785000 0.315500 0.130000 0.045000
7 0.648500 0.292500 0.105000 0.035000
7 0.759500 0.432000 0.131000 0.062000
2 0.924000 0.471000 0.030000 0.018000
2 0.923500 0.481500 0.037000 0.025000
2 0.915500 0.489000 0.031000 0.026000
2 0.906000 0.493000 0.036000 0.034000
7 0.831500 0.562500 0.149000 0.147000
7 0.836000 0.849500 0.108000 0.175000
7 0.824500 0.818000 0.057000 0.100000
2 0.057500 0.446000 0.047000 0.020000
2 0.055500 0.434000 0.047000 0.022000