29 0.654000 0.592000 0.046000 0.048000
25 0.753500 0.581500 0.047000 0.047000
26 0.865000 0.558500 0.078000 0.077000
25 0.870000 0.420000 0.060000 0.052000
29 0.042500 0.910500 0.047000 0.041000
27 0.229500 0.849500 0.113000 0.113000
29 0.284000 0.837000 0.058000 0.060000
29 0.328500 0.819500 0.041000 0.049000
29 0.233500 0.935500 0.077000 0.063000
25 0.416000 0.836000 0.064000 0.062000
26 0.412500 0.883000 0.063000 0.054000
26 0.497000 0.845500 0.050000 0.057000
29 0.592000 0.765000 0.060000 0.060000
29 0.566500 0.804000 0.057000 0.058000
29 0.568000 0.850500 0.050000 0.047000
29 0.574500 0.902000 0.047000 0.048000
29 0.583500 0.953000 0.041000 0.044000