7 0.230000 0.186667 0.032500 0.056667
4 0.206875 0.136667 0.023750 0.040000
4 0.167500 0.045833 0.017500 0.028333
4 0.174375 0.075833 0.018750 0.028333
2 0.155000 0.505000 0.047500 0.080000
2 0.169375 0.491667 0.041250 0.083333
2 0.224375 0.450833 0.051250 0.081667
2 0.109375 0.614167 0.031250 0.061667
2 0.140625 0.700833 0.031250 0.055000
4 0.259375 0.752500 0.018750 0.025000
5 0.240625 0.865000 0.043750 0.080000
5 0.256875 0.840000 0.033750 0.056667
7 0.590625 0.899167 0.078750 0.201667
4 0.223125 0.206667 0.011250 0.033333
36 0.225625 0.314167 0.058750 0.085000