25 0.828500 0.519000 0.065000 0.064000
25 0.884500 0.594500 0.059000 0.061000
29 0.881500 0.743500 0.057000 0.057000
25 0.719000 0.518000 0.052000 0.060000
25 0.672000 0.531500 0.056000 0.061000
26 0.638500 0.561500 0.071000 0.069000
26 0.636000 0.618000 0.072000 0.070000
29 0.567500 0.655500 0.061000 0.063000
19 0.265500 0.786500 0.055000 0.051000
19 0.259000 0.739000 0.052000 0.050000
26 0.232000 0.641500 0.062000 0.053000
25 0.276500 0.569000 0.055000 0.056000
25 0.362000 0.548000 0.058000 0.060000
25 0.428000 0.548000 0.054000 0.056000
25 0.463000 0.585000 0.062000 0.062000
25 0.481500 0.628500 0.063000 0.063000