29 0.425000 0.671000 0.084000 0.088000
21 0.514500 0.662000 0.081000 0.084000
29 0.605000 0.646000 0.082000 0.088000
22 0.689500 0.635000 0.079000 0.080000
29 0.783500 0.637000 0.083000 0.088000
29 0.872000 0.638000 0.092000 0.086000
22 0.960000 0.636000 0.080000 0.078000
19 0.883500 0.480000 0.049000 0.056000
29 0.879500 0.043500 0.057000 0.057000
19 0.265500 0.086000 0.055000 0.050000
19 0.257000 0.038000 0.052000 0.050000
19 0.257500 0.780000 0.053000 0.052000
34 0.430500 0.451000 0.057000 0.062000