6 0.849000 0.840500 0.062000 0.047000
6 0.851000 0.830500 0.052000 0.039000
6 0.601500 0.713000 0.105000 0.082000
6 0.611500 0.696000 0.125000 0.092000
6 0.871000 0.787500 0.108000 0.083000
7 0.607000 0.667500 0.096000 0.073000
7 0.860000 0.804000 0.118000 0.084000
7 0.532000 0.567500 0.046000 0.035000
7 0.552500 0.548000 0.061000 0.044000
7 0.542500 0.558500 0.065000 0.045000
4 0.598500 0.581500 0.031000 0.027000
4 0.605000 0.585500 0.030000 0.031000
4 0.618500 0.587500 0.059000 0.053000
2 0.281500 0.167000 0.033000 0.056000
2 0.287500 0.160000 0.025000 0.042000
2 0.293000 0.158000 0.028000 0.042000
2 0.310500 0.213000 0.027000 0.036000
2 0.327500 0.215500 0.037000 0.055000
2 0.866500 0.763500 0.069000 0.049000
7 0.640500 0.656500 0.133000 0.105000
3 0.726500 0.674000 0.037000 0.028000
7 0.963000 0.838000 0.070000 0.022000
7 0.964000 0.816000 0.070000 0.022000