29 0.102500 0.211250 0.065000 0.047500
29 0.158333 0.191250 0.036667 0.027500
29 0.269167 0.211250 0.058333 0.042500
29 0.293333 0.180625 0.056667 0.041250
29 0.390833 0.256875 0.075000 0.053750
29 0.413333 0.222500 0.046667 0.037500
29 0.443333 0.191875 0.063333 0.046250
29 0.465833 0.153750 0.061667 0.045000
29 0.490000 0.121250 0.046667 0.037500
29 0.508333 0.281250 0.060000 0.045000
29 0.540833 0.236875 0.051667 0.038750
29 0.569167 0.198125 0.058333 0.046250
29 0.597500 0.160000 0.041667 0.030000
29 0.647500 0.086250 0.045000 0.032500
29 0.675833 0.045625 0.051667 0.041250
29 0.701667 0.359375 0.076667 0.053750
29 0.730000 0.318125 0.076667 0.056250
29 0.830000 0.196875 0.100000 0.076250
29 0.856667 0.140625 0.086667 0.063750
29 0.944167 0.150625 0.085000 0.063750
29 0.972500 0.108750 0.055000 0.055000
29 0.842500 0.353750 0.085000 0.062500