25 0.671500 0.104000 0.047000 0.048000
25 0.722000 0.103000 0.046000 0.048000
29 0.771500 0.110000 0.039000 0.048000
29 0.871000 0.118000 0.040000 0.048000
25 0.842000 0.229000 0.054000 0.050000
22 0.732500 0.318500 0.081000 0.085000
25 0.818500 0.338500 0.047000 0.051000
25 0.887000 0.356000 0.046000 0.046000
26 0.940500 0.345000 0.049000 0.060000
25 0.983500 0.360000 0.033000 0.052000
25 0.917000 0.548000 0.048000 0.052000
25 0.971500 0.542500 0.047000 0.049000
29 0.777000 0.695000 0.060000 0.064000