7 0.374000 0.064000 0.108000 0.068000
7 0.373000 0.081500 0.110000 0.069000
7 0.384000 0.091000 0.128000 0.076000
7 0.368500 0.116000 0.095000 0.058000
7 0.372500 0.130500 0.109000 0.063000
7 0.375000 0.146000 0.098000 0.058000
7 0.385500 0.158000 0.105000 0.062000
7 0.396500 0.168000 0.095000 0.054000
7 0.401000 0.180500 0.092000 0.055000
7 0.408000 0.195000 0.096000 0.052000
7 0.582000 0.162500 0.100000 0.025000
7 0.587000 0.176500 0.114000 0.023000
7 0.579500 0.190000 0.115000 0.022000
7 0.583500 0.204500 0.097000 0.021000
7 0.589500 0.218500 0.107000 0.023000
7 0.722000 0.220000 0.112000 0.018000
7 0.806500 0.174500 0.099000 0.019000
7 0.831500 0.187500 0.139000 0.021000
7 0.830500 0.202000 0.113000 0.018000
7 0.837500 0.216000 0.109000 0.020000