27 0.791667 0.870625 0.183333 0.138750
29 0.297500 0.900625 0.075000 0.056250
29 0.225833 0.818125 0.098333 0.073750
29 0.135833 0.860625 0.101667 0.076250
29 0.074167 0.646250 0.098333 0.075000
29 0.136667 0.719375 0.090000 0.066250
27 0.619167 0.687500 0.195000 0.145000
29 0.379167 0.433750 0.105000 0.077500
29 0.048333 0.356250 0.096667 0.075000
29 0.173333 0.294375 0.083333 0.061250
29 0.241667 0.267500 0.086667 0.065000
29 0.309167 0.243750 0.101667 0.077500
29 0.441667 0.192500 0.103333 0.077500