19 0.566250 0.344167 0.065000 0.095000
19 0.367500 0.118333 0.065000 0.093333
26 0.432500 0.107500 0.067500 0.105000
19 0.498750 0.115000 0.065000 0.093333
25 0.563125 0.132500 0.063750 0.085000
25 0.645000 0.150833 0.062500 0.085000
25 0.795625 0.163333 0.063750 0.090000
26 0.864375 0.164167 0.066250 0.108333
19 0.443750 0.314167 0.065000 0.095000
19 0.505000 0.338333 0.065000 0.093333
25 0.723125 0.377500 0.066250 0.088333
19 0.819375 0.389167 0.063750 0.091667
26 0.436250 0.667500 0.067500 0.108333
25 0.563125 0.709167 0.063750 0.091667
25 0.649375 0.735833 0.066250 0.091667
25 0.780000 0.745833 0.065000 0.095000