26 0.982857 0.775000 0.034286 0.081429
29 0.947143 0.737857 0.040000 0.041429
29 0.876429 0.744286 0.038571 0.040000
29 0.850000 0.747143 0.042857 0.042857
29 0.720000 0.714286 0.037143 0.037143
29 0.750714 0.647857 0.038571 0.038571
29 0.791429 0.637143 0.037143 0.040000
29 0.837857 0.636429 0.055714 0.055714
29 0.891429 0.631429 0.051429 0.057143
29 0.424286 0.820000 0.082857 0.082857
27 0.440714 0.876429 0.150000 0.150000
29 0.373571 0.886429 0.072857 0.072857
29 0.404286 0.929286 0.062857 0.061429
20 0.278571 0.902143 0.114286 0.115714
29 0.324286 0.817857 0.068571 0.067143
29 0.155000 0.910714 0.041429 0.041429
29 0.245000 0.942143 0.050000 0.050000
19 0.147857 0.943571 0.092857 0.092857
29 0.175000 0.947143 0.038571 0.040000
29 0.033571 0.780714 0.067143 0.081429
29 0.035000 0.737143 0.070000 0.068571
29 0.108571 0.736429 0.080000 0.090000
29 0.152857 0.745714 0.051429 0.054286
29 0.211429 0.763571 0.034286 0.035714
29 0.192857 0.727857 0.091429 0.090000