29 0.053125 0.261875 0.058750 0.051250
27 0.286250 0.186250 0.140000 0.140000
29 0.354375 0.170625 0.073750 0.076250
29 0.410000 0.149375 0.052500 0.061250
29 0.291875 0.294375 0.096250 0.078750
25 0.519375 0.169375 0.081250 0.078750
26 0.515000 0.228125 0.080000 0.068750
26 0.621250 0.181250 0.062500 0.070000
29 0.739375 0.081250 0.076250 0.075000
29 0.708125 0.129375 0.071250 0.071250
29 0.710000 0.187500 0.062500 0.057500
29 0.717500 0.252500 0.060000 0.060000
29 0.728750 0.315625 0.050000 0.056250
24 0.065625 0.390625 0.076250 0.076250
25 0.296875 0.363125 0.066250 0.056250