29 0.395833 0.085625 0.108333 0.088750
19 0.656667 0.158750 0.080000 0.057500
26 0.662500 0.233750 0.101667 0.060000
29 0.659167 0.311875 0.075000 0.053750
25 0.814167 0.338125 0.078333 0.061250
25 0.665000 0.378125 0.073333 0.058750
29 0.662500 0.455000 0.121667 0.082500
25 0.823333 0.520000 0.076667 0.057500
25 0.674167 0.626875 0.081667 0.058750
25 0.681667 0.695000 0.076667 0.057500
19 0.661667 0.786250 0.080000 0.055000
25 0.697500 0.905000 0.081667 0.057500
25 0.593333 0.905000 0.073333 0.055000
25 0.494167 0.907500 0.075000 0.055000
26 0.392500 0.916250 0.078333 0.072500