25 0.301500 0.580000 0.063000 0.062000
19 0.344000 0.524000 0.072000 0.072000
25 0.447000 0.779000 0.066000 0.066000
25 0.537000 0.648500 0.068000 0.069000
20 0.037500 0.693000 0.075000 0.094000
25 0.861500 0.639500 0.057000 0.055000
25 0.756000 0.620000 0.056000 0.058000
25 0.702000 0.613500 0.048000 0.055000
19 0.814500 0.399500 0.055000 0.061000
26 0.650500 0.610500 0.047000 0.059000
25 0.884500 0.412000 0.051000 0.050000
19 0.116500 0.706500 0.059000 0.067000
19 0.182500 0.686500 0.057000 0.061000
26 0.351000 0.299500 0.068000 0.063000
19 0.315000 0.191500 0.074000 0.071000
19 0.270500 0.097000 0.069000 0.062000
19 0.245500 0.039500 0.059000 0.057000
19 0.937500 0.858500 0.061000 0.063000
25 0.509500 0.029000 0.057000 0.056000