29 0.921000 0.108000 0.044000 0.048000
29 0.500000 0.443000 0.036000 0.042000
29 0.545000 0.486500 0.050000 0.049000
29 0.610000 0.492500 0.050000 0.049000
29 0.721500 0.458000 0.053000 0.052000
29 0.785500 0.465500 0.051000 0.051000
29 0.780000 0.513000 0.050000 0.050000
25 0.785000 0.585500 0.050000 0.047000
29 0.932500 0.495500 0.039000 0.037000
29 0.974500 0.504000 0.039000 0.044000
29 0.661500 0.683000 0.039000 0.048000
25 0.767000 0.684500 0.046000 0.045000
25 0.818500 0.692000 0.047000 0.054000
23 0.883000 0.700500 0.038000 0.049000
25 0.671500 0.804000 0.047000 0.048000
25 0.722000 0.803000 0.046000 0.048000
29 0.771500 0.810000 0.039000 0.048000
29 0.871000 0.818000 0.040000 0.048000
25 0.842000 0.929000 0.054000 0.050000