29 0.109000 0.630000 0.040000 0.030000
28 0.308000 0.820000 0.124000 0.124000
25 0.528500 0.691500 0.043000 0.045000
19 0.481000 0.823500 0.062000 0.061000
29 0.487000 0.775000 0.060000 0.058000
25 0.552000 0.784500 0.048000 0.051000
25 0.688000 0.751000 0.062000 0.064000
25 0.692000 0.809500 0.058000 0.053000
25 0.706000 0.859500 0.062000 0.061000
25 0.695000 0.914000 0.062000 0.060000
25 0.892500 0.952500 0.053000 0.051000
25 0.881500 0.895500 0.049000 0.047000
26 0.874000 0.842000 0.060000 0.048000
19 0.876000 0.790500 0.068000 0.065000
26 0.925000 0.749500 0.066000 0.069000
19 0.981000 0.747500 0.038000 0.055000