2 0.918000 0.037500 0.018000 0.075000
2 0.804500 0.078000 0.027000 0.068000
2 0.788000 0.076000 0.030000 0.078000
2 0.645000 0.121500 0.052000 0.093000
2 0.944500 0.223000 0.039000 0.102000
2 0.850500 0.203500 0.045000 0.081000
2 0.691000 0.314500 0.038000 0.081000
2 0.944000 0.379000 0.040000 0.100000
2 0.803000 0.475000 0.040000 0.096000
2 0.978000 0.583000 0.032000 0.056000
2 0.983000 0.573000 0.034000 0.072000
2 0.681500 0.872500 0.067000 0.089000
2 0.257500 0.733500 0.073000 0.097000
2 0.320500 0.049000 0.019000 0.046000
2 0.332500 0.048000 0.017000 0.052000
2 0.343000 0.048500 0.012000 0.039000
2 0.355000 0.054000 0.018000 0.056000
2 0.366500 0.051500 0.021000 0.051000
2 0.377500 0.052000 0.017000 0.042000
2 0.386000 0.047000 0.016000 0.036000
2 0.395500 0.045500 0.019000 0.037000
2 0.423000 0.159500 0.028000 0.051000
2 0.435000 0.155500 0.038000 0.067000
2 0.414500 0.164500 0.027000 0.041000
2 0.479500 0.300500 0.021000 0.045000
2 0.488500 0.301000 0.023000 0.044000
2 0.503500 0.306000 0.031000 0.064000
2 0.517000 0.310000 0.022000 0.042000
2 0.525000 0.307500 0.022000 0.041000
2 0.532500 0.305000 0.023000 0.040000
2 0.380500 0.569000 0.037000 0.042000
2 0.390000 0.567000 0.038000 0.040000
2 0.398000 0.563000 0.032000 0.034000
2 0.414500 0.554000 0.033000 0.036000
2 0.405000 0.558000 0.036000 0.038000
2 0.420000 0.548000 0.038000 0.042000
2 0.426000 0.536000 0.050000 0.052000
2 0.441000 0.535000 0.036000 0.036000
2 0.447000 0.528000 0.038000 0.038000
2 0.453000 0.522000 0.032000 0.034000
2 0.459500 0.514500 0.035000 0.035000
2 0.254500 0.972000 0.039000 0.054000