7 0.467500 0.106667 0.135000 0.113333
7 0.466250 0.135833 0.137500 0.115000
7 0.480000 0.151667 0.160000 0.126667
7 0.460625 0.193333 0.118750 0.096667
7 0.465625 0.217500 0.136250 0.105000
7 0.468750 0.243333 0.122500 0.096667
7 0.481875 0.263333 0.131250 0.103333
7 0.495625 0.280000 0.118750 0.090000
7 0.501250 0.300833 0.115000 0.091667
7 0.510000 0.325000 0.120000 0.086667
7 0.727500 0.270833 0.125000 0.041667
7 0.733750 0.294167 0.142500 0.038333
7 0.724375 0.316667 0.143750 0.036667
7 0.729375 0.340833 0.121250 0.035000
7 0.736875 0.364167 0.133750 0.038333
7 0.902500 0.366667 0.140000 0.030000