25 0.740833 0.031875 0.108333 0.063750
25 0.823333 0.094375 0.110000 0.083750
25 0.895000 0.160000 0.106667 0.080000
29 0.957500 0.237500 0.085000 0.082500
26 0.691667 0.110625 0.110000 0.083750
25 0.478333 0.158750 0.110000 0.082500
25 0.533333 0.208125 0.106667 0.078750
29 0.636667 0.311875 0.103333 0.078750
29 0.747500 0.413125 0.111667 0.083750
25 0.266667 0.338750 0.100000 0.070000
29 0.345833 0.435000 0.111667 0.085000
29 0.794167 0.463750 0.101667 0.077500
25 0.435000 0.522500 0.116667 0.087500
29 0.508333 0.589375 0.106667 0.081250
29 0.561667 0.655625 0.113333 0.086250