2 0.448333 0.015000 0.020000 0.020000
2 0.439167 0.018750 0.028333 0.027500
2 0.430833 0.024375 0.028333 0.023750
2 0.420833 0.028750 0.021667 0.030000
2 0.413333 0.030625 0.023333 0.031250
2 0.402500 0.033750 0.028333 0.025000
2 0.396667 0.040000 0.040000 0.032500
2 0.371667 0.012500 0.030000 0.025000
2 0.380833 0.011875 0.038333 0.023750
2 0.391667 0.008125 0.030000 0.016250
2 0.402500 0.008125 0.025000 0.016250
2 0.413333 0.007500 0.030000 0.015000
2 0.331667 0.065625 0.056667 0.043750
0 0.054167 0.153125 0.065000 0.068750
0 0.021667 0.180000 0.043333 0.057500
35 0.917500 0.832500 0.098333 0.080000
35 0.700000 0.559375 0.033333 0.023750
35 0.934167 0.840000 0.101667 0.080000
35 0.868333 0.329375 0.033333 0.023750