29 0.896250 0.916667 0.057500 0.080000
29 0.883750 0.833333 0.057500 0.080000
29 0.821875 0.624167 0.081250 0.108333
29 0.763750 0.610000 0.060000 0.076667
29 0.681875 0.615833 0.063750 0.081667
25 0.624375 0.637500 0.068750 0.095000
26 0.583750 0.787500 0.092500 0.118333
29 0.411250 0.878333 0.062500 0.086667
29 0.398750 0.800000 0.070000 0.096667
29 0.367500 0.729167 0.080000 0.105000
25 0.183125 0.669167 0.058750 0.081667
26 0.084375 0.749167 0.088750 0.121667
26 0.086875 0.908333 0.073750 0.076667
26 0.105000 0.975000 0.072500 0.050000