25 0.880500 0.609000 0.049000 0.048000
25 0.813500 0.612000 0.055000 0.058000
19 0.759000 0.622500 0.050000 0.049000
29 0.644000 0.653500 0.066000 0.065000
25 0.596500 0.644500 0.059000 0.059000
25 0.440500 0.645000 0.053000 0.054000
29 0.379000 0.459500 0.048000 0.045000
29 0.430000 0.452000 0.048000 0.044000
29 0.479500 0.448500 0.049000 0.045000
25 0.790000 0.427500 0.050000 0.049000
25 0.944500 0.415500 0.049000 0.049000
29 0.259000 0.328500 0.060000 0.057000
20 0.557000 0.287500 0.094000 0.089000