7 0.091500 0.020500 0.043000 0.041000
7 0.120000 0.273000 0.092000 0.124000
7 0.028500 0.192000 0.057000 0.092000
7 0.032500 0.143000 0.059000 0.072000
7 0.452000 0.325000 0.042000 0.036000
3 0.019000 0.977500 0.038000 0.045000
7 0.239500 0.948500 0.101000 0.079000
7 0.236500 0.929500 0.083000 0.069000
7 0.227000 0.920500 0.122000 0.097000
7 0.215500 0.909000 0.105000 0.086000
7 0.198000 0.903000 0.034000 0.032000
7 0.423500 0.739500 0.097000 0.083000
7 0.786500 0.529000 0.251000 0.222000
7 0.864000 0.885000 0.098000 0.058000
7 0.865500 0.868000 0.115000 0.068000
7 0.868500 0.848500 0.099000 0.061000
7 0.894000 0.982000 0.114000 0.036000
7 0.814500 0.128500 0.075000 0.097000
7 0.757500 0.091000 0.059000 0.076000