2 0.015000 0.454000 0.030000 0.022000
2 0.045000 0.477000 0.036000 0.054000
7 0.078500 0.537000 0.043000 0.066000
2 0.070500 0.581500 0.045000 0.027000
2 0.074500 0.589500 0.045000 0.027000
2 0.044500 0.636000 0.049000 0.032000
2 0.047500 0.644000 0.047000 0.030000
2 0.048500 0.653000 0.051000 0.032000
2 0.114000 0.661000 0.026000 0.048000
2 0.122500 0.658000 0.023000 0.042000
2 0.080000 0.680000 0.028000 0.046000
2 0.100000 0.669000 0.028000 0.046000
2 0.108000 0.665000 0.026000 0.044000
2 0.100500 0.751000 0.045000 0.028000
2 0.095500 0.745000 0.041000 0.030000
2 0.093500 0.737000 0.043000 0.034000
2 0.090500 0.728500 0.037000 0.031000
2 0.082500 0.723000 0.045000 0.034000
2 0.077000 0.716500 0.046000 0.037000
2 0.109500 0.709000 0.021000 0.028000
2 0.149500 0.762500 0.027000 0.049000
2 0.158500 0.761500 0.027000 0.049000
2 0.165500 0.756500 0.025000 0.045000
2 0.125000 0.816500 0.050000 0.031000
2 0.129500 0.823000 0.045000 0.028000
2 0.134500 0.831000 0.043000 0.028000
2 0.137500 0.838500 0.045000 0.031000
2 0.141000 0.846500 0.044000 0.029000
2 0.145500 0.854000 0.045000 0.030000
2 0.165000 0.820000 0.028000 0.048000
2 0.173500 0.816000 0.029000 0.046000
2 0.182000 0.814000 0.028000 0.044000
2 0.222500 0.844500 0.031000 0.049000
2 0.214500 0.849000 0.029000 0.048000
2 0.208000 0.856500 0.026000 0.045000
2 0.200000 0.862000 0.030000 0.050000
2 0.185000 0.877500 0.030000 0.047000
2 0.176000 0.882000 0.030000 0.044000
2 0.168500 0.886500 0.029000 0.047000
2 0.160500 0.900500 0.043000 0.039000
2 0.223000 0.913000 0.030000 0.046000
2 0.193500 0.915500 0.045000 0.029000
2 0.195000 0.924000 0.046000 0.028000
2 0.197000 0.933500 0.048000 0.029000
2 0.199000 0.942500 0.048000 0.029000
2 0.200000 0.950500 0.050000 0.029000
2 0.267000 0.957000 0.034000 0.054000
2 0.256000 0.962500 0.040000 0.063000
2 0.227500 0.976500 0.027000 0.043000
2 0.235000 0.974000 0.028000 0.042000
2 0.219500 0.980000 0.027000 0.040000
7 0.868500 0.780000 0.069000 0.080000
7 0.668500 0.722500 0.099000 0.109000
7 0.683500 0.711500 0.075000 0.083000
7 0.700000 0.704000 0.092000 0.100000
7 0.715500 0.692500 0.089000 0.099000
7 0.731000 0.686000 0.058000 0.064000
7 0.695000 0.641500 0.078000 0.019000
7 0.987500 0.600000 0.025000 0.054000
5 0.912000 0.648500 0.032000 0.053000
7 0.976000 0.437500 0.048000 0.085000
7 0.740500 0.419000 0.079000 0.102000
7 0.750500 0.401000 0.071000 0.094000
7 0.768000 0.399500 0.070000 0.091000
7 0.780500 0.385000 0.069000 0.090000
7 0.792000 0.373500 0.066000 0.089000
7 0.810000 0.367000 0.070000 0.092000
5 0.677500 0.479000 0.091000 0.100000
3 0.683000 0.453000 0.036000 0.044000
5 0.871500 0.327000 0.073000 0.132000
3 0.863000 0.357000 0.030000 0.050000
5 0.979000 0.303500 0.042000 0.103000
3 0.972000 0.316500 0.024000 0.039000
3 0.960500 0.278000 0.021000 0.034000
7 0.487000 0.375000 0.060000 0.060000
7 0.184000 0.099500 0.050000 0.061000
2 0.322500 0.153500 0.065000 0.017000
7 0.455500 0.147000 0.059000 0.108000
7 0.471500 0.134500 0.063000 0.123000
7 0.491500 0.134500 0.063000 0.117000
7 0.502000 0.113500 0.054000 0.103000
7 0.519000 0.111500 0.054000 0.101000
7 0.531500 0.100000 0.059000 0.112000
5 0.664500 0.171500 0.093000 0.119000
2 0.645000 0.178000 0.052000 0.066000
3 0.662000 0.134500 0.034000 0.043000
2 0.772000 0.074500 0.018000 0.093000
2 0.785500 0.071500 0.011000 0.047000