2 0.107500 0.909500 0.059000 0.073000
2 0.095500 0.903000 0.049000 0.064000
2 0.085500 0.876500 0.039000 0.053000
2 0.076000 0.869000 0.044000 0.052000
2 0.051500 0.831000 0.037000 0.050000
2 0.060500 0.837000 0.037000 0.052000
2 0.070000 0.837000 0.026000 0.038000
2 0.147500 0.683000 0.037000 0.040000
2 0.154000 0.691000 0.036000 0.040000
2 0.160000 0.695500 0.034000 0.039000
2 0.167000 0.700500 0.034000 0.041000
2 0.174000 0.706000 0.038000 0.042000
2 0.184500 0.645000 0.035000 0.040000
2 0.191000 0.650500 0.034000 0.039000
2 0.262500 0.581000 0.043000 0.034000
2 0.318000 0.534000 0.016000 0.034000
2 0.326500 0.528500 0.011000 0.029000
6 0.916000 0.257500 0.032000 0.135000
2 0.966000 0.380000 0.068000 0.040000
2 0.036000 0.971000 0.056000 0.058000
2 0.051500 0.980000 0.037000 0.040000