25 0.025500 0.322000 0.051000 0.076000
19 0.402500 0.398000 0.075000 0.076000
19 0.345500 0.440000 0.073000 0.074000
19 0.293500 0.482500 0.073000 0.075000
19 0.240500 0.524000 0.071000 0.074000
29 0.103500 0.417500 0.061000 0.061000
29 0.058500 0.451500 0.067000 0.067000
29 0.471500 0.095500 0.067000 0.067000
19 0.647500 0.202500 0.073000 0.071000
22 0.705500 0.144500 0.115000 0.115000
25 0.768000 0.111000 0.064000 0.064000
22 0.866000 0.036000 0.114000 0.072000
35 0.901000 0.928500 0.070000 0.069000