25 0.032500 0.119500 0.055000 0.045000
26 0.045500 0.167500 0.071000 0.065000
25 0.189000 0.187500 0.056000 0.053000
29 0.810000 0.144000 0.042000 0.040000
25 0.050500 0.228500 0.059000 0.049000
25 0.051500 0.288000 0.059000 0.050000
26 0.147500 0.413500 0.065000 0.069000
27 0.193500 0.303500 0.105000 0.105000
29 0.344000 0.320000 0.038000 0.030000
23 0.342500 0.366500 0.047000 0.035000
29 0.348000 0.402500 0.052000 0.049000
29 0.741000 0.301000 0.034000 0.036000
29 0.810000 0.268000 0.050000 0.050000
29 0.895000 0.312500 0.030000 0.033000