19 0.964444 0.086667 0.066667 0.066667
26 0.892222 0.151667 0.071111 0.074444
19 0.763333 0.237778 0.068889 0.068889
25 0.698333 0.276111 0.067778 0.070000
29 0.640556 0.326667 0.063333 0.062222
26 0.590556 0.358889 0.072222 0.075556
19 0.713889 0.415556 0.072222 0.071111
25 0.592222 0.056667 0.071111 0.073333
19 0.643333 0.032222 0.071111 0.064444
25 0.445000 0.158333 0.072222 0.074444
25 0.358333 0.113333 0.070000 0.068889
25 0.353333 0.018889 0.057778 0.037778
19 0.465000 0.581667 0.070000 0.070000