29 0.972500 0.226667 0.045000 0.043333
29 0.857500 0.199167 0.038333 0.035000
26 0.833333 0.238333 0.080000 0.093333
29 0.771667 0.194167 0.046667 0.048333
29 0.689167 0.201667 0.045000 0.046667
29 0.658333 0.205000 0.050000 0.050000
29 0.506667 0.166667 0.043333 0.043333
29 0.542500 0.089167 0.045000 0.045000
29 0.590000 0.076667 0.043333 0.046667
29 0.644167 0.075833 0.065000 0.065000
29 0.706667 0.070000 0.060000 0.066667
29 0.755833 0.516667 0.065000 0.063333
29 0.688333 0.511667 0.040000 0.040000
29 0.657500 0.505000 0.031667 0.040000
29 0.161667 0.290000 0.096667 0.096667
27 0.180833 0.355833 0.175000 0.175000
29 0.102500 0.367500 0.085000 0.085000
29 0.138333 0.417500 0.073333 0.071667
29 0.045000 0.287500 0.080000 0.078333