19 0.972000 0.649500 0.056000 0.065000
19 0.855500 0.748500 0.059000 0.061000
25 0.794500 0.783000 0.063000 0.064000
19 0.738000 0.823500 0.062000 0.063000
29 0.684500 0.865500 0.057000 0.057000
19 0.509500 0.713500 0.063000 0.065000
25 0.600000 0.658000 0.066000 0.068000
25 0.640500 0.624000 0.067000 0.068000
26 0.739000 0.565000 0.072000 0.074000
26 0.783500 0.535500 0.069000 0.071000
25 0.829500 0.510000 0.067000 0.068000
29 0.460500 0.575000 0.059000 0.056000
19 0.274500 0.704500 0.059000 0.059000