29 0.187222 0.557222 0.052222 0.050000
29 0.942222 0.116111 0.055556 0.054444
29 0.840000 0.147778 0.053333 0.048889
29 0.841667 0.099444 0.050000 0.043333
29 0.842778 0.055000 0.045556 0.032222
29 0.585556 0.021111 0.044444 0.035556
29 0.329444 0.337778 0.047778 0.044444
29 0.327222 0.297222 0.052222 0.045556
29 0.287222 0.256667 0.052222 0.048889
29 0.237222 0.145556 0.043333 0.051111
19 0.312222 0.098889 0.060000 0.051111
26 0.143889 0.053333 0.067778 0.062222
26 0.149444 0.140000 0.070000 0.062222
27 0.153889 0.230556 0.118889 0.118889
27 0.143889 0.336111 0.094444 0.094444
27 0.053333 0.349444 0.106667 0.121111
25 0.022778 0.283889 0.045556 0.056667