29 0.622500 0.122000 0.041000 0.038000
25 0.144500 0.383500 0.059000 0.059000
26 0.221500 0.491500 0.061000 0.053000
26 0.250500 0.440000 0.065000 0.054000
26 0.295000 0.366000 0.062000 0.068000
25 0.382500 0.344500 0.057000 0.057000
29 0.498000 0.428000 0.074000 0.064000
25 0.517500 0.473000 0.049000 0.052000
29 0.661500 0.421500 0.059000 0.061000
19 0.659500 0.363000 0.067000 0.066000
25 0.688000 0.327500 0.054000 0.057000
26 0.850500 0.316000 0.069000 0.068000
26 0.888000 0.349000 0.072000 0.070000
19 0.902000 0.495500 0.052000 0.049000
26 0.840500 0.966000 0.073000 0.068000
25 0.954500 0.966000 0.061000 0.060000