7 0.697000 0.142500 0.264000 0.199000
7 0.753500 0.115000 0.105000 0.080000
3 0.813500 0.178000 0.049000 0.046000
3 0.849000 0.208500 0.042000 0.039000
7 0.522000 0.444000 0.176000 0.226000
7 0.277000 0.147000 0.148000 0.106000
7 0.313000 0.065000 0.272000 0.130000
5 0.331500 0.094500 0.095000 0.079000
7 0.235000 0.056500 0.076000 0.083000
7 0.766500 0.702000 0.089000 0.074000
7 0.756000 0.695000 0.082000 0.068000
7 0.741500 0.694000 0.087000 0.072000
5 0.223000 0.407000 0.086000 0.076000
7 0.358000 0.485000 0.080000 0.058000