7 0.060500 0.793500 0.029000 0.067000
7 0.076000 0.782500 0.036000 0.075000
7 0.089500 0.763000 0.033000 0.082000
7 0.112000 0.778500 0.026000 0.049000
7 0.128000 0.770500 0.030000 0.049000
7 0.138500 0.754500 0.035000 0.067000
7 0.155500 0.749500 0.035000 0.063000
3 0.052500 0.813500 0.009000 0.017000
5 0.309500 0.686000 0.069000 0.098000
3 0.327500 0.674500 0.021000 0.025000
3 0.342000 0.694500 0.016000 0.019000
5 0.374000 0.645000 0.058000 0.070000
5 0.371000 0.704500 0.058000 0.081000
2 0.576500 0.227500 0.041000 0.037000
5 0.767500 0.520000 0.083000 0.082000