22 0.629500 0.957000 0.079000 0.086000
26 0.660500 0.896500 0.075000 0.071000
29 0.480500 0.774500 0.037000 0.035000
29 0.100500 0.700000 0.031000 0.032000
29 0.135500 0.687000 0.025000 0.026000
29 0.199000 0.708500 0.036000 0.033000
29 0.217500 0.679500 0.037000 0.037000
29 0.233500 0.633000 0.029000 0.030000
29 0.328000 0.634500 0.028000 0.029000
29 0.285500 0.704500 0.031000 0.031000
29 0.275500 0.747000 0.049000 0.048000
29 0.372500 0.704000 0.035000 0.036000
29 0.387500 0.668500 0.033000 0.031000
29 0.412000 0.628500 0.032000 0.033000
29 0.427000 0.602500 0.030000 0.033000
29 0.442000 0.562000 0.036000 0.036000
29 0.464000 0.532500 0.030000 0.033000
29 0.462500 0.463500 0.049000 0.049000
21 0.691500 0.459500 0.113000 0.109000
20 0.870000 0.525000 0.114000 0.112000
21 0.824000 0.616000 0.104000 0.102000
21 0.692500 0.751000 0.107000 0.108000
20 0.772500 0.706500 0.113000 0.111000
20 0.822500 0.763500 0.111000 0.107000
20 0.780500 0.841000 0.113000 0.110000