25 0.188500 0.444000 0.045000 0.048000
25 0.015000 0.455500 0.030000 0.043000
22 0.898500 0.899500 0.081000 0.073000
28 0.895500 0.814500 0.099000 0.089000
22 0.875500 0.631000 0.083000 0.082000
29 0.740000 0.527000 0.040000 0.036000
20 0.679000 0.652000 0.094000 0.082000
20 0.682500 0.757500 0.085000 0.079000
27 0.692000 0.862000 0.086000 0.084000
26 0.384000 0.772500 0.062000 0.041000
29 0.385500 0.723500 0.045000 0.053000
19 0.333500 0.648000 0.067000 0.066000
25 0.224500 0.646000 0.051000 0.052000
19 0.142500 0.690000 0.069000 0.068000
29 0.424000 0.435500 0.052000 0.055000
29 0.568000 0.211500 0.026000 0.035000