29 0.426250 0.935000 0.050000 0.060000
29 0.894375 0.732500 0.048750 0.058333
29 0.804375 0.698333 0.051250 0.073333
29 0.889375 0.808333 0.061250 0.063333
29 0.895000 0.871667 0.052500 0.073333
29 0.941875 0.875000 0.043750 0.060000
29 0.723750 0.820000 0.047500 0.053333
29 0.680625 0.890000 0.043750 0.066667
29 0.580625 0.752500 0.048750 0.055000
29 0.584375 0.828333 0.061250 0.063333
29 0.419375 0.770000 0.053750 0.066667
29 0.324375 0.806667 0.046250 0.056667
34 0.906250 0.072500 0.087500 0.105000