29 0.045625 0.044375 0.091250 0.078750
29 0.468125 0.016250 0.058750 0.032500
29 0.478750 0.065625 0.050000 0.056250
25 0.046875 0.113125 0.066250 0.056250
26 0.160000 0.820000 0.072500 0.065000
26 0.168125 0.886875 0.076250 0.063750
29 0.340000 0.871875 0.055000 0.048750
24 0.500000 0.774375 0.070000 0.063750
29 0.573750 0.851250 0.065000 0.062500
25 0.664375 0.773750 0.068750 0.057500
26 0.680625 0.834375 0.088750 0.081250
25 0.860625 0.858750 0.071250 0.065000
19 0.511250 0.932500 0.065000 0.062500
25 0.687500 0.910625 0.072500 0.061250
25 0.688750 0.976250 0.072500 0.047500