2 0.134000 0.523500 0.062000 0.043000
2 0.229500 0.627500 0.091000 0.067000
2 0.214000 0.637500 0.062000 0.049000
2 0.554500 0.789500 0.119000 0.021000
2 0.452000 0.737500 0.046000 0.033000
3 0.305500 0.644500 0.027000 0.021000
5 0.823000 0.831500 0.050000 0.027000
2 0.863000 0.816000 0.036000 0.010000
2 0.910000 0.828000 0.034000 0.014000
7 0.957500 0.817000 0.045000 0.024000
5 0.952000 0.803000 0.052000 0.028000
4 0.213000 0.584500 0.038000 0.035000
4 0.253000 0.615000 0.060000 0.050000
7 0.345000 0.671000 0.040000 0.030000
2 0.397000 0.701000 0.024000 0.018000
2 0.865000 0.823500 0.036000 0.011000
31 0.034500 0.082000 0.041000 0.046000
31 0.276000 0.281500 0.028000 0.041000
31 0.711500 0.509500 0.031000 0.037000