29 0.567500 0.490000 0.057500 0.060000
25 0.691875 0.476875 0.058750 0.058750
26 0.831250 0.448125 0.097500 0.096250
25 0.837500 0.275000 0.075000 0.065000
27 0.054375 0.811875 0.108750 0.141250
29 0.105000 0.796250 0.072500 0.075000
29 0.160625 0.774375 0.051250 0.061250
29 0.045625 0.918750 0.091250 0.080000
25 0.270000 0.795000 0.080000 0.077500
26 0.265625 0.853750 0.078750 0.067500
26 0.371250 0.806875 0.062500 0.071250
29 0.490000 0.706250 0.075000 0.075000
29 0.458125 0.755000 0.071250 0.072500
29 0.460000 0.813125 0.062500 0.058750
29 0.468125 0.877500 0.058750 0.060000
29 0.479375 0.941250 0.051250 0.055000