19 0.029444 0.212778 0.056667 0.058889
29 0.942222 0.893333 0.055556 0.055556
29 0.838889 0.925000 0.053333 0.047778
29 0.840556 0.877222 0.050000 0.043333
29 0.842222 0.832222 0.044444 0.031111
29 0.843333 0.785000 0.046667 0.045556
29 0.887222 0.658889 0.058889 0.066667
29 0.611667 0.658333 0.054444 0.043333
24 0.601111 0.722778 0.053333 0.047778
29 0.585000 0.798889 0.045556 0.035556
29 0.236667 0.922778 0.042222 0.052222
19 0.311111 0.876111 0.060000 0.052222
19 0.301667 0.781667 0.052222 0.047778
29 0.277222 0.735000 0.045556 0.038889
26 0.143333 0.831111 0.066667 0.062222
26 0.148889 0.917222 0.071111 0.063333
35 0.810556 0.062778 0.030000 0.030000