22 0.176500 0.148000 0.083000 0.084000
22 0.284500 0.086000 0.103000 0.104000
20 0.534000 0.053500 0.120000 0.107000
29 0.868500 0.288000 0.035000 0.040000
29 0.865500 0.389500 0.051000 0.051000
29 0.858000 0.439000 0.050000 0.050000
29 0.843000 0.540000 0.050000 0.050000
25 0.611500 0.620000 0.051000 0.056000
25 0.484000 0.599000 0.052000 0.056000
25 0.302000 0.555500 0.052000 0.055000
29 0.208000 0.521000 0.042000 0.050000
22 0.148500 0.508000 0.091000 0.088000
25 0.142500 0.600500 0.063000 0.061000
29 0.202000 0.700000 0.054000 0.050000
29 0.218500 0.750500 0.045000 0.043000
29 0.192000 0.806000 0.042000 0.038000
29 0.311000 0.892000 0.054000 0.054000
25 0.255000 0.950500 0.052000 0.049000