29 0.726667 0.657778 0.051111 0.053333
25 0.837222 0.646111 0.052222 0.052222
26 0.958889 0.620556 0.082222 0.085556
25 0.966667 0.466667 0.066667 0.057778
27 0.255556 0.940556 0.126667 0.118889
29 0.315556 0.930000 0.064444 0.066667
29 0.365000 0.910556 0.045556 0.054444
25 0.462222 0.928889 0.071111 0.068889
26 0.458333 0.975556 0.070000 0.048889
26 0.552222 0.939444 0.055556 0.063333
29 0.657778 0.850000 0.066667 0.066667
29 0.629444 0.893333 0.063333 0.064444
29 0.631111 0.945000 0.055556 0.052222