1 0.074167 0.404375 0.038333 0.033750
7 0.935000 0.711875 0.073333 0.038750
7 0.926667 0.698125 0.073333 0.033750
7 0.917500 0.686250 0.075000 0.032500
7 0.908333 0.675625 0.070000 0.031250
7 0.820833 0.708125 0.071667 0.031250
7 0.826667 0.719375 0.070000 0.033750
7 0.832500 0.733125 0.075000 0.036250
7 0.840833 0.745625 0.068333 0.031250
7 0.973333 0.776875 0.053333 0.033750
7 0.743333 0.734375 0.063333 0.026250
1 0.335833 0.814375 0.018333 0.021250
1 0.365000 0.808125 0.020000 0.026250
4 0.405833 0.788750 0.038333 0.010000