11 0.520500 0.034500 0.023000 0.017000
11 0.488500 0.021000 0.039000 0.022000
14 0.495000 0.083000 0.020000 0.016000
11 0.617500 0.155500 0.049000 0.033000
14 0.637000 0.150000 0.022000 0.016000
12 0.690500 0.203500 0.033000 0.023000
11 0.906000 0.286500 0.062000 0.037000
11 0.917000 0.362500 0.066000 0.039000
11 0.852000 0.332500 0.048000 0.031000
11 0.777000 0.301000 0.066000 0.040000
11 0.672500 0.253000 0.065000 0.038000
11 0.514500 0.180000 0.049000 0.032000
11 0.430000 0.141000 0.050000 0.034000
11 0.342000 0.101000 0.048000 0.028000
11 0.290500 0.079000 0.021000 0.018000
11 0.229000 0.050500 0.034000 0.023000
11 0.170500 0.023000 0.049000 0.030000
14 0.892000 0.920500 0.028000 0.033000
18 0.935000 0.892500 0.020000 0.023000
18 0.923000 0.910000 0.018000 0.020000
18 0.911000 0.927000 0.018000 0.020000
18 0.899500 0.943500 0.017000 0.019000
18 0.955500 0.877000 0.019000 0.022000
18 0.944000 0.895000 0.016000 0.020000
18 0.931000 0.913000 0.016000 0.020000
18 0.918500 0.932500 0.017000 0.021000
18 0.906000 0.952000 0.018000 0.022000
18 0.893000 0.970500 0.016000 0.019000
18 0.902000 0.976500 0.020000 0.025000
18 0.914500 0.957000 0.017000 0.020000
18 0.927500 0.938500 0.017000 0.021000
18 0.911500 0.981000 0.019000 0.022000
18 0.925500 0.962500 0.019000 0.021000
18 0.938000 0.943500 0.018000 0.021000
18 0.941000 0.919500 0.018000 0.021000
18 0.951000 0.924000 0.018000 0.020000
18 0.961000 0.929500 0.018000 0.021000
18 0.948000 0.949000 0.018000 0.020000
18 0.935500 0.966000 0.017000 0.020000
18 0.922000 0.986000 0.018000 0.020000
18 0.944000 0.975000 0.018000 0.020000
18 0.955500 0.959000 0.017000 0.018000
18 0.966500 0.943000 0.017000 0.020000
18 0.978000 0.926000 0.018000 0.020000
18 0.964500 0.883500 0.017000 0.019000
18 0.952500 0.902000 0.017000 0.020000
18 0.962500 0.905500 0.019000 0.021000
18 0.975500 0.886500 0.017000 0.021000
18 0.972000 0.912000 0.018000 0.020000
18 0.985500 0.893000 0.019000 0.020000
18 0.987000 0.910000 0.016000 0.018000
18 0.976000 0.948000 0.018000 0.020000
18 0.987000 0.931500 0.016000 0.019000
18 0.988000 0.949500 0.018000 0.021000
18 0.963500 0.964500 0.017000 0.019000
18 0.974500 0.968500 0.019000 0.023000
18 0.988500 0.968000 0.019000 0.022000
18 0.952500 0.980500 0.017000 0.019000
18 0.962500 0.985500 0.015000 0.017000
18 0.976000 0.987000 0.018000 0.022000
18 0.947500 0.586500 0.029000 0.023000
18 0.941000 0.597000 0.028000 0.022000
18 0.935500 0.606500 0.029000 0.023000
18 0.931000 0.618500 0.034000 0.025000
18 0.925000 0.627500 0.038000 0.025000
18 0.960500 0.618000 0.029000 0.020000
18 0.968000 0.608500 0.030000 0.021000
18 0.975500 0.599000 0.029000 0.020000
18 0.966500 0.632000 0.039000 0.026000
18 0.962500 0.643500 0.039000 0.025000
18 0.919000 0.637000 0.038000 0.026000
18 0.954000 0.653500 0.038000 0.025000
18 0.949000 0.663000 0.038000 0.026000
18 0.912000 0.647500 0.038000 0.025000
18 0.978500 0.690500 0.039000 0.025000
18 0.942000 0.674000 0.038000 0.024000
18 0.904500 0.656500 0.037000 0.025000
18 0.895500 0.665000 0.031000 0.022000
18 0.888500 0.676500 0.029000 0.021000
18 0.883000 0.685000 0.030000 0.022000
18 0.911500 0.698500 0.031000 0.023000
18 0.918000 0.688500 0.030000 0.019000
18 0.926000 0.680000 0.030000 0.018000
18 0.944500 0.701000 0.027000 0.018000
18 0.951500 0.691000 0.025000 0.016000
18 0.968000 0.712000 0.024000 0.018000
18 0.975500 0.702000 0.025000 0.018000
18 0.875500 0.695500 0.031000 0.023000
18 0.906000 0.708000 0.030000 0.022000
18 0.936000 0.722000 0.032000 0.022000
18 0.943000 0.711500 0.032000 0.021000
12 0.844500 0.548500 0.027000 0.033000
12 0.774500 0.518000 0.027000 0.032000
12 0.796500 0.531000 0.025000 0.028000
14 0.479500 0.949500 0.017000 0.019000
14 0.528000 0.875000 0.014000 0.016000
11 0.460500 0.903000 0.017000 0.018000
14 0.213000 0.855500 0.012000 0.015000
9 0.203000 0.850500 0.014000 0.017000
12 0.194000 0.845000 0.018000 0.020000
14 0.205500 0.826500 0.019000 0.021000
14 0.217000 0.809500 0.018000 0.021000
12 0.226500 0.793500 0.015000 0.017000
12 0.238500 0.776500 0.015000 0.017000
14 0.184500 0.841000 0.017000 0.020000
12 0.194500 0.825500 0.013000 0.015000
12 0.206500 0.806500 0.013000 0.015000
12 0.218000 0.789000 0.014000 0.016000
12 0.230500 0.771000 0.013000 0.014000
14 0.175000 0.837000 0.018000 0.020000
14 0.185500 0.820000 0.017000 0.020000
14 0.197000 0.802000 0.018000 0.022000
12 0.208000 0.785500 0.014000 0.015000
12 0.220500 0.767500 0.013000 0.015000
12 0.209500 0.764000 0.015000 0.016000
12 0.198500 0.781000 0.013000 0.016000
14 0.187000 0.797500 0.018000 0.021000
14 0.176000 0.795000 0.014000 0.018000
12 0.174000 0.816500 0.014000 0.015000
14 0.164500 0.832500 0.017000 0.021000
14 0.165500 0.810500 0.017000 0.019000
14 0.154500 0.827000 0.017000 0.020000
14 0.144000 0.824500 0.014000 0.017000
14 0.154000 0.809500 0.016000 0.017000
14 0.164500 0.795500 0.015000 0.017000
14 0.175000 0.782000 0.016000 0.018000
14 0.185500 0.766500 0.017000 0.019000
14 0.195500 0.750500 0.015000 0.017000
14 0.134500 0.821500 0.015000 0.017000
14 0.143000 0.809000 0.014000 0.016000
14 0.153000 0.792500 0.016000 0.019000
14 0.164000 0.777000 0.016000 0.018000
14 0.125000 0.817000 0.016000 0.018000
14 0.134500 0.803000 0.015000 0.018000
14 0.116500 0.813000 0.015000 0.018000
14 0.126500 0.798500 0.015000 0.017000
14 0.136500 0.784000 0.017000 0.018000
14 0.145000 0.788000 0.016000 0.018000
14 0.154500 0.774000 0.017000 0.020000
14 0.146500 0.768500 0.017000 0.019000
14 0.164000 0.760000 0.016000 0.018000
14 0.156500 0.754000 0.017000 0.020000
14 0.174500 0.744500 0.015000 0.017000
14 0.166500 0.739000 0.015000 0.018000
14 0.109000 0.808000 0.016000 0.018000
14 0.118500 0.793500 0.015000 0.017000
14 0.128500 0.779500 0.015000 0.017000
14 0.138500 0.765000 0.015000 0.018000
14 0.149500 0.750000 0.017000 0.020000
14 0.160500 0.733000 0.017000 0.020000
11 0.169000 0.689000 0.018000 0.012000
14 0.198000 0.697000 0.014000 0.010000
14 0.169500 0.718500 0.015000 0.017000
14 0.180000 0.703500 0.016000 0.019000
14 0.177000 0.724000 0.014000 0.016000
14 0.187500 0.709000 0.015000 0.018000
14 0.184000 0.729000 0.016000 0.018000
14 0.195000 0.714000 0.018000 0.020000
14 0.205000 0.735000 0.018000 0.020000
12 0.215500 0.719500 0.017000 0.019000
14 0.223000 0.744000 0.018000 0.022000
14 0.233500 0.746500 0.019000 0.023000
14 0.225000 0.839000 0.020000 0.022000
14 0.254000 0.839500 0.016000 0.017000
11 0.047000 0.261000 0.044000 0.058000
11 0.043000 0.363000 0.016000 0.020000
17 0.089500 0.399500 0.043000 0.057000
17 0.078000 0.394000 0.042000 0.056000
17 0.066000 0.388000 0.042000 0.056000
13 0.058000 0.372500 0.028000 0.035000
13 0.029500 0.381000 0.015000 0.016000
11 0.010500 0.341000 0.021000 0.024000
17 0.126000 0.386000 0.040000 0.044000
17 0.142500 0.355500 0.043000 0.041000
17 0.152500 0.375500 0.051000 0.063000
17 0.169500 0.312000 0.041000 0.054000
17 0.189500 0.282500 0.033000 0.041000
17 0.167000 0.457500 0.032000 0.031000
17 0.181500 0.440000 0.023000 0.024000
17 0.195000 0.414500 0.028000 0.027000
17 0.207000 0.402000 0.032000 0.030000
17 0.216000 0.387000 0.034000 0.030000
17 0.218500 0.415500 0.035000 0.037000
17 0.231000 0.395000 0.036000 0.038000
11 0.264500 0.310500 0.039000 0.049000
13 0.279000 0.321000 0.038000 0.050000
11 0.221000 0.240500 0.052000 0.035000
11 0.231500 0.507000 0.035000 0.024000
17 0.293000 0.457500 0.028000 0.021000
17 0.307000 0.452000 0.028000 0.018000
17 0.312500 0.443500 0.027000 0.017000
17 0.278000 0.427000 0.026000 0.016000
17 0.270500 0.437500 0.027000 0.017000
17 0.265500 0.447000 0.027000 0.018000
17 0.239500 0.421500 0.025000 0.017000
17 0.234000 0.432000 0.026000 0.020000
13 0.327500 0.411500 0.045000 0.029000
13 0.331000 0.395500 0.046000 0.029000
13 0.350000 0.388500 0.048000 0.033000
13 0.339500 0.369000 0.051000 0.032000
13 0.300500 0.366500 0.059000 0.037000
13 0.297500 0.349500 0.037000 0.027000
13 0.288500 0.375500 0.045000 0.031000
13 0.280000 0.389500 0.048000 0.033000
17 0.358000 0.343000 0.034000 0.044000
17 0.324500 0.329500 0.037000 0.045000
13 0.300500 0.331500 0.025000 0.027000
13 0.396000 0.361000 0.044000 0.054000
9 0.402000 0.552000 0.022000 0.016000
11 0.395500 0.537500 0.017000 0.013000
14 0.417500 0.506000 0.017000 0.014000
14 0.425000 0.497000 0.016000 0.012000
14 0.444500 0.468000 0.019000 0.014000
14 0.449500 0.457500 0.019000 0.015000
14 0.456500 0.449500 0.017000 0.013000
12 0.464000 0.436000 0.026000 0.018000
12 0.467500 0.428500 0.025000 0.015000
13 0.507000 0.409000 0.040000 0.026000
11 0.037000 0.117000 0.066000 0.040000
11 0.710500 0.400500 0.043000 0.027000
13 0.015500 0.213000 0.029000 0.020000
13 0.026500 0.192000 0.047000 0.028000
13 0.030500 0.184000 0.047000 0.028000
13 0.035500 0.176000 0.047000 0.028000
14 0.058500 0.043000 0.021000 0.014000
13 0.145000 0.144000 0.028000 0.020000
13 0.182000 0.170500 0.048000 0.029000
13 0.188000 0.161500 0.050000 0.029000
13 0.404500 0.263000 0.027000 0.018000
13 0.431000 0.273500 0.026000 0.017000
13 0.466000 0.300000 0.048000 0.028000
13 0.471000 0.291500 0.048000 0.029000
13 0.524500 0.316500 0.025000 0.019000
13 0.565500 0.333000 0.025000 0.018000
13 0.591500 0.345000 0.027000 0.020000
13 0.585000 0.352500 0.026000 0.019000
13 0.561000 0.340500 0.026000 0.019000
11 0.218000 0.314500 0.050000 0.029000
11 0.271000 0.397500 0.026000 0.019000
11 0.305000 0.413000 0.032000 0.020000
11 0.091500 0.352000 0.047000 0.028000
11 0.096000 0.344000 0.048000 0.028000
11 0.101500 0.336000 0.047000 0.028000
11 0.106500 0.328500 0.047000 0.029000
11 0.112000 0.321000 0.048000 0.028000
11 0.117500 0.313500 0.047000 0.029000
11 0.122500 0.306000 0.047000 0.028000
11 0.127500 0.297500 0.047000 0.027000
11 0.133500 0.290000 0.047000 0.026000
11 0.690000 0.056000 0.036000 0.024000
11 0.766500 0.115500 0.059000 0.037000
11 0.778500 0.152000 0.049000 0.030000
11 0.829500 0.120000 0.049000 0.030000
11 0.858500 0.188500 0.047000 0.029000
11 0.935500 0.192500 0.065000 0.035000
11 0.930500 0.178500 0.057000 0.033000
11 0.960500 0.179500 0.027000 0.019000
11 0.934000 0.166000 0.030000 0.022000
13 0.852500 0.763000 0.031000 0.022000
13 0.879000 0.775500 0.026000 0.023000
13 0.901500 0.786000 0.027000 0.024000
13 0.087000 0.121500 0.048000 0.033000