29 0.750000 0.823000 0.060000 0.058000
29 0.877500 0.366000 0.045000 0.040000
29 0.728000 0.442500 0.046000 0.045000
29 0.795500 0.403000 0.039000 0.040000
29 0.526000 0.420000 0.062000 0.062000
29 0.555000 0.465000 0.056000 0.056000
29 0.779000 0.871500 0.056000 0.053000
29 0.517000 0.350000 0.060000 0.060000
29 0.885500 0.654000 0.053000 0.050000
29 0.605500 0.280000 0.043000 0.044000
29 0.542000 0.314500 0.048000 0.051000
29 0.603500 0.501500 0.057000 0.053000
29 0.963000 0.803500 0.062000 0.059000