0 0.442500 0.023750 0.128333 0.032500
7 0.448333 0.040625 0.106667 0.028750
2 0.408333 0.120625 0.060000 0.071250
2 0.439167 0.123125 0.055000 0.066250
7 0.364167 0.178125 0.185000 0.031250
7 0.372500 0.278125 0.085000 0.016250
7 0.332500 0.288750 0.158333 0.020000
7 0.290833 0.310625 0.225000 0.056250
2 0.299167 0.357500 0.181667 0.035000
2 0.300000 0.393125 0.140000 0.031250
7 0.319167 0.375000 0.085000 0.020000
7 0.280000 0.271875 0.103333 0.018750
2 0.370000 0.214375 0.073333 0.021250
7 0.358333 0.226250 0.080000 0.030000