29 0.100714 0.512857 0.058571 0.057143
29 0.112143 0.559286 0.044286 0.041429
29 0.107143 0.592857 0.042857 0.042857
29 0.359286 0.357143 0.038571 0.040000
29 0.391429 0.368571 0.028571 0.034286
29 0.420714 0.351429 0.052857 0.054286
23 0.573571 0.352857 0.098571 0.094286
29 0.552143 0.440714 0.044286 0.044286
29 0.640714 0.485714 0.052857 0.054286
29 0.522857 0.715714 0.034286 0.034286
29 0.559286 0.712857 0.050000 0.048571
29 0.583571 0.711429 0.041429 0.040000
29 0.595714 0.742857 0.071429 0.071429
29 0.635000 0.735000 0.047143 0.047143
29 0.035000 0.632857 0.041429 0.042857