25 0.855000 0.924167 0.093333 0.085000
26 0.834167 0.823333 0.095000 0.080000
26 0.800000 0.544167 0.093333 0.078333
26 0.583333 0.545000 0.093333 0.080000
25 0.600000 0.658333 0.086667 0.083333
29 0.595833 0.753333 0.085000 0.070000
25 0.615000 0.849167 0.083333 0.075000
29 0.614167 0.957500 0.068333 0.061667
25 0.382500 0.880833 0.091667 0.081667
25 0.375833 0.782500 0.098333 0.091667
23 0.122500 0.602500 0.088333 0.075000
29 0.135000 0.708333 0.113333 0.103333
29 0.150833 0.820000 0.108333 0.093333
25 0.164167 0.924167 0.095000 0.085000