7 0.897500 0.173125 0.101667 0.068750
7 0.918333 0.157500 0.103333 0.070000
7 0.938333 0.145625 0.100000 0.068750
7 0.954167 0.133125 0.091667 0.068750
7 0.770833 0.093750 0.078333 0.055000
7 0.792500 0.083125 0.085000 0.058750
7 0.822500 0.075625 0.101667 0.071250
7 0.670833 0.033750 0.091667 0.065000
7 0.695000 0.026875 0.096667 0.053750
7 0.725833 0.021875 0.081667 0.043750
1 0.029167 0.065000 0.018333 0.025000
36 0.640000 0.621875 0.100000 0.068750
36 0.102500 0.299375 0.078333 0.058750
35 0.281667 0.832500 0.023333 0.017500
35 0.431667 0.745625 0.083333 0.061250