19 0.950500 0.765000 0.075000 0.072000
27 0.667000 0.782000 0.140000 0.136000
27 0.572500 0.665500 0.151000 0.149000
27 0.696500 0.474000 0.125000 0.108000
25 0.799000 0.778500 0.074000 0.075000
26 0.458000 0.314000 0.102000 0.098000
29 0.609500 0.220000 0.095000 0.094000
29 0.687000 0.199000 0.082000 0.082000
25 0.757000 0.157000 0.090000 0.094000
29 0.811000 0.068500 0.082000 0.083000
25 0.027500 0.531500 0.055000 0.069000
26 0.197000 0.690500 0.096000 0.087000
27 0.263000 0.825500 0.136000 0.131000