29 0.273125 0.084167 0.056250 0.071667
29 0.240000 0.176667 0.052500 0.063333
29 0.388750 0.320000 0.067500 0.090000
25 0.318750 0.417500 0.065000 0.081667
29 0.301250 0.535833 0.057500 0.081667
25 0.178125 0.642500 0.063750 0.078333
25 0.287500 0.757500 0.065000 0.085000
19 0.238125 0.971667 0.083750 0.056667
19 0.390000 0.855000 0.087500 0.113333
25 0.400625 0.766667 0.063750 0.086667
25 0.410625 0.679167 0.063750 0.085000
25 0.421250 0.588333 0.062500 0.083333
19 0.588750 0.905000 0.070000 0.086667
19 0.731250 0.930000 0.072500 0.090000
19 0.726250 0.839167 0.072500 0.088333
19 0.733750 0.741667 0.072500 0.086667
29 0.747500 0.635833 0.067500 0.098333