25 0.067500 0.039167 0.072500 0.078333
25 0.035625 0.120000 0.071250 0.100000
27 0.316250 0.150833 0.090000 0.128333
25 0.465625 0.335000 0.066250 0.090000
25 0.506250 0.414167 0.065000 0.081667
26 0.266875 0.221667 0.086250 0.116667
25 0.198125 0.633333 0.056250 0.066667
25 0.505625 0.510000 0.061250 0.076667
25 0.479375 0.593333 0.076250 0.096667
25 0.442500 0.676667 0.067500 0.090000
25 0.378125 0.650000 0.056250 0.073333
29 0.112500 0.820000 0.060000 0.080000
26 0.183750 0.865000 0.085000 0.113333
26 0.300000 0.956667 0.080000 0.086667