33 0.229000 0.831000 0.048000 0.082000
33 0.290000 0.831500 0.046000 0.081000
33 0.534000 0.831500 0.046000 0.081000
33 0.472500 0.831000 0.047000 0.082000
30 0.450500 0.183000 0.237000 0.238000
33 0.350500 0.831500 0.047000 0.081000
9 0.880500 0.286500 0.021000 0.019000
9 0.866500 0.272000 0.021000 0.018000
12 0.028500 0.032000 0.033000 0.022000
33 0.412000 0.831500 0.046000 0.081000
33 0.658500 0.976500 0.047000 0.047000
12 0.844000 0.276000 0.024000 0.020000
12 0.600000 0.857000 0.022000 0.008000
9 0.599500 0.866000 0.021000 0.008000
14 0.738500 0.375000 0.023000 0.016000