25 0.496500 0.957000 0.063000 0.064000
19 0.207000 0.956000 0.072000 0.072000
25 0.266000 0.890500 0.068000 0.067000
25 0.310500 0.839000 0.065000 0.066000
26 0.603500 0.064500 0.069000 0.071000
29 0.227000 0.122500 0.056000 0.057000
25 0.469000 0.337500 0.062000 0.059000
25 0.203500 0.346000 0.059000 0.056000
25 0.254000 0.450000 0.060000 0.062000
25 0.335500 0.662000 0.059000 0.060000
25 0.316000 0.606500 0.062000 0.057000
26 0.333500 0.776500 0.061000 0.059000
26 0.969500 0.979000 0.057000 0.042000
25 0.923000 0.973500 0.048000 0.053000
25 0.824000 0.947500 0.054000 0.053000
25 0.774000 0.936000 0.042000 0.048000
25 0.612500 0.919500 0.047000 0.047000
25 0.554000 0.921000 0.062000 0.060000
25 0.774000 0.708500 0.052000 0.053000
19 0.122500 0.747500 0.067000 0.069000