29 0.458000 0.018500 0.056000 0.037000
29 0.401000 0.068500 0.052000 0.049000
29 0.390500 0.141000 0.049000 0.050000
29 0.383000 0.213000 0.048000 0.048000
29 0.377000 0.274500 0.048000 0.049000
29 0.478000 0.225500 0.048000 0.045000
29 0.486500 0.174500 0.051000 0.053000
29 0.626500 0.151000 0.049000 0.048000
29 0.779500 0.159000 0.045000 0.044000
25 0.743000 0.266500 0.050000 0.047000
25 0.463000 0.334500 0.062000 0.061000
19 0.527000 0.410000 0.054000 0.056000
29 0.738000 0.379500 0.056000 0.053000
29 0.646500 0.503000 0.069000 0.068000
29 0.874000 0.318500 0.032000 0.035000
29 0.950000 0.361500 0.038000 0.037000
29 0.945500 0.410500 0.037000 0.037000
29 0.318000 0.811000 0.042000 0.042000
25 0.795000 0.852500 0.058000 0.057000