7 0.476000 0.168000 0.150000 0.192000
7 0.365000 0.247500 0.038000 0.047000
7 0.372500 0.254500 0.031000 0.039000
7 0.380000 0.259000 0.030000 0.038000
7 0.387000 0.264500 0.034000 0.043000
7 0.284500 0.181000 0.019000 0.048000
7 0.325000 0.119000 0.046000 0.060000
7 0.319500 0.111000 0.049000 0.064000
7 0.367500 0.049500 0.049000 0.065000
7 0.891500 0.020500 0.043000 0.041000
7 0.920000 0.273000 0.092000 0.124000
7 0.809500 0.139500 0.085000 0.109000
7 0.822000 0.192000 0.070000 0.092000
7 0.832500 0.143000 0.059000 0.072000
7 0.748000 0.220500 0.044000 0.055000
7 0.802000 0.446000 0.028000 0.030000
7 0.744000 0.433000 0.046000 0.038000
7 0.127000 0.543000 0.072000 0.098000
7 0.264500 0.527000 0.119000 0.088000
5 0.409500 0.696000 0.103000 0.088000
7 0.488500 0.736500 0.037000 0.029000
7 0.535500 0.763500 0.047000 0.043000
7 0.697000 0.921500 0.264000 0.157000
7 0.753500 0.915000 0.105000 0.080000
3 0.813500 0.977500 0.049000 0.045000
7 0.277000 0.947000 0.148000 0.106000
5 0.296500 0.774000 0.097000 0.072000
7 0.313000 0.834000 0.272000 0.192000
5 0.331500 0.894500 0.095000 0.079000
7 0.235000 0.856500 0.076000 0.083000
7 0.091500 0.799500 0.183000 0.139000
7 0.059500 0.673500 0.049000 0.067000
7 0.050500 0.665000 0.037000 0.048000