0 0.102333 0.120333 0.084667 0.026000
6 0.785000 0.653667 0.078000 0.050000
2 0.588000 0.534667 0.033333 0.024000
2 0.583000 0.540333 0.038000 0.027333
4 0.578667 0.548333 0.034667 0.024667
7 0.444667 0.620667 0.144000 0.100000
0 0.364000 0.413333 0.066667 0.048000
7 0.286000 0.827667 0.134667 0.104667
7 0.590667 0.901667 0.066667 0.050000
4 0.779333 0.847333 0.030667 0.025333
5 0.684333 0.780667 0.054000 0.044000
5 0.705333 0.773333 0.037333 0.032000
7 0.491333 0.836333 0.068000 0.048667
7 0.245333 0.674667 0.060000 0.046667
1 0.211000 0.081667 0.012667 0.018000
36 0.870333 0.277000 0.018000 0.038000
7 0.038667 0.915333 0.077333 0.169333