29 0.964000 0.956000 0.072000 0.072000
29 0.925000 0.913000 0.062000 0.068000
26 0.830500 0.943000 0.071000 0.072000
29 0.747000 0.935500 0.052000 0.053000
26 0.616000 0.931500 0.072000 0.067000
25 0.640000 0.880000 0.064000 0.062000
26 0.668000 0.827000 0.072000 0.062000
29 0.519500 0.766000 0.073000 0.074000
29 0.339500 0.646000 0.043000 0.040000
29 0.349500 0.612000 0.035000 0.028000
29 0.342000 0.496500 0.040000 0.043000
27 0.203000 0.611500 0.100000 0.101000
29 0.027500 0.693000 0.055000 0.078000
29 0.080500 0.725000 0.073000 0.076000
25 0.223000 0.920500 0.058000 0.059000
29 0.166000 0.909000 0.040000 0.048000