22 0.855000 0.033000 0.082000 0.066000
28 0.871000 0.270500 0.100000 0.089000
29 0.881000 0.359000 0.074000 0.066000
29 0.884500 0.449000 0.087000 0.086000
22 0.891500 0.539000 0.077000 0.080000
20 0.899000 0.628000 0.088000 0.082000
22 0.519500 0.039500 0.079000 0.079000
28 0.543500 0.305500 0.099000 0.087000
29 0.552500 0.415500 0.101000 0.109000
29 0.559500 0.525000 0.103000 0.110000
28 0.482500 0.777000 0.101000 0.088000
25 0.346000 0.411000 0.046000 0.046000
25 0.350000 0.462500 0.048000 0.047000
25 0.354500 0.530000 0.047000 0.046000
25 0.361000 0.582500 0.048000 0.043000
29 0.368500 0.686500 0.041000 0.037000
29 0.019000 0.457500 0.038000 0.051000
29 0.066000 0.434000 0.060000 0.060000
20 0.136000 0.445000 0.124000 0.122000
22 0.087500 0.604500 0.081000 0.077000