7 0.239375 0.008333 0.066250 0.016667
4 0.239375 0.026667 0.056250 0.020000
7 0.248125 0.044167 0.061250 0.015000
7 0.176875 0.074167 0.086250 0.048333
7 0.185625 0.090833 0.078750 0.045000
6 0.176250 0.119167 0.115000 0.068333
7 0.184375 0.153333 0.121250 0.080000
7 0.263750 0.119167 0.032500 0.128333
7 0.290625 0.120833 0.031250 0.141667
7 0.314375 0.116667 0.026250 0.136667
7 0.338750 0.123333 0.027500 0.140000
7 0.361875 0.125000 0.026250 0.143333
7 0.385625 0.143333 0.041250 0.183333
7 0.258125 0.395833 0.086250 0.065000
7 0.185625 0.536667 0.083750 0.040000
7 0.187500 0.578333 0.082500 0.040000
7 0.181875 0.555833 0.081250 0.041667
7 0.096250 0.677500 0.072500 0.071667
7 0.086875 0.696667 0.071250 0.073333
7 0.080000 0.712500 0.072500 0.071667
7 0.074375 0.732500 0.068750 0.075000
7 0.066250 0.750000 0.070000 0.066667
7 0.058125 0.764167 0.071250 0.075000
7 0.373125 0.605000 0.083750 0.040000
7 0.377500 0.623333 0.082500 0.040000
7 0.381875 0.642500 0.086250 0.038333
7 0.383750 0.660833 0.085000 0.038333
7 0.382500 0.680833 0.087500 0.045000
7 0.384375 0.704167 0.086250 0.041667
7 0.390625 0.721667 0.083750 0.043333
7 0.396875 0.739167 0.078750 0.041667
7 0.393125 0.757500 0.078750 0.041667
7 0.398750 0.775000 0.087500 0.043333
7 0.406875 0.793333 0.083750 0.050000
7 0.409375 0.811667 0.076250 0.046667
7 0.574375 0.633333 0.081250 0.026667
7 0.813125 0.544167 0.088750 0.058333
7 0.823125 0.560000 0.091250 0.056667
4 0.821250 0.581667 0.087500 0.060000
7 0.901250 0.656667 0.092500 0.030000
7 0.906875 0.677500 0.086250 0.028333
7 0.286250 0.971667 0.085000 0.056667
7 0.542500 0.295000 0.092500 0.043333
7 0.786250 0.300000 0.087500 0.030000
7 0.784375 0.319167 0.081250 0.028333