2 0.156250 0.027500 0.062500 0.051667
2 0.161875 0.038333 0.056250 0.046667
2 0.168125 0.051667 0.053750 0.046667
2 0.171875 0.064167 0.056250 0.051667
2 0.176250 0.077500 0.055000 0.048333
2 0.181875 0.090000 0.056250 0.050000
2 0.207500 0.036667 0.037500 0.073333
2 0.218125 0.033333 0.033750 0.066667
2 0.229375 0.030000 0.033750 0.060000
2 0.278125 0.074167 0.038750 0.081667
2 0.268125 0.081667 0.036250 0.080000
2 0.260000 0.094167 0.032500 0.075000
2 0.250000 0.103333 0.037500 0.083333
2 0.231250 0.129167 0.037500 0.078333
2 0.220000 0.136667 0.037500 0.073333
2 0.210625 0.144167 0.036250 0.078333
2 0.200625 0.167500 0.053750 0.065000
2 0.278750 0.188333 0.037500 0.076667
2 0.241875 0.192500 0.056250 0.048333
2 0.243750 0.206667 0.057500 0.046667
2 0.246250 0.222500 0.060000 0.048333
2 0.248750 0.237500 0.060000 0.048333
2 0.250000 0.250833 0.062500 0.048333
2 0.333750 0.261667 0.042500 0.090000
2 0.320000 0.270833 0.050000 0.105000
2 0.284375 0.294167 0.033750 0.071667
2 0.293750 0.290000 0.035000 0.070000
2 0.274375 0.301667 0.033750 0.070000
2 0.482500 0.837500 0.055000 0.055000
2 0.489375 0.847500 0.053750 0.048333
2 0.495625 0.858333 0.053750 0.050000
2 0.521875 0.909167 0.053750 0.051667
2 0.513750 0.897500 0.052500 0.051667
2 0.506250 0.885000 0.057500 0.053333