19 0.391500 0.078500 0.069000 0.069000
19 0.538000 0.153000 0.070000 0.068000
25 0.670500 0.123500 0.069000 0.067000
25 0.574500 0.203000 0.065000 0.068000
29 0.300500 0.174500 0.071000 0.071000
19 0.372500 0.252500 0.069000 0.067000
19 0.402500 0.295500 0.067000 0.067000
19 0.436000 0.332000 0.070000 0.072000
25 0.213000 0.382000 0.070000 0.070000
25 0.288000 0.492500 0.070000 0.067000
26 0.304000 0.805000 0.056000 0.064000
20 0.361000 0.790500 0.120000 0.121000
25 0.404000 0.819500 0.052000 0.051000
29 0.395500 0.936000 0.069000 0.068000
31 0.106500 0.794000 0.039000 0.042000
31 0.124500 0.780500 0.039000 0.043000