20 0.084500 0.176500 0.111000 0.115000
21 0.247500 0.254500 0.113000 0.121000
27 0.344000 0.268500 0.106000 0.109000
29 0.484000 0.225500 0.072000 0.071000
29 0.451000 0.265000 0.072000 0.072000
25 0.410000 0.307000 0.058000 0.060000
29 0.171000 0.396500 0.104000 0.103000
20 0.083500 0.351500 0.111000 0.115000
25 0.464500 0.032000 0.063000 0.064000
25 0.837500 0.080000 0.067000 0.064000
29 0.963500 0.144000 0.073000 0.074000
29 0.942000 0.196500 0.054000 0.057000
25 0.935500 0.252000 0.057000 0.052000
29 0.965000 0.709500 0.070000 0.087000
25 0.976500 0.902000 0.047000 0.060000
29 0.549500 0.807500 0.043000 0.047000
29 0.549500 0.854500 0.063000 0.063000
29 0.331000 0.845000 0.066000 0.064000
21 0.297000 0.917500 0.108000 0.107000
29 0.039000 0.965000 0.072000 0.070000