25 0.171875 0.133333 0.083750 0.106667
29 0.367500 0.064167 0.080000 0.095000
25 0.464375 0.166667 0.076250 0.106667
29 0.335000 0.240000 0.102500 0.123333
29 0.302500 0.327500 0.067500 0.095000
25 0.294375 0.420000 0.071250 0.086667
29 0.530000 0.424167 0.082500 0.111667
25 0.811875 0.536667 0.061250 0.080000
29 0.811250 0.631667 0.062500 0.083333
25 0.786250 0.724167 0.075000 0.098333
25 0.616250 0.721667 0.072500 0.100000
29 0.898750 0.760000 0.092500 0.130000
29 0.666875 0.965000 0.086250 0.070000