25 0.638000 0.183500 0.066000 0.067000
19 0.690500 0.292500 0.071000 0.071000
29 0.650500 0.328000 0.055000 0.056000
29 0.609000 0.361000 0.054000 0.054000
29 0.568500 0.392000 0.065000 0.064000
19 0.770500 0.468000 0.069000 0.070000
19 0.725000 0.505500 0.068000 0.069000
19 0.664000 0.546000 0.070000 0.070000
22 0.559000 0.621000 0.112000 0.112000
19 0.069500 0.628500 0.073000 0.073000
22 0.331500 0.798500 0.111000 0.111000
19 0.281000 0.848000 0.070000 0.070000
19 0.217000 0.899000 0.070000 0.070000
19 0.144500 0.956500 0.069000 0.069000