35 0.516000 0.151500 0.028000 0.027000
33 0.979500 0.239500 0.041000 0.083000
33 0.916000 0.240000 0.052000 0.082000
33 0.820000 0.241500 0.050000 0.083000
33 0.751000 0.242000 0.052000 0.082000
33 0.977500 0.051000 0.045000 0.084000
33 0.913500 0.051000 0.053000 0.084000
33 0.816000 0.053500 0.052000 0.083000
33 0.746500 0.054000 0.049000 0.082000
30 0.298500 0.000500 0.191000 0.001000
12 0.725500 0.950500 0.013000 0.021000
17 0.725500 0.979500 0.013000 0.027000
12 0.202000 0.981500 0.026000 0.009000
12 0.359000 0.843000 0.020000 0.008000
12 0.898000 0.840500 0.028000 0.011000
35 0.709000 0.842500 0.054000 0.031000