29 0.505714 0.417143 0.065714 0.068571
25 0.647857 0.402143 0.067143 0.067143
26 0.807143 0.369286 0.111429 0.110000
25 0.814286 0.171429 0.085714 0.074286
29 0.040714 0.742143 0.058571 0.070000
25 0.165714 0.765714 0.091429 0.088571
26 0.160714 0.832857 0.090000 0.077143
26 0.281429 0.779286 0.071429 0.081429
29 0.417143 0.664286 0.085714 0.085714
29 0.380714 0.720000 0.081429 0.082857
29 0.382857 0.786429 0.071429 0.067143
29 0.392143 0.860000 0.067143 0.068571
29 0.405000 0.932857 0.058571 0.062857