25 0.086000 0.520000 0.070000 0.068000
25 0.120500 0.562000 0.069000 0.066000
29 0.514000 0.949500 0.060000 0.059000
20 0.572500 0.908000 0.115000 0.112000
25 0.475500 0.570000 0.071000 0.068000
29 0.509500 0.623500 0.069000 0.071000
26 0.619500 0.427500 0.075000 0.071000
25 0.493500 0.262000 0.069000 0.066000
25 0.558500 0.343000 0.067000 0.066000
29 0.453500 0.104000 0.069000 0.068000
29 0.665000 0.173500 0.062000 0.061000
19 0.705500 0.227000 0.069000 0.070000
19 0.766500 0.095000 0.069000 0.068000
19 0.888000 0.254500 0.066000 0.067000
31 0.313000 0.926000 0.042000 0.042000
31 0.330000 0.914000 0.042000 0.042000
25 0.293000 0.529000 0.070000 0.072000