1 0.302500 0.011250 0.008333 0.022500
0 0.219167 0.034375 0.025000 0.066250
1 0.973333 0.289375 0.030000 0.033750
1 0.874167 0.223125 0.048333 0.021250
1 0.906667 0.181875 0.030000 0.021250
0 0.963333 0.146875 0.036667 0.043750
0 0.986667 0.135000 0.026667 0.045000
36 0.233333 0.582500 0.316667 0.450000
1 0.851667 0.290000 0.030000 0.007500
1 0.842500 0.338750 0.028333 0.005000
1 0.898333 0.338125 0.030000 0.006250
1 0.868333 0.336875 0.016667 0.006250
1 0.833333 0.246250 0.016667 0.022500
1 0.836667 0.318125 0.010000 0.021250
1 0.939167 0.205625 0.025000 0.018750
1 0.890000 0.184375 0.026667 0.018750
34 0.871667 0.036250 0.086667 0.062500