25 0.600500 0.161000 0.067000 0.066000
25 0.471500 0.188000 0.063000 0.064000
25 0.043500 0.109500 0.065000 0.065000
25 0.207500 0.165000 0.065000 0.066000
26 0.236000 0.208000 0.070000 0.070000
25 0.271500 0.246500 0.067000 0.065000
25 0.301500 0.289000 0.065000 0.064000
25 0.221500 0.527500 0.067000 0.067000
26 0.291500 0.797500 0.073000 0.073000
26 0.327500 0.834000 0.075000 0.074000
34 0.914000 0.865000 0.128000 0.122000
31 0.032000 0.829000 0.040000 0.042000
31 0.048500 0.814500 0.037000 0.041000