29 0.076667 0.684375 0.076667 0.051250
29 0.285833 0.608750 0.075000 0.055000
29 0.471667 0.669375 0.070000 0.046250
29 0.703333 0.655000 0.080000 0.050000
29 0.921667 0.585000 0.083333 0.055000
29 0.086667 0.808750 0.066667 0.042500
29 0.078333 0.737500 0.070000 0.047500
29 0.300833 0.726875 0.068333 0.046250
29 0.426667 0.775625 0.060000 0.046250
29 0.346667 0.930625 0.083333 0.053750
29 0.702500 0.711250 0.081667 0.047500
29 0.771667 0.759375 0.056667 0.048750
34 0.725000 0.161875 0.116667 0.078750