19 0.965500 0.786500 0.055000 0.051000
19 0.959000 0.739000 0.052000 0.050000
26 0.932000 0.641500 0.062000 0.053000
25 0.974500 0.569000 0.051000 0.056000
29 0.261000 0.567500 0.048000 0.045000
25 0.311500 0.568000 0.049000 0.050000
29 0.363000 0.560000 0.046000 0.046000
29 0.413500 0.557000 0.045000 0.046000
29 0.465500 0.555000 0.047000 0.046000
19 0.114000 0.798000 0.066000 0.066000
25 0.229500 0.766500 0.047000 0.045000
25 0.351500 0.752000 0.049000 0.048000
25 0.418500 0.751500 0.047000 0.047000
29 0.505000 0.620000 0.044000 0.046000