26 0.065000 0.203500 0.052000 0.063000
25 0.137000 0.179500 0.070000 0.071000
25 0.292000 0.101500 0.056000 0.051000
25 0.357500 0.146500 0.073000 0.075000
25 0.184500 0.149500 0.069000 0.069000
25 0.234500 0.127000 0.069000 0.072000
27 0.481000 0.414500 0.086000 0.091000
19 0.362000 0.463000 0.070000 0.072000
27 0.355500 0.583000 0.121000 0.120000
25 0.582000 0.019500 0.060000 0.039000
27 0.737500 0.275500 0.109000 0.107000
25 0.826000 0.278000 0.056000 0.062000
25 0.929500 0.263000 0.055000 0.054000
25 0.977000 0.253000 0.046000 0.060000