19 0.323000 0.968500 0.060000 0.061000
29 0.547000 0.819500 0.062000 0.059000
26 0.435500 0.770000 0.065000 0.068000
29 0.480000 0.740500 0.056000 0.055000
25 0.533000 0.695000 0.060000 0.060000
19 0.592500 0.661000 0.061000 0.062000
26 0.706500 0.583500 0.065000 0.069000
19 0.773000 0.524500 0.060000 0.061000
26 0.849000 0.474500 0.066000 0.069000
19 0.925000 0.426000 0.058000 0.058000
25 0.222000 0.457500 0.050000 0.045000
25 0.229000 0.551000 0.066000 0.066000
25 0.305500 0.589000 0.063000 0.064000
25 0.437000 0.498000 0.062000 0.064000
25 0.484500 0.473500 0.063000 0.063000
25 0.582000 0.414000 0.064000 0.066000
25 0.624000 0.382000 0.064000 0.064000