20 0.975000 0.612778 0.050000 0.087778
29 0.898333 0.618333 0.032222 0.032222
29 0.968333 0.642778 0.038889 0.038889
19 0.892778 0.643889 0.072222 0.072222
29 0.913889 0.646667 0.030000 0.031111
29 0.798889 0.516667 0.062222 0.062222
29 0.805000 0.483333 0.054444 0.053333
29 0.862222 0.482778 0.062222 0.070000
29 0.896667 0.490000 0.040000 0.042222
29 0.942222 0.503889 0.026667 0.027778
29 0.927778 0.476111 0.071111 0.070000
20 0.186667 0.628889 0.104444 0.111111
29 0.158333 0.702222 0.050000 0.044444