2 0.178000 0.877000 0.030667 0.046000
2 0.141333 0.918333 0.032000 0.040667
2 0.119333 0.938333 0.032000 0.035333
2 0.090667 0.948000 0.030667 0.033333
2 0.174000 0.886333 0.025333 0.039333
2 0.167667 0.891000 0.026000 0.038000
4 0.691333 0.634000 0.012000 0.046667
4 0.688667 0.674667 0.009333 0.029333
7 0.415000 0.757000 0.028667 0.006000
36 0.579000 0.890333 0.251333 0.071333
36 0.160000 0.910000 0.230667 0.180000
5 0.407000 0.743000 0.028667 0.014000
36 0.779000 0.795333 0.010000 0.042667
36 0.796333 0.797333 0.010000 0.042667