5 0.396875 0.120000 0.163750 0.186667
5 0.274375 0.255833 0.086250 0.108333
6 0.163125 0.327500 0.073750 0.071667
6 0.188125 0.314167 0.066250 0.055000
5 0.545000 0.099167 0.125000 0.131667
0 0.831875 0.365000 0.096250 0.043333
7 0.836250 0.387500 0.080000 0.038333
2 0.806250 0.494167 0.045000 0.095000
2 0.829375 0.497500 0.041250 0.088333
7 0.773125 0.570833 0.138750 0.041667
7 0.779375 0.704167 0.063750 0.021667
7 0.749375 0.718333 0.118750 0.026667
7 0.718125 0.747500 0.168750 0.075000
2 0.724375 0.810000 0.136250 0.046667
2 0.725000 0.857500 0.105000 0.041667
7 0.739375 0.833333 0.063750 0.026667
7 0.710000 0.695833 0.077500 0.025000
4 0.142500 0.509167 0.147500 0.171667
2 0.777500 0.619167 0.055000 0.028333
7 0.768750 0.635000 0.060000 0.040000