14 0.328000 0.062000 0.016000 0.032000
14 0.541000 0.927000 0.042000 0.014000
14 0.494000 0.929000 0.040000 0.014000
14 0.811000 0.712000 0.018000 0.032000
9 0.637000 0.671000 0.042000 0.030000
14 0.395000 0.491000 0.030000 0.034000
14 0.344000 0.414000 0.028000 0.040000
14 0.847000 0.392000 0.038000 0.028000
9 0.992000 0.409000 0.016000 0.018000
9 0.836000 0.340000 0.048000 0.032000
9 0.785000 0.318000 0.046000 0.032000
14 0.530000 0.261000 0.056000 0.042000
9 0.555000 0.224000 0.046000 0.032000
9 0.508000 0.200000 0.048000 0.032000
14 0.964000 0.246000 0.044000 0.016000
14 0.954000 0.223000 0.068000 0.022000
12 0.839000 0.183000 0.050000 0.018000
9 0.898000 0.169000 0.048000 0.022000
9 0.960000 0.167000 0.044000 0.014000
9 0.671000 0.065000 0.050000 0.018000
9 0.668000 0.046000 0.048000 0.016000
9 0.665000 0.003000 0.050000 0.006000
35 0.364000 0.187000 0.316000 0.254000
9 0.381000 0.625000 0.022000 0.034000