2 0.766666 0.816666 0.061334 0.017334
2 0.770666 0.831334 0.074666 0.017334
2 0.746000 0.859334 0.049334 0.041334
2 0.796000 0.843334 0.048000 0.017334
2 0.756666 0.872666 0.049334 0.041334
2 0.804666 0.860666 0.052000 0.036000
2 0.758666 0.890666 0.056000 0.037334
2 0.806666 0.881334 0.056000 0.042666
2 0.756000 0.912666 0.061334 0.041334
2 0.768000 0.960000 0.045334 0.066666
2 0.803334 0.906000 0.073334 0.049334
2 0.827334 0.914000 0.049334 0.038666
2 0.792666 0.954000 0.044000 0.070666
2 0.810000 0.962666 0.041334 0.069334
2 0.854666 0.845334 0.045334 0.082666
2 0.858666 0.868666 0.037334 0.062666
2 0.874666 0.879334 0.037334 0.052000
2 0.896666 0.900666 0.020000 0.030666
2 0.902666 0.908000 0.016000 0.024000
2 0.910666 0.912000 0.021334 0.032000
2 0.917334 0.920000 0.021334 0.029334
2 0.927334 0.922000 0.025334 0.033334
2 0.933334 0.929334 0.018666 0.026666
2 0.905334 0.943334 0.037334 0.030666
2 0.898000 0.955334 0.038666 0.017334
2 0.894000 0.963334 0.038666 0.020000
2 0.917334 0.975334 0.032000 0.049333
2 0.932666 0.981334 0.009334 0.037333
2 0.941334 0.984666 0.010666 0.030666
2 0.970000 0.959334 0.020000 0.028000
2 0.978000 0.964000 0.022666 0.032000
2 0.985334 0.967334 0.021334 0.030666
2 0.986666 0.928000 0.024000 0.026666
2 0.992001 0.931334 0.015999 0.028000
2 0.996000 0.935334 0.007999 0.025334
2 0.996000 0.902666 0.008000 0.026666
35 0.636666 0.493334 0.102666 0.104000
35 0.202000 0.265334 0.113334 0.101334
35 0.370000 0.950000 0.068000 0.070666