1 0.033334 0.982500 0.046666 0.035000
1 0.063334 0.967500 0.046666 0.035000
1 0.088334 0.958750 0.043334 0.032500
1 0.116666 0.943750 0.046666 0.032500
1 0.141666 0.933750 0.043334 0.032500
1 0.171666 0.921250 0.043334 0.032500
1 0.196666 0.908750 0.046666 0.037500
1 0.221666 0.896250 0.043334 0.032500
1 0.250000 0.886250 0.046666 0.037500
1 0.275000 0.872500 0.043334 0.035000
1 0.298334 0.861250 0.050000 0.037500
1 0.595000 0.855000 0.050000 0.030000
1 0.578334 0.840000 0.050000 0.025000
1 0.556666 0.827500 0.053334 0.025000
1 0.780000 0.961250 0.046666 0.037500
1 0.805000 0.952500 0.050000 0.040000
1 0.988333 0.802500 0.023333 0.040000
1 0.928334 0.671250 0.136666 0.072500
1 0.696666 0.610000 0.146666 0.045000
1 0.651666 0.971250 0.103334 0.057500
1 0.623334 0.951250 0.106666 0.057500
1 0.593334 0.932500 0.106666 0.060000
1 0.566666 0.912500 0.100000 0.060000
1 0.525000 0.878750 0.083334 0.077500
1 0.336666 0.907500 0.086666 0.060000
1 0.306666 0.923750 0.086666 0.062500
1 0.283334 0.941250 0.086666 0.057500
1 0.246666 0.951250 0.086666 0.057500
1 0.216666 0.966250 0.093334 0.042500
1 0.445000 0.732500 0.116666 0.070000
1 0.408334 0.708750 0.110000 0.067500
1 0.380000 0.685000 0.106666 0.060000
1 0.171666 0.763750 0.110000 0.027500