29 0.315556 0.117778 0.146666 0.164444
29 0.501112 0.057778 0.086666 0.088888
29 0.585556 0.040000 0.077778 0.079999
29 0.657778 0.036666 0.071112 0.073333
29 0.745556 0.045556 0.091112 0.091112
29 0.547778 0.065556 0.060000 0.060000
29 0.520000 0.107778 0.057778 0.046666
29 0.482222 0.135556 0.084444 0.075556
29 0.513334 0.180000 0.088888 0.088888
29 0.662222 0.320000 0.084444 0.088888
29 0.693334 0.364444 0.053334 0.053334
29 0.605556 0.422222 0.055556 0.048888
29 0.843334 0.338888 0.082222 0.073334
29 0.963334 0.346666 0.060000 0.057778