14 0.630000 0.462500 0.066666 0.045000
9 0.375000 0.328750 0.090000 0.047500
9 0.410000 0.465000 0.066666 0.045000
14 0.588334 0.478750 0.056666 0.037500
14 0.546666 0.468750 0.060000 0.042500
14 0.691666 0.532500 0.063334 0.040000
14 0.005000 0.472500 0.009999 0.045000
14 0.096666 0.365000 0.073334 0.045000
14 0.471666 0.841250 0.063334 0.037500
14 0.645000 0.645000 0.070000 0.045000
14 0.751666 0.567500 0.050000 0.035000
14 0.868334 0.521250 0.076666 0.057500
14 0.870000 0.448750 0.066666 0.047500
14 0.905000 0.461250 0.070000 0.047500
9 0.923334 0.487500 0.073334 0.055000
14 0.948334 0.506250 0.063334 0.047500
9 0.958334 0.428750 0.070000 0.052500
9 0.928334 0.417500 0.076666 0.055000
14 0.693334 0.428750 0.060000 0.027500
14 0.765000 0.447500 0.030000 0.035000
14 0.785000 0.510000 0.056666 0.050000
14 0.446666 0.332500 0.026666 0.035000
9 0.396666 0.307500 0.080000 0.050000
14 0.806666 0.286250 0.093334 0.057500