2 0.273750 0.278334 0.142500 0.076666
2 0.286250 0.315000 0.127500 0.063334
2 0.391250 0.245000 0.092500 0.036666
2 0.395000 0.265000 0.090000 0.050000
2 0.502500 0.285000 0.100000 0.056666
2 0.500000 0.253334 0.100000 0.053334
2 0.495000 0.220000 0.100000 0.066666
7 0.727500 0.090000 0.115000 0.180000
7 0.903750 0.056666 0.167500 0.086666
7 0.907500 0.103334 0.175000 0.093334
7 0.896250 0.140000 0.177500 0.086666
4 0.923750 0.168334 0.097500 0.056666
7 0.996250 0.083334 0.007500 0.133334
7 0.997500 0.155000 0.005000 0.143334