9 0.033000 0.837000 0.022000 0.034000
14 0.112000 0.856000 0.028000 0.036000
9 0.161000 0.866000 0.026000 0.036000
12 0.186000 0.870000 0.028000 0.044000
12 0.214000 0.868000 0.028000 0.044000
12 0.255000 0.874000 0.038000 0.060000
14 0.279000 0.889000 0.030000 0.038000
9 0.305000 0.898000 0.026000 0.036000
9 0.064000 0.754000 0.024000 0.036000
12 0.110000 0.769000 0.020000 0.038000
9 0.134000 0.780000 0.024000 0.040000
9 0.159000 0.790000 0.022000 0.032000
12 0.203000 0.768000 0.034000 0.056000
14 0.168000 0.753000 0.024000 0.034000
12 0.131000 0.700000 0.066000 0.036000
14 0.782000 0.891000 0.044000 0.022000
9 0.770000 0.914000 0.048000 0.024000
9 0.767000 0.939000 0.042000 0.022000
9 0.736000 0.959000 0.048000 0.026000
11 0.529000 0.915000 0.098000 0.042000
11 0.389000 0.235000 0.098000 0.134000