1 0.754666 0.266666 0.013334 0.024000
2 0.777334 0.493334 0.058666 0.037334
2 0.726000 0.376666 0.044000 0.022666
2 0.780666 0.481334 0.038666 0.024000
1 0.573334 0.273334 0.010666 0.026666
4 0.646666 0.024666 0.024000 0.022666
1 0.718666 0.214000 0.018666 0.012000
1 0.746666 0.266666 0.013334 0.024000
2 0.740000 0.386000 0.077334 0.038666
2 0.735334 0.405334 0.092000 0.048000
2 0.448000 0.483334 0.010666 0.033334
2 0.453334 0.417334 0.021334 0.061334
2 0.464666 0.600000 0.017334 0.042666
2 0.458000 0.538666 0.025334 0.048000
2 0.460666 0.490666 0.014666 0.066666
2 0.472666 0.492666 0.022666 0.054666
2 0.492666 0.726666 0.028000 0.096000
2 0.476666 0.729334 0.030666 0.114666
2 0.542000 0.701334 0.022666 0.064000
2 0.527334 0.708666 0.030666 0.097334
2 0.510000 0.714000 0.036000 0.121334
2 0.496666 0.787334 0.041334 0.017334
2 0.492000 0.961334 0.010666 0.040000
2 0.486666 0.869334 0.026666 0.090666
2 0.504666 0.866000 0.025334 0.092000
2 0.814666 0.838666 0.045334 0.013334
2 0.807334 0.846000 0.025334 0.009334
2 0.818666 0.826666 0.042666 0.013334
2 0.822000 0.816000 0.041334 0.016000
2 0.834000 0.802666 0.065334 0.018666
2 0.820666 0.791334 0.038666 0.009334
2 0.718666 0.367334 0.053334 0.028000
2 0.770000 0.475334 0.054666 0.030666
2 0.761334 0.466000 0.061334 0.036000
2 0.486000 0.422000 0.030666 0.062666
2 0.466000 0.420666 0.030666 0.068000
2 0.750666 0.457334 0.066666 0.042666
2 0.740000 0.420666 0.077334 0.036000
36 0.469334 0.040000 0.242666 0.080000
36 0.066666 0.790000 0.090666 0.076000