14 0.114000 0.623000 0.052000 0.018000
9 0.193000 0.623000 0.046000 0.014000
14 0.250000 0.621000 0.040000 0.018000
9 0.269000 0.465000 0.034000 0.026000
9 0.267000 0.446000 0.042000 0.028000
9 0.274000 0.423000 0.044000 0.026000
14 0.364000 0.492000 0.048000 0.036000
9 0.369000 0.477000 0.046000 0.034000
9 0.414000 0.474000 0.048000 0.036000
14 0.365000 0.452000 0.046000 0.032000
14 0.367000 0.434000 0.042000 0.028000
14 0.413000 0.434000 0.046000 0.032000
14 0.415000 0.418000 0.042000 0.032000
14 0.361000 0.410000 0.042000 0.032000
14 0.365000 0.393000 0.042000 0.030000
9 0.369000 0.377000 0.042000 0.030000
14 0.371000 0.357000 0.046000 0.030000
14 0.413000 0.358000 0.046000 0.032000
14 0.372000 0.315000 0.040000 0.030000
12 0.272000 0.384000 0.048000 0.032000
14 0.268000 0.364000 0.036000 0.028000
14 0.268000 0.348000 0.036000 0.024000
14 0.270000 0.326000 0.044000 0.032000
9 0.271000 0.309000 0.038000 0.026000
9 0.272000 0.292000 0.040000 0.028000
14 0.273000 0.268000 0.042000 0.028000
14 0.402000 0.212000 0.024000 0.036000
14 0.447000 0.212000 0.022000 0.040000
33 0.562000 0.425000 0.104000 0.158000
33 0.700000 0.425000 0.100000 0.162000
33 0.837000 0.426000 0.102000 0.164000
31 0.974000 0.427000 0.052000 0.198000
14 0.999000 0.618000 0.002000 0.036000
14 0.982000 0.620000 0.036000 0.036000
14 0.952000 0.623000 0.040000 0.034000
14 0.918000 0.698000 0.056000 0.024000
35 0.749000 0.679000 0.114000 0.082000