14 0.376250 0.910000 0.052500 0.026666
14 0.365000 0.946666 0.060000 0.033334
12 0.263750 0.768334 0.037500 0.076666
12 0.020000 0.103334 0.030000 0.066666
14 0.316250 0.668334 0.057500 0.036666
12 0.003750 0.086666 0.007500 0.080000
14 0.326250 0.700000 0.062500 0.040000
9 0.342500 0.728334 0.055000 0.036666
12 0.352500 0.761666 0.060000 0.036666
9 0.357500 0.791666 0.075000 0.050000
14 0.357500 0.853334 0.060000 0.026666
14 0.366250 0.881666 0.057500 0.030000
12 0.295000 0.895000 0.040000 0.076666
12 0.301250 0.601666 0.077500 0.050000
14 0.253750 0.681666 0.047500 0.090000
14 0.235000 0.595000 0.040000 0.076666
12 0.163750 0.905000 0.067500 0.043334
14 0.161250 0.866666 0.072500 0.040000
12 0.137500 0.706666 0.060000 0.033334
9 0.130000 0.680000 0.055000 0.033334
12 0.123750 0.618334 0.067500 0.043334
12 0.123750 0.581666 0.062500 0.036666
12 0.116250 0.551666 0.067500 0.036666
12 0.110000 0.523334 0.065000 0.033334
12 0.116250 0.493334 0.072500 0.040000
14 0.112500 0.460000 0.070000 0.046666
12 0.307500 0.640000 0.075000 0.046666
12 0.143750 0.738334 0.072500 0.043334