35 0.468334 0.327500 0.230000 0.110000
9 0.430000 0.030000 0.026666 0.035000
9 0.431666 0.076250 0.036666 0.052500
9 0.426666 0.126250 0.033334 0.047500
14 0.473334 0.223750 0.033334 0.042500
14 0.856666 0.288750 0.086666 0.022500
9 0.525000 0.320000 0.070000 0.020000
12 0.030000 0.366250 0.059999 0.027500
14 0.150000 0.365000 0.106666 0.030000
14 0.425000 0.876250 0.030000 0.042500
14 0.423334 0.820000 0.033334 0.045000
9 0.426666 0.763750 0.033334 0.042500
14 0.421666 0.643750 0.043334 0.047500
14 0.428334 0.593750 0.043334 0.052500
11 0.431666 0.443750 0.043334 0.057500