14 0.523334 0.785000 0.080000 0.045000
9 0.611666 0.747500 0.070000 0.035000
9 0.696666 0.721250 0.080000 0.037500
9 0.793334 0.693750 0.066666 0.032500
12 0.763334 0.776250 0.093334 0.032500
12 0.873334 0.788750 0.093334 0.022500
11 0.916666 0.692500 0.100000 0.055000
14 0.878334 0.670000 0.076666 0.040000
12 0.960000 0.645000 0.080001 0.045000
14 0.996667 0.607500 0.006667 0.055000
14 0.485000 0.511250 0.056666 0.062500
12 0.463334 0.942500 0.046666 0.055000
9 0.326666 0.976250 0.073334 0.042500