9 0.814000 0.754000 0.016000 0.036000
9 0.799000 0.807000 0.018000 0.034000
9 0.805000 0.685000 0.026000 0.038000
9 0.827000 0.612000 0.018000 0.032000
14 0.799000 0.612000 0.014000 0.028000
14 0.765000 0.611000 0.014000 0.030000
9 0.664000 0.572000 0.016000 0.032000
9 0.581000 0.686000 0.038000 0.016000
9 0.698000 0.714000 0.044000 0.016000
9 0.703000 0.747000 0.042000 0.014000
14 0.582000 0.784000 0.036000 0.012000
14 0.982000 0.153000 0.032000 0.038000
9 0.960000 0.151000 0.028000 0.038000
9 0.882000 0.175000 0.040000 0.018000
9 0.982000 0.396000 0.036000 0.016000
9 0.937000 0.397000 0.038000 0.014000
9 0.858000 0.396000 0.044000 0.016000
14 0.723000 0.216000 0.022000 0.032000
9 0.759000 0.330000 0.042000 0.024000
9 0.772000 0.351000 0.040000 0.014000
9 0.725000 0.358000 0.042000 0.016000
14 0.687000 0.335000 0.030000 0.030000
14 0.667000 0.295000 0.026000 0.034000
9 0.541000 0.295000 0.042000 0.018000
9 0.534000 0.246000 0.032000 0.016000
9 0.529000 0.226000 0.046000 0.016000
14 0.382000 0.220000 0.016000 0.032000
14 0.317000 0.120000 0.018000 0.032000
9 0.922000 0.008000 0.036000 0.012000
9 0.867000 0.010000 0.038000 0.012000
9 0.819000 0.010000 0.038000 0.012000
9 0.754000 0.012000 0.048000 0.012000
14 0.702000 0.014000 0.040000 0.012000
9 0.654000 0.015000 0.044000 0.014000
9 0.560000 0.017000 0.044000 0.014000
9 0.461000 0.020000 0.038000 0.012000
9 0.192000 0.028000 0.036000 0.016000
9 0.001000 0.034000 0.002000 0.012000
14 0.398000 0.383000 0.040000 0.014000
14 0.175000 0.247000 0.014000 0.026000
9 0.106000 0.217000 0.016000 0.034000
9 0.109000 0.255000 0.014000 0.034000
9 0.171000 0.360000 0.018000 0.032000
9 0.106000 0.309000 0.020000 0.034000
14 0.175000 0.518000 0.018000 0.032000
9 0.177000 0.583000 0.018000 0.034000
9 0.176000 0.626000 0.016000 0.032000
9 0.113000 0.640000 0.018000 0.032000
9 0.023000 0.783000 0.046000 0.014000