14 0.725000 0.723334 0.030000 0.020000
9 0.190000 0.585000 0.020000 0.043334
17 0.166250 0.666666 0.032500 0.086666
12 0.196250 0.621666 0.027500 0.050000
14 0.305000 0.055000 0.050000 0.043334
12 0.281250 0.145000 0.062500 0.050000
9 0.260000 0.226666 0.065000 0.046666
12 0.240000 0.320000 0.065000 0.033334
14 0.226250 0.348334 0.052500 0.030000
9 0.387500 0.391666 0.030000 0.030000
9 0.382500 0.416666 0.025000 0.026666
12 0.590000 0.596666 0.045000 0.073334
14 0.686250 0.383334 0.037500 0.060000
12 0.718750 0.393334 0.037500 0.066666
14 0.745000 0.415000 0.050000 0.083334
14 0.773750 0.426666 0.037500 0.060000
12 0.807500 0.441666 0.040000 0.076666
14 0.837500 0.451666 0.040000 0.063334
12 0.805000 0.578334 0.060000 0.050000
9 0.788750 0.608334 0.052500 0.050000
14 0.840000 0.670000 0.055000 0.053334
11 0.772500 0.031667 0.035000 0.063333
12 0.810000 0.046666 0.030000 0.066666
14 0.841250 0.061666 0.027500 0.063334
14 0.876250 0.073334 0.027500 0.073334
9 0.332500 0.913334 0.045000 0.080000
14 0.223750 0.378334 0.057500 0.036666
12 0.255000 0.260000 0.065000 0.053334
12 0.267500 0.201666 0.065000 0.043334
12 0.273750 0.173334 0.067500 0.046666
14 0.290000 0.115000 0.060000 0.050000
14 0.297500 0.083334 0.060000 0.046666
14 0.318750 0.028334 0.062500 0.050000
12 0.565000 0.616666 0.045000 0.073334
12 0.605000 0.558334 0.040000 0.063334