35 0.056250 0.080000 0.112500 0.160000
14 0.048750 0.913334 0.022500 0.053334
14 0.046250 0.701666 0.027500 0.056666
14 0.046250 0.615000 0.037500 0.070000
9 0.050000 0.540000 0.025000 0.060000
9 0.082500 0.085000 0.065000 0.050000
9 0.387500 0.138334 0.065000 0.030000
14 0.325000 0.138334 0.055000 0.030000
12 0.755000 0.141666 0.080000 0.036666
14 0.862500 0.140000 0.080000 0.040000
14 0.520000 0.765000 0.020000 0.050000
14 0.510000 0.675000 0.045000 0.023334
14 0.517500 0.861666 0.025000 0.056666
14 0.613750 0.941666 0.047500 0.023334
14 0.607500 0.908334 0.040000 0.030000