12 0.800000 0.197000 0.036000 0.034000
14 0.831000 0.226000 0.034000 0.036000
9 0.199000 0.626000 0.034000 0.040000
14 0.259000 0.920000 0.030000 0.036000
9 0.307000 0.902000 0.034000 0.036000
14 0.323000 0.891000 0.030000 0.034000
12 0.619000 0.831000 0.034000 0.042000
9 0.596000 0.838000 0.032000 0.036000
14 0.555000 0.857000 0.034000 0.042000
9 0.534000 0.867000 0.036000 0.042000
9 0.514000 0.879000 0.040000 0.046000
14 0.306000 0.720000 0.036000 0.040000
9 0.387000 0.841000 0.030000 0.038000
9 0.538000 0.489000 0.028000 0.034000
9 0.564000 0.486000 0.036000 0.040000
14 0.692000 0.565000 0.032000 0.042000
14 0.591000 0.654000 0.042000 0.028000
9 0.606000 0.670000 0.044000 0.032000
9 0.624000 0.706000 0.040000 0.032000
14 0.660000 0.635000 0.028000 0.038000
9 0.651000 0.741000 0.042000 0.030000
9 0.907000 0.872000 0.034000 0.024000
12 0.415000 0.619000 0.038000 0.046000
9 0.474000 0.592000 0.036000 0.044000
9 0.394000 0.627000 0.036000 0.042000