14 0.975000 0.291250 0.043334 0.047500
9 0.958334 0.246250 0.043334 0.047500
14 0.918334 0.255000 0.050000 0.050000
14 0.868334 0.252500 0.056666 0.050000
9 0.845000 0.328750 0.063334 0.022500
9 0.835000 0.306250 0.056666 0.022500
9 0.666666 0.583750 0.080000 0.027500
9 0.616666 0.288750 0.053334 0.022500
14 0.611666 0.321250 0.063334 0.022500
9 0.616666 0.355000 0.073334 0.025000
14 0.398334 0.367500 0.070000 0.020000
14 0.388334 0.337500 0.070000 0.025000
14 0.218334 0.342500 0.036666 0.045000
9 0.171666 0.348750 0.050000 0.047500
9 0.055000 0.381250 0.083334 0.022500
9 0.966666 0.883750 0.066666 0.027500
9 0.965000 0.858750 0.070000 0.022500
9 0.895000 0.918750 0.036666 0.042500
9 0.878334 0.875000 0.043334 0.050000
9 0.810000 0.861250 0.040000 0.047500
9 0.455000 0.962500 0.043334 0.045000
9 0.510000 0.877500 0.073334 0.030000
9 0.303334 0.931250 0.080000 0.027500
9 0.298334 0.902500 0.070000 0.020000
9 0.175000 0.981250 0.043334 0.037500
14 0.295000 0.956250 0.070000 0.027500