11 0.608750 0.233334 0.097500 0.033334
12 0.197500 0.351666 0.070000 0.050000
12 0.221250 0.385000 0.057500 0.043334
9 0.207500 0.425000 0.055000 0.030000
12 0.213750 0.460000 0.067500 0.040000
9 0.211250 0.490000 0.062500 0.033334
12 0.223750 0.521666 0.062500 0.043334
9 0.228750 0.546666 0.062500 0.033334
14 0.242500 0.576666 0.055000 0.026666
9 0.237500 0.611666 0.065000 0.030000
9 0.245000 0.645000 0.060000 0.030000
12 0.251250 0.676666 0.067500 0.033334
9 0.345000 0.321666 0.060000 0.030000
9 0.358750 0.355000 0.052500 0.030000
9 0.360000 0.388334 0.065000 0.036666
12 0.371250 0.421666 0.067500 0.036666
12 0.413750 0.665000 0.037500 0.076666