14 0.606000 0.013000 0.028000 0.026000
9 0.628000 0.020000 0.032000 0.036000
9 0.650000 0.026000 0.032000 0.036000
12 0.668000 0.036000 0.028000 0.032000
9 0.645000 0.065000 0.030000 0.034000
9 0.624000 0.055000 0.032000 0.034000
14 0.606000 0.047000 0.028000 0.034000
9 0.586000 0.037000 0.028000 0.034000
14 0.567000 0.028000 0.034000 0.036000
9 0.546000 0.019000 0.032000 0.038000
14 0.784000 0.049000 0.036000 0.026000
14 0.262000 0.029000 0.028000 0.030000
9 0.299000 0.013000 0.026000 0.026000
14 0.280000 0.038000 0.028000 0.032000
9 0.298000 0.046000 0.032000 0.036000
14 0.325000 0.015000 0.030000 0.030000
14 0.342000 0.023000 0.028000 0.034000
9 0.360000 0.032000 0.028000 0.032000
14 0.381000 0.046000 0.034000 0.036000
14 0.402000 0.049000 0.032000 0.034000
14 0.437000 0.068000 0.030000 0.036000
9 0.478000 0.087000 0.028000 0.030000
14 0.497000 0.095000 0.030000 0.034000
9 0.518000 0.101000 0.028000 0.030000
14 0.533000 0.117000 0.030000 0.030000
14 0.550000 0.126000 0.028000 0.032000
9 0.574000 0.133000 0.032000 0.030000
9 0.593000 0.141000 0.026000 0.030000
9 0.510000 0.143000 0.036000 0.038000
9 0.492000 0.135000 0.032000 0.034000
9 0.473000 0.126000 0.034000 0.036000
9 0.457000 0.117000 0.034000 0.034000
14 0.415000 0.100000 0.034000 0.036000
14 0.394000 0.093000 0.032000 0.034000
9 0.377000 0.080000 0.030000 0.036000
9 0.358000 0.072000 0.028000 0.032000
14 0.337000 0.064000 0.034000 0.036000
14 0.321000 0.051000 0.030000 0.034000
9 0.247000 0.126000 0.034000 0.036000
9 0.270000 0.132000 0.028000 0.032000
9 0.290000 0.142000 0.032000 0.036000
9 0.309000 0.153000 0.030000 0.034000
14 0.343000 0.178000 0.030000 0.032000
14 0.364000 0.187000 0.028000 0.034000
9 0.388000 0.195000 0.028000 0.034000
9 0.431000 0.208000 0.030000 0.036000
9 0.779000 0.835000 0.042000 0.030000
14 0.760000 0.863000 0.040000 0.030000
14 0.730000 0.914000 0.040000 0.028000
12 0.723000 0.989000 0.030000 0.022000
14 0.742000 0.996000 0.028000 0.008000
14 0.781000 0.999000 0.030000 0.002000
9 0.893000 0.828000 0.026000 0.032000
14 0.935000 0.845000 0.030000 0.034000
9 0.991000 0.868000 0.018000 0.032000
14 0.995000 0.954000 0.010000 0.036000
14 0.960000 0.943000 0.024000 0.030000
14 0.939000 0.941000 0.030000 0.038000
14 0.899000 0.924000 0.026000 0.032000
9 0.523000 0.012000 0.022000 0.024000