9 0.954000 0.517000 0.044000 0.034000
9 0.900000 0.543000 0.044000 0.034000
9 0.856000 0.564000 0.044000 0.032000
9 0.813000 0.586000 0.046000 0.032000
9 0.445000 0.764000 0.042000 0.032000
9 0.229000 0.874000 0.042000 0.032000
14 0.180000 0.899000 0.048000 0.038000
9 0.133000 0.920000 0.038000 0.032000
9 0.086000 0.943000 0.040000 0.034000
30 0.906000 0.827000 0.188000 0.338000
12 0.138000 0.288000 0.020000 0.040000
12 0.104000 0.246000 0.060000 0.040000
12 0.086000 0.231000 0.052000 0.034000
9 0.085000 0.200000 0.034000 0.020000
11 0.155000 0.172000 0.034000 0.024000
9 0.098000 0.192000 0.032000 0.024000
9 0.179000 0.259000 0.042000 0.042000
12 0.200000 0.237000 0.044000 0.046000
12 0.231000 0.230000 0.042000 0.044000
12 0.253000 0.216000 0.042000 0.044000
18 0.287000 0.214000 0.022000 0.024000
12 0.300000 0.192000 0.040000 0.044000
12 0.325000 0.178000 0.042000 0.044000
9 0.354000 0.170000 0.032000 0.032000
12 0.383000 0.154000 0.042000 0.044000
18 0.369000 0.162000 0.026000 0.028000
12 0.408000 0.137000 0.044000 0.042000
9 0.437000 0.133000 0.026000 0.030000
9 0.454000 0.130000 0.032000 0.032000
11 0.469000 0.102000 0.046000 0.052000
11 0.485000 0.087000 0.042000 0.050000
11 0.520000 0.057000 0.068000 0.042000
11 0.574000 0.027000 0.076000 0.026000
12 0.543000 0.092000 0.030000 0.032000
12 0.198000 0.148000 0.028000 0.028000
12 0.217000 0.136000 0.030000 0.028000
14 0.252000 0.114000 0.040000 0.028000
13 0.693000 0.063000 0.038000 0.038000
9 0.744000 0.094000 0.044000 0.032000
14 0.902000 0.016000 0.044000 0.032000