2 0.054500 0.312500 0.075000 0.015000
2 0.128000 0.312500 0.064000 0.015000
2 0.202500 0.310500 0.071000 0.013000
2 0.123500 0.327500 0.069000 0.015000
2 0.203000 0.323500 0.070000 0.011000
2 0.268500 0.313500 0.043000 0.009000
2 0.268000 0.323500 0.046000 0.009000
2 0.270000 0.332500 0.040000 0.007000
2 0.315500 0.315500 0.033000 0.009000
2 0.317000 0.324000 0.044000 0.008000
2 0.363500 0.316000 0.029000 0.008000
2 0.365500 0.325000 0.039000 0.008000
2 0.319500 0.333000 0.043000 0.008000
2 0.319000 0.342000 0.044000 0.006000
2 0.395500 0.296500 0.021000 0.035000
5 0.766000 0.048000 0.106000 0.096000
4 0.976500 0.308500 0.041000 0.043000
7 0.922500 0.627000 0.131000 0.058000
1 0.131500 0.816000 0.031000 0.028000