1 0.138334 0.188750 0.076666 0.037500
1 0.241666 0.160000 0.103334 0.045000
1 0.233334 0.138750 0.086666 0.037500
1 0.166666 0.226250 0.046666 0.047500
1 0.201666 0.220000 0.050000 0.050000
1 0.263334 0.201250 0.053334 0.047500
1 0.293334 0.191250 0.060000 0.052500
1 0.331666 0.181250 0.043334 0.042500
1 0.358334 0.173750 0.036666 0.037500
1 0.311666 0.097500 0.063334 0.025000
1 0.290000 0.078750 0.060000 0.032500
1 0.275000 0.046250 0.070000 0.037500
1 0.441666 0.043750 0.083334 0.042500
1 0.525000 0.058750 0.070000 0.067500
1 0.565000 0.045000 0.063334 0.065000
1 0.603334 0.042500 0.060000 0.060000
1 0.036666 0.040000 0.053334 0.030000
1 0.050000 0.056250 0.053334 0.027500
1 0.063334 0.071250 0.053334 0.027500
1 0.126666 0.151250 0.053334 0.027500
1 0.106666 0.131250 0.053334 0.027500
1 0.093334 0.115000 0.053334 0.030000
1 0.083334 0.098750 0.053334 0.027500
1 0.140000 0.233750 0.046666 0.047500
1 0.030000 0.025000 0.053334 0.030000
1 0.473334 0.080000 0.060000 0.030000
1 0.478334 0.103750 0.063334 0.032500
1 0.438334 0.023750 0.063334 0.032500
1 0.220000 0.098750 0.066666 0.027500
1 0.215000 0.081250 0.050000 0.022500
1 0.281666 0.066250 0.050000 0.022500
1 0.511666 0.135000 0.056666 0.025000
1 0.488334 0.120000 0.056666 0.025000