35 0.227000 0.824000 0.110000 0.068000
35 0.506000 0.490000 0.068000 0.064000
35 0.817000 0.234000 0.074000 0.068000
35 0.781000 0.728000 0.082000 0.056000
9 0.031000 0.309000 0.038000 0.038000
14 0.042000 0.344000 0.016000 0.036000
14 0.125000 0.648000 0.030000 0.028000
14 0.154000 0.672000 0.032000 0.028000
14 0.170000 0.684000 0.028000 0.028000
14 0.183000 0.695000 0.034000 0.030000
14 0.159000 0.591000 0.034000 0.034000
14 0.169000 0.605000 0.038000 0.034000
14 0.182000 0.620000 0.036000 0.032000
14 0.194000 0.630000 0.040000 0.036000
14 0.208000 0.642000 0.040000 0.036000
9 0.235000 0.548000 0.038000 0.036000
14 0.225000 0.538000 0.034000 0.032000
14 0.248000 0.563000 0.036000 0.034000
14 0.275000 0.585000 0.030000 0.026000
14 0.305000 0.608000 0.034000 0.032000
14 0.380000 0.957000 0.036000 0.018000
14 0.381000 0.976000 0.038000 0.016000
14 0.368000 0.650000 0.024000 0.032000
14 0.399000 0.750000 0.022000 0.032000
14 0.376000 0.686000 0.024000 0.032000
14 0.395000 0.682000 0.026000 0.032000
14 0.414000 0.679000 0.028000 0.034000
14 0.431000 0.674000 0.026000 0.032000
14 0.452000 0.670000 0.024000 0.036000
14 0.469000 0.736000 0.026000 0.036000
14 0.486000 0.731000 0.024000 0.030000
14 0.319000 0.295000 0.042000 0.042000
14 0.379000 0.340000 0.042000 0.040000
14 0.408000 0.363000 0.036000 0.034000
14 0.423000 0.376000 0.034000 0.032000
14 0.438000 0.387000 0.040000 0.038000
14 0.467000 0.411000 0.034000 0.034000
9 0.337000 0.204000 0.042000 0.036000
9 0.457000 0.250000 0.038000 0.036000
9 0.474000 0.261000 0.036000 0.034000
9 0.501000 0.286000 0.042000 0.036000
9 0.516000 0.297000 0.040000 0.034000
14 0.381000 0.238000 0.034000 0.032000
14 0.439000 0.288000 0.038000 0.036000
14 0.482000 0.324000 0.032000 0.032000
14 0.413000 0.212000 0.038000 0.036000
14 0.426000 0.224000 0.032000 0.032000
14 0.443000 0.236000 0.038000 0.036000
14 0.488000 0.272000 0.036000 0.032000
9 0.521000 0.196000 0.042000 0.040000
9 0.550000 0.218000 0.040000 0.036000
9 0.565000 0.232000 0.042000 0.036000
14 0.490000 0.171000 0.040000 0.038000
14 0.505000 0.184000 0.038000 0.036000
14 0.537000 0.207000 0.038000 0.034000
14 0.582000 0.246000 0.036000 0.032000
9 0.599000 0.204000 0.038000 0.036000
14 0.614000 0.216000 0.036000 0.032000
9 0.679000 0.274000 0.038000 0.036000
14 0.651000 0.298000 0.034000 0.032000
14 0.662000 0.283000 0.036000 0.034000
14 0.691000 0.258000 0.038000 0.036000
14 0.708000 0.249000 0.040000 0.038000
11 0.741000 0.297000 0.054000 0.050000
14 0.800000 0.230000 0.040000 0.032000
14 0.701000 0.187000 0.042000 0.038000
14 0.671000 0.163000 0.034000 0.034000
9 0.640000 0.141000 0.040000 0.038000
14 0.549000 0.067000 0.038000 0.034000
14 0.581000 0.093000 0.038000 0.038000
14 0.596000 0.105000 0.036000 0.034000
14 0.610000 0.118000 0.036000 0.032000
14 0.952000 0.696000 0.028000 0.016000
11 0.740000 0.011000 0.040000 0.022000
14 0.853000 0.037000 0.034000 0.030000
14 0.866000 0.050000 0.036000 0.032000
14 0.894000 0.011000 0.036000 0.022000