18 0.998000 0.770000 0.004000 0.068000
18 0.985000 0.748000 0.030000 0.080000
18 0.996000 0.663000 0.008000 0.086000
18 0.970000 0.737000 0.060000 0.082000
18 0.948000 0.724000 0.068000 0.084000
18 0.982000 0.650000 0.036000 0.084000
11 0.987000 0.602000 0.026000 0.052000
18 0.965000 0.647000 0.042000 0.046000
18 0.938000 0.688000 0.040000 0.048000
18 0.908000 0.731000 0.044000 0.050000
18 0.888000 0.714000 0.048000 0.060000
18 0.918000 0.668000 0.048000 0.056000
18 0.949000 0.625000 0.050000 0.058000
18 0.976000 0.579000 0.048000 0.054000
18 0.863000 0.700000 0.058000 0.064000
18 0.908000 0.635000 0.052000 0.062000
18 0.938000 0.584000 0.052000 0.060000
18 0.973000 0.532000 0.054000 0.064000
18 0.862000 0.640000 0.048000 0.056000
18 0.830000 0.690000 0.052000 0.060000
18 0.806000 0.674000 0.052000 0.064000
18 0.843000 0.617000 0.054000 0.066000
18 0.885000 0.557000 0.058000 0.070000
18 0.880000 0.515000 0.060000 0.074000
18 0.832000 0.585000 0.064000 0.078000
18 0.785000 0.656000 0.062000 0.076000
18 0.802000 0.578000 0.052000 0.068000
18 0.760000 0.643000 0.064000 0.078000
18 0.791000 0.554000 0.034000 0.040000
11 0.771000 0.585000 0.038000 0.042000
11 0.748000 0.616000 0.036000 0.040000
11 0.725000 0.648000 0.034000 0.040000
18 0.703000 0.634000 0.042000 0.048000
18 0.730000 0.595000 0.040000 0.046000
18 0.755000 0.559000 0.038000 0.042000
18 0.780000 0.521000 0.044000 0.050000
18 0.717000 0.565000 0.050000 0.058000
18 0.682000 0.617000 0.052000 0.062000
18 0.686000 0.565000 0.040000 0.046000
18 0.658000 0.609000 0.048000 0.058000
18 0.730000 0.455000 0.044000 0.054000
18 0.700000 0.500000 0.044000 0.052000
18 0.668000 0.546000 0.052000 0.064000
18 0.635000 0.598000 0.050000 0.060000
18 0.619000 0.574000 0.066000 0.084000
18 0.668000 0.504000 0.060000 0.076000
18 0.716000 0.433000 0.056000 0.070000
18 0.683000 0.433000 0.054000 0.066000
18 0.630000 0.513000 0.052000 0.066000
18 0.590000 0.575000 0.052000 0.066000
18 0.571000 0.553000 0.062000 0.082000
18 0.618000 0.482000 0.064000 0.080000
18 0.665000 0.411000 0.066000 0.082000
18 0.307000 0.615000 0.062000 0.074000
18 0.262000 0.676000 0.060000 0.072000
18 0.259000 0.730000 0.054000 0.064000
18 0.221000 0.785000 0.054000 0.062000
18 0.198000 0.765000 0.060000 0.074000
18 0.170000 0.749000 0.064000 0.078000
18 0.218000 0.680000 0.068000 0.084000
18 0.269000 0.609000 0.070000 0.082000
18 0.239000 0.599000 0.066000 0.082000
18 0.187000 0.673000 0.066000 0.082000
18 0.141000 0.742000 0.058000 0.072000
18 0.205000 0.597000 0.066000 0.082000
18 0.180000 0.579000 0.064000 0.078000
18 0.131000 0.648000 0.070000 0.080000
18 0.156000 0.663000 0.064000 0.078000
18 0.084000 0.713000 0.064000 0.078000
18 0.112000 0.728000 0.060000 0.076000
18 0.084000 0.631000 0.052000 0.062000
18 0.043000 0.693000 0.070000 0.082000
13 0.088000 0.472000 0.036000 0.044000
14 0.033000 0.436000 0.034000 0.036000
13 0.042000 0.490000 0.028000 0.032000
11 0.045000 0.534000 0.070000 0.088000
14 0.824000 0.019000 0.024000 0.022000
14 0.748000 0.068000 0.044000 0.032000
14 0.738000 0.084000 0.040000 0.032000
14 0.729000 0.100000 0.042000 0.032000
14 0.715000 0.117000 0.042000 0.030000
11 0.403000 0.192000 0.098000 0.064000
11 0.147000 0.099000 0.094000 0.062000
13 0.562000 0.086000 0.064000 0.084000
11 0.026000 0.036000 0.040000 0.044000
11 0.048000 0.044000 0.040000 0.044000
11 0.068000 0.056000 0.040000 0.048000
13 0.315000 0.137000 0.098000 0.058000
13 0.354000 0.128000 0.056000 0.040000
13 0.393000 0.164000 0.054000 0.036000
11 0.490000 0.180000 0.044000 0.052000
11 0.516000 0.138000 0.040000 0.048000
11 0.516000 0.052000 0.064000 0.088000