9 0.013000 0.061000 0.026000 0.014000
9 0.073000 0.061000 0.046000 0.014000
14 0.130000 0.061000 0.044000 0.018000
12 0.627000 0.302000 0.046000 0.016000
14 0.457000 0.217000 0.018000 0.030000
9 0.059000 0.288000 0.018000 0.036000
14 0.146000 0.290000 0.052000 0.016000
9 0.014000 0.375000 0.016000 0.030000
9 0.097000 0.410000 0.018000 0.032000
14 0.011000 0.466000 0.014000 0.036000
14 0.087000 0.537000 0.014000 0.034000
9 0.232000 0.708000 0.040000 0.012000
9 0.189000 0.928000 0.042000 0.012000
14 0.586000 0.468000 0.044000 0.012000
9 0.690000 0.393000 0.012000 0.030000
14 0.554000 0.689000 0.040000 0.014000
12 0.687000 0.596000 0.018000 0.036000
9 0.686000 0.640000 0.016000 0.036000
9 0.616000 0.929000 0.040000 0.014000
14 0.604000 0.949000 0.048000 0.014000
14 0.850000 0.950000 0.036000 0.012000
14 0.768000 0.401000 0.016000 0.026000