7 0.894500 0.765000 0.063000 0.290000
6 0.401000 0.673000 0.024000 0.116000
6 0.370500 0.617500 0.027000 0.115000
6 0.365000 0.730500 0.022000 0.087000
6 0.346500 0.624500 0.057000 0.059000
6 0.319000 0.547500 0.058000 0.031000
6 0.319500 0.534000 0.053000 0.028000
6 0.270500 0.548500 0.021000 0.067000
6 0.257500 0.544500 0.021000 0.069000
6 0.245500 0.541500 0.017000 0.053000
6 0.243000 0.638500 0.026000 0.101000
6 0.260500 0.653000 0.021000 0.086000
6 0.278000 0.652000 0.026000 0.116000
7 0.042500 0.483000 0.059000 0.242000