6 0.698000 0.681000 0.124000 0.094000
6 0.702000 0.661000 0.104000 0.078000
6 0.203000 0.426000 0.210000 0.164000
6 0.223000 0.392000 0.250000 0.184000
6 0.742000 0.575000 0.216000 0.166000
7 0.214000 0.335000 0.192000 0.146000
7 0.720000 0.608000 0.236000 0.168000
7 0.064000 0.135000 0.092000 0.070000
7 0.105000 0.096000 0.122000 0.088000
7 0.085000 0.117000 0.130000 0.090000
4 0.197000 0.163000 0.062000 0.054000
4 0.210000 0.171000 0.060000 0.062000
4 0.237000 0.175000 0.118000 0.106000
2 0.733000 0.527000 0.138000 0.098000
7 0.281000 0.313000 0.266000 0.210000
3 0.453000 0.348000 0.074000 0.056000
7 0.926000 0.676000 0.140000 0.044000
7 0.928000 0.632000 0.140000 0.044000