35 0.179000 0.540000 0.042000 0.044000
35 0.448000 0.548000 0.056000 0.080000
9 0.481000 0.012000 0.018000 0.024000
9 0.482000 0.058000 0.012000 0.020000
14 0.501000 0.064000 0.014000 0.028000
13 0.537000 0.007000 0.014000 0.014000
9 0.503000 0.199000 0.022000 0.034000
9 0.548000 0.200000 0.012000 0.036000
9 0.508000 0.264000 0.020000 0.032000
9 0.490000 0.289000 0.032000 0.014000
9 0.469000 0.324000 0.034000 0.032000
9 0.462000 0.340000 0.028000 0.028000
9 0.454000 0.358000 0.028000 0.024000
14 0.434000 0.399000 0.028000 0.014000
14 0.424000 0.445000 0.028000 0.010000
9 0.526000 0.436000 0.032000 0.012000
11 0.526000 0.454000 0.044000 0.012000
9 0.726000 0.418000 0.016000 0.032000
9 0.969000 0.375000 0.014000 0.026000
9 0.738000 0.509000 0.012000 0.026000
9 0.372000 0.513000 0.036000 0.010000
13 0.411000 0.563000 0.014000 0.030000
14 0.392000 0.563000 0.012000 0.022000
9 0.372000 0.559000 0.012000 0.018000
9 0.115000 0.629000 0.038000 0.018000
9 0.091000 0.587000 0.018000 0.030000
9 0.030000 0.586000 0.016000 0.024000
13 0.008000 0.589000 0.012000 0.018000
13 0.230000 0.387000 0.012000 0.022000
9 0.237000 0.324000 0.014000 0.028000
14 0.258000 0.326000 0.012000 0.028000
13 0.278000 0.273000 0.016000 0.026000
13 0.300000 0.272000 0.012000 0.016000
9 0.105000 0.260000 0.014000 0.028000
12 0.126000 0.263000 0.016000 0.034000
14 0.166000 0.245000 0.028000 0.010000
14 0.164000 0.279000 0.036000 0.010000
9 0.079000 0.121000 0.018000 0.030000
9 0.711000 0.190000 0.018000 0.024000
9 0.731000 0.183000 0.018000 0.030000
9 0.752000 0.181000 0.020000 0.030000
9 0.769000 0.179000 0.018000 0.030000
9 0.794000 0.177000 0.016000 0.026000
9 0.814000 0.174000 0.016000 0.028000
9 0.854000 0.167000 0.016000 0.026000
9 0.875000 0.165000 0.018000 0.026000
13 0.918000 0.161000 0.016000 0.026000
13 0.935000 0.157000 0.014000 0.026000
13 0.979000 0.152000 0.018000 0.028000
13 0.097000 0.828000 0.014000 0.028000
9 0.193000 0.854000 0.014000 0.028000
9 0.212000 0.855000 0.016000 0.030000
14 0.440000 0.815000 0.032000 0.014000
14 0.436000 0.847000 0.036000 0.014000
13 0.434000 0.865000 0.044000 0.014000
14 0.446000 0.954000 0.028000 0.008000
9 0.539000 0.933000 0.018000 0.034000
9 0.559000 0.930000 0.014000 0.028000
9 0.502000 0.945000 0.032000 0.018000
9 0.600000 0.922000 0.012000 0.020000
13 0.899000 0.887000 0.030000 0.014000
9 0.302000 0.557000 0.040000 0.014000
9 0.177000 0.135000 0.034000 0.014000