9 0.575000 0.988334 0.045000 0.016666
9 0.845000 0.801666 0.040000 0.050000
9 0.852500 0.765000 0.040000 0.016666
14 0.852500 0.721666 0.045000 0.043334
14 0.912500 0.701666 0.050000 0.023334
14 0.970000 0.701666 0.055000 0.023334
9 0.990000 0.655000 0.020000 0.016666
14 0.918750 0.656666 0.042500 0.020000
14 0.853750 0.653334 0.037500 0.020000
9 0.575000 0.838334 0.050000 0.023334
12 0.663750 0.768334 0.022500 0.063334
14 0.755000 0.480000 0.020000 0.060000
9 0.668750 0.451666 0.022500 0.056666
14 0.946250 0.121666 0.052500 0.023334
9 0.897500 0.026666 0.045000 0.026666
9 0.038750 0.531666 0.042500 0.016666
9 0.040000 0.403334 0.035000 0.020000