12 0.179000 0.716000 0.054000 0.016000
14 0.434000 0.235000 0.016000 0.034000
14 0.344000 0.370000 0.028000 0.012000
14 0.461000 0.363000 0.022000 0.042000
14 0.432000 0.363000 0.024000 0.042000
14 0.345000 0.386000 0.030000 0.012000
9 0.344000 0.260000 0.068000 0.024000
14 0.597000 0.378000 0.014000 0.032000
9 0.623000 0.381000 0.018000 0.034000
14 0.645000 0.382000 0.018000 0.032000
14 0.666000 0.385000 0.020000 0.034000
14 0.715000 0.370000 0.034000 0.012000
9 0.713000 0.391000 0.046000 0.018000
9 0.755000 0.370000 0.038000 0.012000
14 0.726000 0.415000 0.036000 0.014000
9 0.673000 0.435000 0.034000 0.018000
14 0.673000 0.416000 0.038000 0.016000
11 0.776000 0.414000 0.048000 0.020000
14 0.803000 0.388000 0.038000 0.012000
14 0.798000 0.370000 0.036000 0.016000
14 0.791000 0.504000 0.050000 0.016000
9 0.690000 0.504000 0.040000 0.016000
9 0.749000 0.559000 0.018000 0.034000
14 0.658000 0.565000 0.020000 0.034000
14 0.639000 0.561000 0.018000 0.030000
14 0.619000 0.562000 0.014000 0.028000
14 0.595000 0.561000 0.018000 0.030000
14 0.529000 0.595000 0.014000 0.026000
14 0.525000 0.642000 0.018000 0.028000
14 0.528000 0.618000 0.016000 0.020000
13 0.036000 0.022000 0.020000 0.044000