9 0.913000 0.094000 0.018000 0.032000
14 0.973000 0.239000 0.018000 0.030000
14 0.949000 0.244000 0.014000 0.032000
9 0.924000 0.252000 0.016000 0.032000
9 0.011000 0.805000 0.022000 0.018000
14 0.233000 0.093000 0.014000 0.034000
9 0.279000 0.092000 0.014000 0.032000
9 0.302000 0.092000 0.016000 0.028000
14 0.326000 0.093000 0.016000 0.030000
14 0.348000 0.092000 0.016000 0.032000
14 0.372000 0.090000 0.016000 0.032000
9 0.420000 0.088000 0.016000 0.032000
14 0.465000 0.160000 0.018000 0.040000
9 0.443000 0.162000 0.014000 0.028000
9 0.418000 0.166000 0.016000 0.032000
9 0.444000 0.201000 0.012000 0.030000
9 0.469000 0.200000 0.014000 0.032000
14 0.419000 0.204000 0.014000 0.032000
9 0.374000 0.167000 0.016000 0.038000
14 0.377000 0.210000 0.018000 0.032000
9 0.306000 0.205000 0.016000 0.034000
9 0.283000 0.169000 0.018000 0.034000
9 0.260000 0.165000 0.016000 0.034000
14 0.239000 0.204000 0.014000 0.028000
14 0.192000 0.208000 0.020000 0.040000
9 0.189000 0.170000 0.014000 0.032000
12 0.204000 0.272000 0.052000 0.032000
9 0.564000 0.359000 0.040000 0.018000
11 0.432000 0.438000 0.072000 0.020000
9 0.008000 0.372000 0.016000 0.016000
14 0.465000 0.089000 0.014000 0.030000