12 0.683000 0.634000 0.050000 0.028000
14 0.486000 0.614000 0.048000 0.016000
14 0.496000 0.539000 0.052000 0.018000
14 0.491000 0.518000 0.046000 0.024000
14 0.488000 0.494000 0.056000 0.024000
12 0.433000 0.416000 0.042000 0.048000
12 0.378000 0.465000 0.024000 0.038000
14 0.345000 0.464000 0.022000 0.040000
14 0.312000 0.468000 0.028000 0.040000
14 0.280000 0.467000 0.028000 0.042000
14 0.219000 0.471000 0.026000 0.034000
14 0.190000 0.472000 0.024000 0.048000
14 0.068000 0.567000 0.060000 0.026000
14 0.111000 0.471000 0.026000 0.046000
31 0.420000 0.672000 0.136000 0.192000