14 0.991000 0.224000 0.018000 0.028000
9 0.909000 0.140000 0.034000 0.028000
14 0.758000 0.175000 0.044000 0.030000
11 0.850000 0.288000 0.064000 0.044000
11 0.674000 0.239000 0.096000 0.062000
11 0.737000 0.312000 0.102000 0.060000
10 0.582000 0.309000 0.092000 0.054000
15 0.632000 0.387000 0.092000 0.058000
9 0.434000 0.349000 0.036000 0.026000
14 0.420000 0.421000 0.036000 0.026000
11 0.260000 0.391000 0.072000 0.046000
15 0.295000 0.506000 0.098000 0.060000
11 0.113000 0.486000 0.074000 0.044000
15 0.145000 0.542000 0.130000 0.072000
12 0.073000 0.530000 0.074000 0.048000