9 0.615000 0.174000 0.018000 0.040000
14 0.741000 0.078000 0.026000 0.044000
14 0.855000 0.149000 0.018000 0.038000
12 0.971000 0.086000 0.018000 0.040000
9 0.980000 0.136000 0.040000 0.020000
9 0.978000 0.154000 0.044000 0.020000
9 0.978000 0.175000 0.044000 0.018000
12 0.062000 0.559000 0.048000 0.014000
12 0.005000 0.615000 0.010000 0.042000
12 0.025000 0.625000 0.026000 0.042000
18 0.208000 0.629000 0.128000 0.026000
12 0.372000 0.524000 0.028000 0.044000
12 0.424000 0.527000 0.024000 0.038000
12 0.337000 0.521000 0.026000 0.038000
14 0.786000 0.649000 0.020000 0.042000
11 0.829000 0.536000 0.038000 0.020000