7 0.952000 0.875000 0.096000 0.170000
7 0.481000 0.838000 0.158000 0.204000
7 0.501000 0.802000 0.142000 0.188000
7 0.536000 0.799000 0.140000 0.182000
7 0.561000 0.770000 0.138000 0.180000
7 0.584000 0.747000 0.132000 0.178000
7 0.620000 0.734000 0.140000 0.184000
5 0.355000 0.929000 0.182000 0.142000
3 0.366000 0.906000 0.072000 0.088000
5 0.743000 0.654000 0.146000 0.264000
3 0.726000 0.714000 0.060000 0.100000
5 0.958000 0.607000 0.084000 0.206000
3 0.944000 0.633000 0.048000 0.078000
3 0.921000 0.556000 0.042000 0.068000
7 0.017000 0.750000 0.034000 0.120000
7 0.003000 0.269000 0.006000 0.246000
7 0.023000 0.269000 0.046000 0.234000
7 0.029000 0.227000 0.058000 0.206000
7 0.046000 0.223000 0.092000 0.202000
7 0.063000 0.200000 0.118000 0.224000
5 0.329000 0.343000 0.186000 0.238000
2 0.290000 0.356000 0.104000 0.132000
3 0.324000 0.269000 0.068000 0.086000
2 0.544000 0.149000 0.036000 0.186000
2 0.571000 0.143000 0.022000 0.094000