9 0.856666 0.210000 0.033334 0.040000
12 0.808334 0.103750 0.076666 0.017500
9 0.938334 0.740000 0.083334 0.025000
9 0.386666 0.765000 0.026666 0.055000
13 0.346666 0.760000 0.046666 0.060000
13 0.300000 0.752500 0.040000 0.060000
12 0.260000 0.837500 0.046666 0.050000
12 0.243334 0.768750 0.046666 0.057500
12 0.298334 0.571250 0.076666 0.022500
13 0.185000 0.278750 0.050000 0.067500
12 0.030000 0.322500 0.046666 0.055000
12 0.125000 0.272500 0.043334 0.050000
9 0.230000 0.180000 0.066666 0.025000
14 0.346666 0.080000 0.033334 0.050000
9 0.476666 0.098750 0.073334 0.022500
9 0.420000 0.066250 0.033334 0.042500
13 0.131666 0.760000 0.063334 0.145000