14 0.041000 0.570000 0.054000 0.020000
14 0.065000 0.745000 0.014000 0.026000
12 0.058000 0.808000 0.020000 0.040000
14 0.059000 0.877000 0.014000 0.030000
14 0.492000 0.548000 0.016000 0.040000
14 0.054000 0.185000 0.020000 0.034000
9 0.111000 0.201000 0.018000 0.034000
14 0.113000 0.163000 0.018000 0.034000
9 0.977000 0.482000 0.030000 0.036000
14 0.812000 0.566000 0.036000 0.040000
9 0.772000 0.585000 0.036000 0.038000
14 0.933000 0.402000 0.034000 0.036000
14 0.873000 0.434000 0.030000 0.036000
9 0.761000 0.491000 0.046000 0.050000
14 0.864000 0.213000 0.044000 0.030000
14 0.787000 0.244000 0.050000 0.036000
9 0.797000 0.852000 0.042000 0.020000
12 0.799000 0.873000 0.046000 0.018000
14 0.494000 0.931000 0.016000 0.030000
9 0.224000 0.815000 0.020000 0.038000
9 0.310000 0.811000 0.020000 0.034000
14 0.024000 0.531000 0.044000 0.030000
14 0.033000 0.511000 0.038000 0.034000
14 0.090000 0.523000 0.036000 0.038000
14 0.115000 0.521000 0.042000 0.046000
14 0.319000 0.462000 0.038000 0.020000
14 0.371000 0.462000 0.042000 0.020000
9 0.421000 0.374000 0.018000 0.036000
14 0.422000 0.417000 0.016000 0.034000
14 0.420000 0.213000 0.016000 0.030000
14 0.489000 0.147000 0.018000 0.034000
14 0.490000 0.188000 0.020000 0.032000
14 0.496000 0.408000 0.020000 0.040000
9 0.497000 0.264000 0.014000 0.028000
14 0.497000 0.288000 0.014000 0.020000
9 0.269000 0.062000 0.038000 0.016000
12 0.188000 0.064000 0.044000 0.020000
14 0.077000 0.065000 0.042000 0.018000
14 0.170000 0.116000 0.036000 0.016000
14 0.227000 0.117000 0.038000 0.018000
9 0.296000 0.116000 0.036000 0.016000
14 0.465000 0.027000 0.022000 0.038000