8 0.062000 0.962000 0.118666 0.025334
8 0.061334 0.938666 0.117334 0.021334
8 0.204000 0.940666 0.146666 0.022666
8 0.623334 0.976000 0.105334 0.018666
8 0.747334 0.953334 0.100000 0.018666
8 0.740000 0.936000 0.098666 0.016000
8 0.741334 0.920000 0.069334 0.013334
8 0.620666 0.958666 0.105334 0.016000
8 0.625334 0.940666 0.109334 0.017334
8 0.626666 0.922666 0.088000 0.016000
8 0.517334 0.956666 0.098666 0.020000
8 0.514666 0.939334 0.109334 0.017334
8 0.528666 0.923334 0.076000 0.014666
8 0.205334 0.987334 0.146666 0.025333
8 0.206000 0.962666 0.153334 0.024000
3 0.808666 0.886000 0.030666 0.068000
4 0.653334 0.881334 0.048000 0.010666
4 0.574666 0.881334 0.050666 0.010666