14 0.054000 0.649000 0.040000 0.018000
14 0.134000 0.709000 0.040000 0.014000
12 0.050000 0.715000 0.048000 0.018000
14 0.002000 0.724000 0.004000 0.016000
14 0.006000 0.335000 0.012000 0.030000
9 0.051000 0.391000 0.038000 0.018000
14 0.101000 0.343000 0.014000 0.034000
11 0.052000 0.295000 0.056000 0.022000
9 0.124000 0.365000 0.016000 0.034000
9 0.124000 0.325000 0.016000 0.030000
9 0.199000 0.354000 0.030000 0.016000
9 0.199000 0.379000 0.030000 0.018000
9 0.226000 0.372000 0.016000 0.036000
9 0.219000 0.401000 0.038000 0.022000
9 0.092000 0.948000 0.020000 0.036000
12 0.114000 0.946000 0.016000 0.040000
9 0.112000 0.908000 0.012000 0.028000
14 0.135000 0.947000 0.014000 0.030000
9 0.137000 0.911000 0.014000 0.030000
9 0.044000 0.187000 0.036000 0.014000
14 0.126000 0.023000 0.016000 0.030000
14 0.125000 0.071000 0.014000 0.030000
9 0.127000 0.174000 0.018000 0.040000
14 0.245000 0.192000 0.038000 0.012000
9 0.247000 0.208000 0.038000 0.016000
9 0.243000 0.224000 0.034000 0.012000
9 0.301000 0.014000 0.014000 0.028000
14 0.300000 0.047000 0.016000 0.034000
14 0.297000 0.083000 0.014000 0.030000
9 0.299000 0.126000 0.018000 0.036000
14 0.356000 0.061000 0.016000 0.030000
9 0.357000 0.103000 0.014000 0.034000
14 0.357000 0.250000 0.014000 0.032000
9 0.298000 0.329000 0.012000 0.034000
9 0.357000 0.368000 0.022000 0.040000
9 0.297000 0.379000 0.014000 0.034000
9 0.298000 0.490000 0.012000 0.032000
9 0.356000 0.520000 0.016000 0.032000
9 0.301000 0.812000 0.018000 0.032000
14 0.356000 0.843000 0.016000 0.038000
9 0.301000 0.936000 0.018000 0.040000
12 0.354000 0.947000 0.020000 0.042000
9 0.355000 0.988000 0.014000 0.024000
9 0.471000 0.679000 0.038000 0.014000
9 0.582000 0.666000 0.036000 0.012000
9 0.673000 0.668000 0.038000 0.016000
14 0.636000 0.601000 0.036000 0.014000
14 0.464000 0.152000 0.032000 0.012000
9 0.469000 0.188000 0.038000 0.016000
9 0.673000 0.184000 0.018000 0.032000
9 0.702000 0.179000 0.016000 0.030000
9 0.729000 0.172000 0.014000 0.028000
9 0.774000 0.139000 0.040000 0.014000
9 0.782000 0.113000 0.048000 0.014000
14 0.776000 0.091000 0.036000 0.014000
9 0.959000 0.103000 0.038000 0.018000
9 0.995000 0.036000 0.010000 0.036000
14 0.501000 0.310000 0.038000 0.016000
9 0.497000 0.332000 0.042000 0.012000
9 0.699000 0.245000 0.038000 0.014000
9 0.700000 0.263000 0.032000 0.014000
9 0.702000 0.284000 0.040000 0.016000
9 0.701000 0.300000 0.038000 0.016000
9 0.703000 0.316000 0.038000 0.012000
14 0.702000 0.336000 0.040000 0.016000
14 0.699000 0.357000 0.034000 0.014000
9 0.698000 0.373000 0.040000 0.014000
9 0.849000 0.217000 0.042000 0.014000
9 0.971000 0.283000 0.038000 0.018000
14 0.975000 0.303000 0.038000 0.018000
14 0.977000 0.362000 0.034000 0.012000
14 0.407000 0.874000 0.014000 0.032000
9 0.439000 0.924000 0.038000 0.020000
14 0.439000 0.944000 0.042000 0.028000
14 0.520000 0.964000 0.016000 0.028000
14 0.538000 0.967000 0.012000 0.038000
14 0.640000 0.950000 0.016000 0.028000
9 0.703000 0.914000 0.034000 0.016000
14 0.699000 0.931000 0.034000 0.014000
14 0.704000 0.951000 0.032000 0.014000
35 0.331000 0.659000 0.142000 0.106000