14 0.445000 0.993000 0.034000 0.014000
9 0.454000 0.949000 0.036000 0.014000
14 0.239000 0.938000 0.030000 0.012000
14 0.192000 0.833000 0.048000 0.030000
9 0.127000 0.660000 0.038000 0.016000
14 0.186000 0.659000 0.036000 0.014000
14 0.240000 0.661000 0.044000 0.014000
12 0.384000 0.661000 0.048000 0.014000
9 0.299000 0.644000 0.038000 0.012000
9 0.452000 0.659000 0.048000 0.014000
9 0.540000 0.657000 0.036000 0.014000
14 0.588000 0.657000 0.044000 0.010000
14 0.932000 0.172000 0.044000 0.016000
9 0.834000 0.234000 0.032000 0.036000
9 0.812000 0.225000 0.028000 0.030000
9 0.838000 0.197000 0.036000 0.034000
9 0.778000 0.073000 0.040000 0.018000
9 0.896000 0.027000 0.024000 0.042000
14 0.898000 0.003000 0.020000 0.006000
9 0.392000 0.242000 0.040000 0.036000
12 0.427000 0.219000 0.038000 0.042000
14 0.203000 0.124000 0.038000 0.024000
9 0.189000 0.105000 0.042000 0.022000
12 0.278000 0.039000 0.020000 0.038000
9 0.352000 0.008000 0.016000 0.016000
14 0.979000 0.658000 0.042000 0.016000
9 0.973000 0.731000 0.042000 0.018000
9 0.176000 0.072000 0.044000 0.020000
14 0.776000 0.439000 0.016000 0.030000