9 0.645000 0.040000 0.026000 0.040000
9 0.924000 0.216000 0.020000 0.040000
9 0.824000 0.272000 0.044000 0.016000
14 0.769000 0.165000 0.022000 0.034000
9 0.694000 0.275000 0.044000 0.018000
9 0.448000 0.136000 0.020000 0.032000
9 0.428000 0.045000 0.024000 0.038000
9 0.372000 0.084000 0.024000 0.036000
14 0.387000 0.163000 0.026000 0.038000
35 0.450000 0.306000 0.108000 0.108000
9 0.245000 0.245000 0.046000 0.030000
9 0.265000 0.289000 0.042000 0.018000
9 0.500000 0.391000 0.024000 0.034000
9 0.719000 0.807000 0.034000 0.014000
9 0.717000 0.789000 0.034000 0.018000
9 0.711000 0.754000 0.038000 0.020000
9 0.713000 0.773000 0.030000 0.018000
9 0.732000 0.824000 0.036000 0.020000
14 0.745000 0.914000 0.038000 0.016000
9 0.732000 0.863000 0.048000 0.022000
9 0.737000 0.881000 0.042000 0.022000
14 0.729000 0.843000 0.046000 0.022000
9 0.705000 0.733000 0.046000 0.018000
14 0.698000 0.715000 0.044000 0.018000
14 0.550000 0.605000 0.024000 0.034000
14 0.541000 0.570000 0.022000 0.036000
9 0.519000 0.615000 0.022000 0.038000
9 0.496000 0.638000 0.024000 0.040000
14 0.129000 0.548000 0.038000 0.020000
14 0.373000 0.704000 0.046000 0.016000
14 0.260000 0.719000 0.044000 0.022000
9 0.210000 0.742000 0.044000 0.020000
9 0.318000 0.812000 0.048000 0.024000
14 0.067000 0.856000 0.022000 0.036000
9 0.019000 0.858000 0.026000 0.044000
9 0.006000 0.863000 0.012000 0.038000