7 0.227000 0.115000 0.074000 0.050000
7 0.316000 0.163000 0.080000 0.054000
7 0.153000 0.143000 0.050000 0.070000
7 0.098000 0.292000 0.060000 0.096000
7 0.079000 0.284000 0.058000 0.088000
7 0.091000 0.421000 0.086000 0.062000
1 0.204000 0.467000 0.036000 0.026000
7 0.199000 0.482000 0.090000 0.052000
7 0.324000 0.542000 0.084000 0.064000
7 0.522000 0.623000 0.084000 0.058000
7 0.511000 0.642000 0.098000 0.064000
7 0.694000 0.648000 0.052000 0.080000
7 0.769000 0.517000 0.058000 0.082000
7 0.601000 0.372000 0.086000 0.056000
7 0.613000 0.352000 0.074000 0.048000
7 0.635000 0.323000 0.082000 0.058000
7 0.624000 0.339000 0.080000 0.058000
7 0.694000 0.417000 0.084000 0.054000
7 0.708000 0.402000 0.080000 0.052000
7 0.713000 0.384000 0.086000 0.052000
7 0.729000 0.370000 0.062000 0.040000