0 0.934666 0.103334 0.056000 0.044000
7 0.927334 0.140666 0.060000 0.046666
7 0.833334 0.146000 0.080000 0.065334
7 0.852000 0.156000 0.064000 0.053334
0 0.697334 0.246000 0.050666 0.038666
2 0.672666 0.268000 0.036000 0.026666
6 0.568000 0.292666 0.082666 0.060000
7 0.586666 0.306666 0.085334 0.058666
7 0.604666 0.315334 0.094666 0.065334
6 0.478666 0.350000 0.114666 0.084000
6 0.505334 0.367334 0.112000 0.078666
5 0.412666 0.418000 0.084000 0.046666
7 0.610000 0.349334 0.070666 0.050666
6 0.449334 0.441334 0.106666 0.074666
7 0.510666 0.442000 0.240000 0.145334
7 0.732000 0.738666 0.090666 0.106666
7 0.759334 0.747334 0.078666 0.092000
7 0.623334 0.724000 0.065334 0.112000
7 0.654000 0.731334 0.065334 0.110666
7 0.688666 0.734666 0.070666 0.120000
7 0.526000 0.852666 0.052000 0.073334
7 0.546666 0.856666 0.050666 0.078666
7 0.565334 0.860000 0.050666 0.080000
7 0.644000 0.916000 0.066666 0.090666
3 0.230666 0.910666 0.048000 0.061334
5 0.370666 0.872000 0.061334 0.082666
0 0.370000 0.918000 0.068000 0.014666
5 0.358000 0.934666 0.057334 0.026666
2 0.348000 0.970666 0.058666 0.013334
4 0.362000 0.987334 0.089334 0.025333
7 0.014667 0.980666 0.029333 0.038666
7 0.070666 0.848666 0.053334 0.060000
7 0.094666 0.848666 0.050666 0.057334
7 0.111334 0.854666 0.046666 0.050666
7 0.134000 0.860666 0.062666 0.057334
7 0.141334 0.874666 0.056000 0.050666
7 0.008001 0.840000 0.016001 0.056000
7 0.006667 0.789334 0.013333 0.058666
7 0.019333 0.795334 0.038666 0.054666