2 0.840000 0.121250 0.026666 0.062500
2 0.820000 0.120000 0.026666 0.055000
2 0.798334 0.122500 0.036666 0.065000
2 0.780000 0.130000 0.033334 0.050000
2 0.765000 0.136250 0.030000 0.062500
2 0.745000 0.145000 0.043334 0.065000
2 0.720000 0.151250 0.060000 0.072500
2 0.675000 0.153750 0.050000 0.052500
2 0.698334 0.155000 0.050000 0.040000
2 0.593334 0.017500 0.066666 0.035000
2 0.616666 0.025000 0.093334 0.050000
2 0.625000 0.040000 0.083334 0.060000
2 0.636666 0.050000 0.093334 0.050000
2 0.641666 0.070000 0.076666 0.040000
2 0.653334 0.085000 0.080000 0.040000
2 0.678334 0.092500 0.090000 0.040000
2 0.536666 0.161250 0.080000 0.052500
2 0.550000 0.177500 0.093334 0.060000
2 0.570000 0.188750 0.073334 0.052500
2 0.586666 0.198750 0.053334 0.047500
2 0.598334 0.213750 0.063334 0.062500
2 0.613334 0.231250 0.060000 0.062500
2 0.665000 0.245000 0.050000 0.055000
2 0.646666 0.250000 0.060000 0.060000
2 0.383334 0.166250 0.106666 0.057500
2 0.388334 0.185000 0.090000 0.045000
2 0.395000 0.205000 0.110000 0.060000
2 0.475000 0.232500 0.056666 0.060000
2 0.371666 0.337500 0.056666 0.050000
2 0.338334 0.267500 0.056666 0.065000
2 0.388334 0.322500 0.056666 0.045000
2 0.410000 0.321250 0.033334 0.042500
2 0.428334 0.320000 0.036666 0.045000
2 0.445000 0.311250 0.050000 0.057500
2 0.410000 0.396250 0.073334 0.062500
2 0.428334 0.390000 0.063334 0.065000
2 0.445000 0.381250 0.063334 0.052500
2 0.498334 0.351250 0.036666 0.047500
2 0.295000 0.282500 0.063334 0.060000
2 0.176666 0.276250 0.100000 0.082500
2 0.248334 0.333750 0.070000 0.057500
2 0.215000 0.352500 0.083334 0.050000
4 0.260000 0.433750 0.080000 0.067500
4 0.065000 0.500000 0.123334 0.105000