14 0.035000 0.070000 0.038000 0.016000
17 0.194000 0.288000 0.088000 0.048000
12 0.440000 0.154000 0.060000 0.032000
12 0.588000 0.087000 0.060000 0.018000
12 0.590000 0.049000 0.056000 0.018000
12 0.870000 0.247000 0.052000 0.074000
12 0.606000 0.137000 0.084000 0.046000
15 0.573000 0.494000 0.086000 0.024000
11 0.486000 0.478000 0.076000 0.032000
14 0.333000 0.399000 0.038000 0.050000
12 0.356000 0.400000 0.040000 0.056000
12 0.206000 0.354000 0.040000 0.080000
14 0.178000 0.345000 0.020000 0.038000
12 0.147000 0.436000 0.026000 0.044000
12 0.155000 0.386000 0.026000 0.044000
15 0.093000 0.407000 0.030000 0.062000
12 0.039000 0.434000 0.022000 0.060000
14 0.010000 0.447000 0.020000 0.034000
12 0.022000 0.398000 0.020000 0.048000
13 0.067000 0.421000 0.014000 0.026000
17 0.023000 0.949000 0.046000 0.026000
17 0.491000 0.296000 0.066000 0.052000
14 0.984000 0.521000 0.020000 0.038000
14 0.034000 0.032000 0.028000 0.012000