9 0.052500 0.228334 0.060000 0.030000
9 0.108750 0.381666 0.057500 0.030000
9 0.111250 0.546666 0.057500 0.033334
14 0.826250 0.068334 0.062500 0.036666
14 0.825000 0.111666 0.075000 0.036666
14 0.835000 0.141666 0.075000 0.043334
12 0.673750 0.343334 0.027500 0.073334
9 0.880000 0.840000 0.060000 0.040000
9 0.876250 0.806666 0.067500 0.040000
9 0.796250 0.520000 0.062500 0.033334
14 0.577500 0.693334 0.055000 0.026666
9 0.575000 0.653334 0.065000 0.033334
14 0.517500 0.960000 0.030000 0.060000
9 0.193750 0.860000 0.022500 0.060000