14 0.261000 0.101000 0.034000 0.018000
9 0.308000 0.100000 0.036000 0.012000
9 0.353000 0.099000 0.034000 0.014000
9 0.248000 0.169000 0.032000 0.014000
9 0.348000 0.166000 0.036000 0.016000
9 0.559000 0.161000 0.030000 0.014000
9 0.628000 0.157000 0.024000 0.018000
9 0.559000 0.096000 0.038000 0.012000
9 0.867000 0.085000 0.030000 0.014000
9 0.927000 0.083000 0.034000 0.014000
9 0.961000 0.129000 0.030000 0.014000
13 0.986000 0.146000 0.028000 0.016000
9 0.874000 0.261000 0.036000 0.014000
14 0.163000 0.239000 0.018000 0.038000
14 0.165000 0.283000 0.018000 0.038000
9 0.059000 0.964000 0.022000 0.032000
9 0.267000 0.831000 0.038000 0.018000
9 0.260000 0.731000 0.032000 0.014000
14 0.273000 0.643000 0.034000 0.014000
14 0.235000 0.642000 0.026000 0.012000
11 0.265000 0.620000 0.066000 0.020000
9 0.246000 0.432000 0.028000 0.028000
14 0.720000 0.318000 0.016000 0.032000
9 0.720000 0.354000 0.016000 0.032000
9 0.722000 0.417000 0.016000 0.034000
9 0.643000 0.468000 0.034000 0.028000
9 0.678000 0.484000 0.036000 0.016000
9 0.730000 0.613000 0.020000 0.034000
9 0.649000 0.669000 0.030000 0.022000
14 0.645000 0.694000 0.030000 0.012000
9 0.625000 0.933000 0.042000 0.018000
14 0.852000 0.582000 0.036000 0.016000
9 0.893000 0.583000 0.038000 0.014000
9 0.882000 0.632000 0.036000 0.024000
14 0.807000 0.813000 0.018000 0.034000
9 0.859000 0.900000 0.038000 0.020000
35 0.120000 0.139000 0.080000 0.098000
35 0.748000 0.125000 0.080000 0.086000