35 0.593000 0.431000 0.118000 0.106000
9 0.787000 0.340000 0.014000 0.024000
14 0.427000 0.751000 0.054000 0.034000
9 0.589000 0.629000 0.022000 0.034000
9 0.583000 0.584000 0.018000 0.036000
9 0.576000 0.541000 0.020000 0.030000
9 0.573000 0.505000 0.018000 0.030000
9 0.634000 0.505000 0.024000 0.034000
9 0.641000 0.550000 0.026000 0.036000
9 0.649000 0.594000 0.018000 0.032000
9 0.664000 0.686000 0.016000 0.024000
9 0.676000 0.762000 0.020000 0.032000
35 0.668000 0.939000 0.144000 0.122000
14 0.620000 0.851000 0.020000 0.038000
9 0.688000 0.843000 0.020000 0.034000
9 0.691000 0.882000 0.022000 0.036000
9 0.525000 0.933000 0.042000 0.014000
9 0.166000 0.960000 0.044000 0.020000
9 0.214000 0.961000 0.040000 0.014000
9 0.266000 0.954000 0.048000 0.016000
14 0.415000 0.985000 0.042000 0.014000
9 0.939000 0.920000 0.038000 0.016000
14 0.956000 0.715000 0.044000 0.014000
14 0.956000 0.699000 0.044000 0.014000
9 0.856000 0.689000 0.020000 0.030000
9 0.798000 0.613000 0.040000 0.018000
14 0.802000 0.630000 0.036000 0.016000
9 0.795000 0.593000 0.038000 0.018000
9 0.792000 0.574000 0.044000 0.016000
9 0.785000 0.537000 0.046000 0.014000
9 0.882000 0.434000 0.036000 0.016000
9 0.834000 0.439000 0.040000 0.014000
9 0.529000 0.452000 0.038000 0.016000
14 0.474000 0.422000 0.044000 0.016000
9 0.383000 0.473000 0.054000 0.022000
9 0.332000 0.478000 0.024000 0.012000
14 0.198000 0.441000 0.044000 0.018000
9 0.411000 0.346000 0.018000 0.036000
14 0.573000 0.340000 0.022000 0.036000
9 0.612000 0.358000 0.020000 0.032000
9 0.609000 0.326000 0.022000 0.036000
14 0.601000 0.280000 0.022000 0.036000
9 0.594000 0.242000 0.016000 0.028000
9 0.532000 0.240000 0.020000 0.036000
14 0.394000 0.219000 0.016000 0.022000
14 0.372000 0.223000 0.016000 0.022000
9 0.270000 0.319000 0.016000 0.030000
9 0.246000 0.293000 0.016000 0.034000
12 0.197000 0.277000 0.042000 0.018000
14 0.196000 0.295000 0.036000 0.018000
14 0.192000 0.315000 0.044000 0.018000
9 0.244000 0.190000 0.020000 0.036000
9 0.224000 0.187000 0.016000 0.026000
14 0.228000 0.124000 0.048000 0.020000
9 0.347000 0.036000 0.018000 0.036000
14 0.290000 0.044000 0.016000 0.036000
14 0.108000 0.073000 0.024000 0.034000
14 0.100000 0.039000 0.020000 0.034000
9 0.573000 0.110000 0.018000 0.040000
9 0.507000 0.075000 0.022000 0.038000
9 0.499000 0.029000 0.022000 0.042000
9 0.971000 0.304000 0.038000 0.016000