29 0.175000 0.020000 0.126000 0.040000
29 0.384000 0.206000 0.132000 0.148000
29 0.551000 0.152000 0.078000 0.080000
29 0.627000 0.133000 0.070000 0.078000
29 0.692000 0.129000 0.064000 0.074000
29 0.771000 0.139000 0.082000 0.086000
29 0.593000 0.159000 0.054000 0.054000
29 0.568000 0.197000 0.052000 0.042000
29 0.534000 0.222000 0.076000 0.068000
29 0.562000 0.262000 0.080000 0.080000
29 0.696000 0.388000 0.076000 0.080000
29 0.724000 0.428000 0.048000 0.048000
29 0.645000 0.480000 0.050000 0.044000
29 0.859000 0.405000 0.074000 0.066000
29 0.967000 0.412000 0.054000 0.052000