35 0.100000 0.374000 0.120000 0.100000
9 0.127000 0.955000 0.018000 0.030000
9 0.149000 0.953000 0.018000 0.034000
9 0.172000 0.951000 0.020000 0.034000
9 0.192000 0.947000 0.020000 0.034000
9 0.235000 0.942000 0.018000 0.024000
9 0.029000 0.770000 0.026000 0.040000
14 0.269000 0.919000 0.038000 0.014000
14 0.268000 0.902000 0.040000 0.012000
11 0.161000 0.489000 0.046000 0.050000
14 0.222000 0.463000 0.032000 0.030000
14 0.303000 0.486000 0.042000 0.036000
9 0.135000 0.319000 0.026000 0.034000
14 0.403000 0.558000 0.030000 0.028000
9 0.734000 0.798000 0.048000 0.036000
14 0.883000 0.946000 0.038000 0.032000
14 0.871000 0.963000 0.034000 0.030000
14 0.948000 0.967000 0.032000 0.034000
14 0.974000 0.731000 0.036000 0.014000
14 0.975000 0.715000 0.034000 0.014000
14 0.722000 0.652000 0.016000 0.028000
9 0.742000 0.653000 0.020000 0.034000
9 0.780000 0.690000 0.016000 0.036000
9 0.817000 0.690000 0.018000 0.032000
14 0.840000 0.692000 0.016000 0.032000
9 0.877000 0.690000 0.018000 0.032000
14 0.784000 0.654000 0.016000 0.028000
14 0.804000 0.655000 0.016000 0.026000
14 0.824000 0.652000 0.016000 0.032000
9 0.845000 0.653000 0.018000 0.034000
9 0.868000 0.654000 0.016000 0.032000
11 0.906000 0.673000 0.020000 0.050000
9 0.975000 0.667000 0.038000 0.014000
11 0.974000 0.647000 0.040000 0.018000
9 0.973000 0.608000 0.042000 0.012000
9 0.973000 0.592000 0.042000 0.012000
9 0.973000 0.577000 0.038000 0.014000
9 0.724000 0.584000 0.016000 0.036000
14 0.746000 0.586000 0.016000 0.032000
9 0.786000 0.588000 0.020000 0.036000
9 0.824000 0.585000 0.020000 0.034000
14 0.975000 0.501000 0.034000 0.010000
14 0.973000 0.488000 0.030000 0.012000
9 0.868000 0.226000 0.040000 0.012000
14 0.870000 0.209000 0.040000 0.014000
14 0.867000 0.192000 0.042000 0.012000
14 0.871000 0.175000 0.042000 0.014000
9 0.001000 0.371000 0.002000 0.038000
9 0.009000 0.386000 0.018000 0.040000
14 0.060000 0.358000 0.028000 0.028000
9 0.038000 0.502000 0.036000 0.028000
14 0.048000 0.485000 0.032000 0.026000