14 0.161000 0.971000 0.018000 0.030000
14 0.199000 0.949000 0.014000 0.030000
14 0.220000 0.943000 0.016000 0.034000
14 0.236000 0.936000 0.012000 0.024000
14 0.257000 0.928000 0.014000 0.024000
9 0.187000 0.884000 0.042000 0.028000
14 0.111000 0.914000 0.042000 0.028000
14 0.698000 0.899000 0.044000 0.034000
14 0.992000 0.686000 0.016000 0.036000
9 0.931000 0.691000 0.030000 0.038000
9 0.853000 0.728000 0.030000 0.040000
14 0.875000 0.713000 0.034000 0.038000
14 0.870000 0.631000 0.028000 0.030000
14 0.617000 0.892000 0.026000 0.032000
14 0.598000 0.901000 0.032000 0.038000
14 0.581000 0.908000 0.030000 0.040000
9 0.560000 0.916000 0.032000 0.040000
13 0.540000 0.923000 0.024000 0.030000
13 0.523000 0.892000 0.026000 0.032000
10 0.454000 0.933000 0.060000 0.082000
9 0.364000 0.530000 0.032000 0.040000
14 0.840000 0.258000 0.032000 0.024000
14 0.830000 0.245000 0.040000 0.026000
14 0.948000 0.151000 0.040000 0.030000
13 0.927000 0.120000 0.038000 0.028000
14 0.919000 0.101000 0.034000 0.026000
14 0.908000 0.085000 0.040000 0.030000
9 0.986000 0.053000 0.028000 0.022000
14 0.989000 0.069000 0.022000 0.022000
14 0.832000 0.050000 0.028000 0.028000
14 0.810000 0.016000 0.032000 0.032000
14 0.795000 0.006000 0.030000 0.012000
14 0.974000 0.195000 0.028000 0.030000
13 0.900000 0.985000 0.048000 0.030000
13 0.888000 0.971000 0.040000 0.030000
13 0.850000 0.910000 0.048000 0.036000
13 0.859000 0.930000 0.046000 0.032000
13 0.869000 0.943000 0.046000 0.034000
13 0.881000 0.957000 0.046000 0.034000