14 0.393000 0.829000 0.026000 0.046000
9 0.470000 0.210000 0.016000 0.020000
9 0.446000 0.827000 0.020000 0.030000
14 0.994000 0.801000 0.012000 0.034000
12 0.921000 0.782000 0.026000 0.040000
9 0.998000 0.761000 0.004000 0.034000
35 0.956000 0.534000 0.088000 0.108000
14 0.832000 0.249000 0.044000 0.014000
14 0.704000 0.259000 0.044000 0.018000
14 0.682000 0.158000 0.036000 0.016000
9 0.646000 0.196000 0.044000 0.020000
14 0.646000 0.174000 0.044000 0.016000
9 0.635000 0.154000 0.042000 0.016000
14 0.723000 0.077000 0.018000 0.038000
9 0.722000 0.028000 0.044000 0.020000
9 0.699000 0.067000 0.026000 0.038000
9 0.672000 0.067000 0.024000 0.038000
14 0.309000 0.777000 0.026000 0.034000
9 0.280000 0.772000 0.020000 0.032000
9 0.164000 0.817000 0.020000 0.026000
14 0.125000 0.785000 0.042000 0.042000
9 0.258000 0.976000 0.028000 0.044000
14 0.202000 0.977000 0.020000 0.038000
9 0.080000 0.008000 0.052000 0.016000
9 0.204000 0.043000 0.048000 0.014000
12 0.208000 0.026000 0.052000 0.020000
14 0.253000 0.132000 0.018000 0.036000
14 0.160000 0.212000 0.036000 0.016000
14 0.173000 0.229000 0.034000 0.014000
14 0.167000 0.245000 0.030000 0.014000
9 0.435000 0.275000 0.034000 0.014000
14 0.432000 0.291000 0.040000 0.018000
9 0.754000 0.555000 0.044000 0.014000
14 0.640000 0.423000 0.048000 0.018000
9 0.399000 0.505000 0.042000 0.018000
9 0.420000 0.553000 0.040000 0.014000
14 0.623000 0.554000 0.046000 0.020000
9 0.477000 0.590000 0.022000 0.036000
14 0.572000 0.657000 0.036000 0.046000
12 0.541000 0.663000 0.022000 0.042000
14 0.569000 0.735000 0.018000 0.030000
9 0.645000 0.815000 0.022000 0.034000
12 0.623000 0.815000 0.018000 0.034000
14 0.552000 0.857000 0.040000 0.018000
9 0.553000 0.880000 0.042000 0.016000
14 0.570000 0.914000 0.040000 0.012000
14 0.555000 0.947000 0.042000 0.014000