35 0.719000 0.616000 0.102000 0.116000
35 0.409000 0.696000 0.118000 0.104000
35 0.091000 0.789000 0.182000 0.098000
9 0.308000 0.518000 0.024000 0.032000
11 0.147000 0.126000 0.030000 0.044000
13 0.310000 0.115000 0.032000 0.050000
12 0.329000 0.046000 0.038000 0.060000
14 0.395000 0.092000 0.026000 0.036000
14 0.419000 0.080000 0.026000 0.040000
14 0.496000 0.043000 0.028000 0.038000
14 0.480000 0.013000 0.028000 0.026000
14 0.529000 0.029000 0.026000 0.034000
9 0.515000 0.003000 0.022000 0.006000
9 0.555000 0.084000 0.022000 0.028000
9 0.288000 0.188000 0.020000 0.028000
14 0.308000 0.187000 0.024000 0.030000
14 0.345000 0.180000 0.022000 0.032000
14 0.364000 0.171000 0.024000 0.034000
9 0.381000 0.166000 0.022000 0.032000
9 0.401000 0.159000 0.022000 0.030000
14 0.421000 0.156000 0.022000 0.032000
9 0.439000 0.151000 0.022000 0.030000
9 0.460000 0.147000 0.024000 0.034000
14 0.479000 0.139000 0.022000 0.026000
13 0.500000 0.139000 0.024000 0.034000
9 0.455000 0.223000 0.034000 0.018000
13 0.594000 0.117000 0.052000 0.034000
14 0.637000 0.134000 0.034000 0.024000
13 0.685000 0.142000 0.042000 0.028000
14 0.793000 0.112000 0.042000 0.028000
14 0.845000 0.100000 0.042000 0.024000
14 0.920000 0.143000 0.020000 0.026000
14 0.900000 0.148000 0.028000 0.036000
14 0.880000 0.153000 0.024000 0.030000
14 0.860000 0.159000 0.024000 0.034000
13 0.840000 0.163000 0.024000 0.034000
9 0.821000 0.171000 0.026000 0.034000
14 0.802000 0.175000 0.024000 0.034000
14 0.781000 0.180000 0.030000 0.040000
14 0.760000 0.184000 0.024000 0.032000
14 0.745000 0.191000 0.026000 0.030000
14 0.725000 0.197000 0.022000 0.030000
14 0.704000 0.202000 0.024000 0.032000
14 0.684000 0.205000 0.024000 0.034000
13 0.668000 0.211000 0.020000 0.026000
13 0.846000 0.531000 0.024000 0.030000
14 0.418000 0.788000 0.040000 0.020000
14 0.433000 0.810000 0.042000 0.024000
14 0.451000 0.860000 0.042000 0.024000
13 0.734000 0.738000 0.036000 0.048000
14 0.713000 0.788000 0.026000 0.032000