14 0.034000 0.172000 0.048000 0.012000
14 0.237000 0.171000 0.042000 0.014000
14 0.362000 0.169000 0.052000 0.014000
9 0.422000 0.166000 0.044000 0.016000
9 0.474000 0.167000 0.040000 0.014000
9 0.587000 0.169000 0.050000 0.014000
14 0.535000 0.169000 0.034000 0.014000
14 0.893000 0.005000 0.034000 0.010000
9 0.939000 0.172000 0.046000 0.016000
35 0.759000 0.143000 0.266000 0.106000
14 0.621000 0.242000 0.038000 0.044000
12 0.734000 0.258000 0.040000 0.052000
14 0.588000 0.296000 0.036000 0.044000
14 0.710000 0.296000 0.036000 0.044000
12 0.682000 0.349000 0.036000 0.046000
9 0.663000 0.386000 0.030000 0.036000
14 0.632000 0.395000 0.032000 0.042000
14 0.620000 0.460000 0.036000 0.044000
14 0.597000 0.500000 0.034000 0.044000
11 0.466000 0.548000 0.064000 0.084000
9 0.457000 0.521000 0.030000 0.038000
14 0.487000 0.567000 0.038000 0.042000
9 0.577000 0.669000 0.050000 0.018000
9 0.568000 0.702000 0.052000 0.020000
11 0.445000 0.755000 0.062000 0.078000
14 0.350000 0.705000 0.032000 0.038000
12 0.391000 0.783000 0.034000 0.050000
9 0.328000 0.740000 0.036000 0.040000
12 0.311000 0.910000 0.026000 0.044000
14 0.309000 0.977000 0.018000 0.026000
9 0.475000 0.959000 0.046000 0.014000
9 0.608000 0.941000 0.036000 0.018000
14 0.650000 0.942000 0.048000 0.016000
14 0.694000 0.943000 0.036000 0.014000
14 0.797000 0.941000 0.038000 0.014000
14 0.926000 0.942000 0.044000 0.020000
11 0.220000 0.941000 0.060000 0.054000
14 0.209000 0.986000 0.030000 0.028000
9 0.041000 0.709000 0.030000 0.034000
9 0.263000 0.856000 0.034000 0.040000
9 0.583000 0.600000 0.038000 0.016000
9 0.596000 0.645000 0.040000 0.014000
9 0.884000 0.171000 0.040000 0.014000