9 0.642000 0.571000 0.028000 0.034000
12 0.592000 0.314000 0.024000 0.040000
14 0.743000 0.119000 0.026000 0.034000
9 0.945000 0.833000 0.022000 0.038000
9 0.881000 0.829000 0.026000 0.042000
9 0.844000 0.663000 0.020000 0.034000
14 0.901000 0.664000 0.022000 0.036000
9 0.814000 0.655000 0.020000 0.034000
14 0.711000 0.661000 0.026000 0.042000
9 0.742000 0.666000 0.024000 0.040000
9 0.679000 0.660000 0.026000 0.044000
12 0.718000 0.734000 0.024000 0.040000
14 0.190000 0.989000 0.048000 0.014000
9 0.606000 0.829000 0.024000 0.034000
14 0.641000 0.830000 0.022000 0.036000
14 0.667000 0.830000 0.022000 0.040000
9 0.584000 0.569000 0.028000 0.038000
9 0.805000 0.576000 0.022000 0.036000
14 0.871000 0.576000 0.018000 0.036000
14 0.925000 0.575000 0.022000 0.038000
14 0.898000 0.577000 0.020000 0.038000
9 0.809000 0.740000 0.022000 0.036000
9 0.919000 0.737000 0.022000 0.038000
9 0.945000 0.736000 0.022000 0.036000
14 0.867000 0.740000 0.022000 0.036000
12 0.840000 0.739000 0.020000 0.038000