2 0.996000 0.104000 0.008000 0.040000
7 0.653334 0.080000 0.077334 0.160000
2 0.924666 0.192000 0.036000 0.160000
2 0.947334 0.204000 0.033334 0.117334
2 0.968666 0.216000 0.030666 0.112000
2 0.931334 0.070000 0.022666 0.081334
2 0.948000 0.070666 0.021334 0.082666
2 0.964666 0.074000 0.017334 0.076000
2 0.996001 0.088000 0.007999 0.045334
2 0.996000 0.066000 0.008001 0.036000
2 0.082666 0.850666 0.037334 0.061334
3 0.119334 0.834666 0.036000 0.045334
5 0.152000 0.857334 0.085334 0.114666
3 0.132666 0.841334 0.030666 0.042666
5 0.188666 0.888000 0.092000 0.112000
5 0.236666 0.918666 0.073334 0.093334
5 0.284666 0.922000 0.100000 0.124000