29 0.006000 0.706000 0.012000 0.044000
29 0.123000 0.738000 0.070000 0.068000
29 0.152000 0.689000 0.068000 0.066000
29 0.269000 0.811000 0.090000 0.086000
29 0.296000 0.756000 0.056000 0.060000
29 0.332000 0.707000 0.076000 0.074000
29 0.359000 0.646000 0.074000 0.072000
29 0.388000 0.594000 0.056000 0.060000
29 0.653000 0.257000 0.102000 0.102000
29 0.410000 0.850000 0.072000 0.072000
29 0.449000 0.779000 0.062000 0.062000
29 0.483000 0.717000 0.070000 0.074000
29 0.517000 0.656000 0.050000 0.048000
29 0.577000 0.538000 0.054000 0.052000
29 0.611000 0.473000 0.062000 0.066000
29 0.642000 0.966000 0.092000 0.068000
29 0.676000 0.909000 0.092000 0.090000
29 0.796000 0.715000 0.120000 0.122000
29 0.828000 0.625000 0.104000 0.102000
29 0.933000 0.641000 0.102000 0.102000
29 0.967000 0.574000 0.066000 0.088000
29 0.811000 0.958000 0.102000 0.084000