7 0.932000 0.452000 0.096000 0.068000
7 0.791000 0.425000 0.054000 0.050000
7 0.799000 0.415000 0.062000 0.058000
7 0.809000 0.405000 0.058000 0.050000
7 0.819000 0.395000 0.062000 0.054000
7 0.827000 0.387000 0.050000 0.042000
7 0.753000 0.345000 0.078000 0.054000
7 0.684000 0.310000 0.068000 0.060000
7 0.582000 0.321000 0.096000 0.082000
7 0.593000 0.304000 0.082000 0.072000
7 0.599000 0.286000 0.086000 0.072000
7 0.518000 0.392000 0.068000 0.048000
7 0.491000 0.427000 0.070000 0.046000
7 0.503000 0.408000 0.078000 0.056000
7 0.497000 0.419000 0.066000 0.050000
7 0.511000 0.401000 0.070000 0.050000
7 0.501000 0.262000 0.058000 0.036000
7 0.509000 0.251000 0.066000 0.042000
7 0.511000 0.233000 0.070000 0.042000
7 0.519000 0.222000 0.062000 0.036000
7 0.524000 0.210000 0.064000 0.040000
7 0.312000 0.120000 0.096000 0.068000
7 0.316000 0.094000 0.096000 0.064000
7 0.153000 0.034000 0.094000 0.068000
7 0.136000 0.046000 0.088000 0.068000
7 0.151000 0.029000 0.166000 0.058000
7 0.115000 0.080000 0.146000 0.100000
7 0.126000 0.065000 0.148000 0.094000
36 0.032000 0.890000 0.064000 0.144000