11 0.084000 0.209000 0.076000 0.034000
15 0.531000 0.108000 0.102000 0.048000
11 0.200000 0.332000 0.044000 0.024000
11 0.200000 0.351000 0.052000 0.018000
11 0.202000 0.367000 0.052000 0.018000
11 0.203000 0.383000 0.050000 0.018000
14 0.208000 0.401000 0.032000 0.014000
11 0.200000 0.416000 0.048000 0.016000
14 0.205000 0.449000 0.038000 0.014000
14 0.205000 0.467000 0.038000 0.018000
14 0.210000 0.481000 0.028000 0.014000
9 0.208000 0.496000 0.032000 0.016000
9 0.206000 0.513000 0.040000 0.014000
9 0.209000 0.528000 0.030000 0.012000
13 0.209000 0.544000 0.030000 0.016000
13 0.209000 0.560000 0.026000 0.016000
14 0.209000 0.577000 0.030000 0.014000
14 0.478000 0.441000 0.040000 0.014000
9 0.473000 0.425000 0.030000 0.014000
9 0.472000 0.410000 0.036000 0.016000
14 0.471000 0.393000 0.038000 0.018000
14 0.467000 0.377000 0.030000 0.014000
14 0.463000 0.361000 0.034000 0.018000
9 0.462000 0.288000 0.036000 0.016000
14 0.459000 0.271000 0.034000 0.014000
9 0.321000 0.265000 0.034000 0.018000
14 0.148000 0.302000 0.020000 0.024000
14 0.114000 0.330000 0.020000 0.024000
14 0.090000 0.317000 0.024000 0.034000
14 0.071000 0.322000 0.022000 0.032000
14 0.052000 0.332000 0.020000 0.028000
11 0.061000 0.410000 0.026000 0.044000
11 0.093000 0.421000 0.022000 0.018000
11 0.033000 0.425000 0.022000 0.014000
14 0.100000 0.348000 0.020000 0.028000
14 0.143000 0.447000 0.014000 0.022000
14 0.156000 0.568000 0.012000 0.024000
14 0.159000 0.602000 0.014000 0.032000
9 0.516000 0.222000 0.016000 0.032000
14 0.538000 0.220000 0.016000 0.032000
14 0.556000 0.214000 0.016000 0.028000
14 0.575000 0.211000 0.018000 0.034000
9 0.594000 0.206000 0.016000 0.024000
9 0.615000 0.200000 0.018000 0.028000
9 0.634000 0.197000 0.016000 0.030000
9 0.653000 0.191000 0.018000 0.026000
9 0.674000 0.192000 0.016000 0.028000
9 0.808000 0.239000 0.028000 0.010000
14 0.817000 0.205000 0.038000 0.018000
14 0.822000 0.175000 0.036000 0.014000
14 0.824000 0.157000 0.032000 0.014000
11 0.690000 0.817000 0.036000 0.014000
11 0.706000 0.886000 0.044000 0.016000
11 0.647000 0.888000 0.046000 0.016000
11 0.562000 0.894000 0.076000 0.020000
11 0.595000 0.919000 0.046000 0.018000
11 0.660000 0.916000 0.064000 0.016000
11 0.732000 0.916000 0.044000 0.012000
14 0.543000 0.920000 0.030000 0.012000
14 0.352000 0.927000 0.028000 0.010000
9 0.313000 0.929000 0.034000 0.010000
14 0.189000 0.901000 0.034000 0.014000
9 0.175000 0.932000 0.038000 0.012000
14 0.230000 0.912000 0.024000 0.012000
14 0.201000 0.871000 0.034000 0.014000
9 0.147000 0.804000 0.018000 0.032000
14 0.107000 0.803000 0.014000 0.026000