1 0.933000 0.574000 0.018000 0.032000
1 0.920000 0.017000 0.032000 0.034000
1 0.897000 0.019000 0.030000 0.038000
1 0.878000 0.022000 0.024000 0.040000
1 0.857000 0.027000 0.026000 0.046000
1 0.836000 0.031000 0.028000 0.046000
1 0.817000 0.036000 0.030000 0.044000
1 0.793000 0.038000 0.034000 0.048000
1 0.773000 0.049000 0.026000 0.042000
1 0.752000 0.054000 0.028000 0.044000
1 0.732000 0.057000 0.024000 0.038000
1 0.714000 0.064000 0.024000 0.040000
1 0.691000 0.068000 0.030000 0.040000
1 0.667000 0.070000 0.022000 0.040000
1 0.648000 0.074000 0.028000 0.044000
1 0.626000 0.076000 0.028000 0.036000
1 0.582000 0.069000 0.068000 0.038000
1 0.582000 0.085000 0.060000 0.038000
1 0.596000 0.103000 0.060000 0.042000
1 0.607000 0.120000 0.054000 0.036000
1 0.616000 0.139000 0.060000 0.038000
1 0.621000 0.158000 0.062000 0.040000
1 0.641000 0.196000 0.058000 0.032000
1 0.642000 0.218000 0.060000 0.032000
1 0.659000 0.232000 0.054000 0.036000
1 0.664000 0.252000 0.052000 0.032000
1 0.666000 0.269000 0.048000 0.030000
1 0.704000 0.240000 0.020000 0.036000
1 0.723000 0.218000 0.018000 0.036000
1 0.743000 0.210000 0.026000 0.040000
1 0.763000 0.202000 0.022000 0.040000
1 0.781000 0.204000 0.022000 0.044000
1 0.802000 0.194000 0.020000 0.044000
1 0.824000 0.186000 0.020000 0.044000
1 0.845000 0.179000 0.022000 0.046000
1 0.867000 0.170000 0.022000 0.044000
1 0.909000 0.184000 0.038000 0.008000
1 0.909000 0.167000 0.046000 0.010000
1 0.904000 0.149000 0.044000 0.014000
1 0.901000 0.130000 0.042000 0.016000
1 0.896000 0.114000 0.040000 0.012000
1 0.892000 0.099000 0.032000 0.010000
1 0.887000 0.082000 0.034000 0.012000
1 0.880000 0.067000 0.032000 0.006000
1 0.917000 0.063000 0.022000 0.034000
1 0.931000 0.055000 0.022000 0.034000
1 0.952000 0.054000 0.028000 0.036000
1 0.969000 0.229000 0.054000 0.038000
1 0.919000 0.255000 0.054000 0.034000
1 0.978000 0.252000 0.044000 0.036000
1 0.982000 0.271000 0.036000 0.034000
1 0.923000 0.277000 0.050000 0.030000
1 0.935000 0.293000 0.054000 0.030000
1 0.948000 0.312000 0.048000 0.036000
1 0.963000 0.328000 0.050000 0.032000
1 0.973000 0.346000 0.050000 0.028000
1 0.981000 0.370000 0.038000 0.024000
1 0.744000 0.304000 0.056000 0.040000
1 0.682000 0.338000 0.060000 0.044000
1 0.762000 0.328000 0.052000 0.044000
1 0.782000 0.348000 0.068000 0.048000
1 0.791000 0.368000 0.058000 0.044000
1 0.804000 0.385000 0.052000 0.038000
1 0.812000 0.404000 0.044000 0.032000
1 0.860000 0.410000 0.036000 0.036000
1 0.850000 0.424000 0.044000 0.040000
1 0.831000 0.429000 0.034000 0.030000
1 0.813000 0.439000 0.034000 0.038000
1 0.692000 0.361000 0.060000 0.042000
1 0.707000 0.377000 0.070000 0.042000
1 0.720000 0.398000 0.060000 0.036000
1 0.735000 0.415000 0.054000 0.038000
1 0.751000 0.436000 0.066000 0.040000
1 0.769000 0.456000 0.058000 0.040000
1 0.780000 0.474000 0.068000 0.040000
1 0.796000 0.492000 0.060000 0.044000
1 0.807000 0.516000 0.050000 0.032000
1 0.821000 0.536000 0.062000 0.036000
1 0.828000 0.556000 0.072000 0.040000
1 0.838000 0.580000 0.064000 0.040000
1 0.842000 0.604000 0.056000 0.032000
1 0.852000 0.489000 0.028000 0.038000
1 0.867000 0.482000 0.030000 0.036000
1 0.889000 0.474000 0.026000 0.040000
1 0.906000 0.467000 0.032000 0.038000
1 0.928000 0.460000 0.024000 0.040000
1 0.946000 0.455000 0.024000 0.038000
2 0.965000 0.447000 0.030000 0.038000
1 0.982000 0.440000 0.032000 0.040000
1 0.889000 0.523000 0.026000 0.038000
1 0.855000 0.648000 0.066000 0.040000
1 0.864000 0.671000 0.048000 0.026000
1 0.870000 0.693000 0.072000 0.030000
1 0.879000 0.713000 0.054000 0.022000
1 0.879000 0.738000 0.042000 0.024000
1 0.939000 0.726000 0.078000 0.040000
1 0.949000 0.697000 0.062000 0.026000
1 0.950000 0.678000 0.056000 0.016000
1 0.939000 0.649000 0.074000 0.034000
1 0.936000 0.629000 0.068000 0.022000
1 0.920000 0.609000 0.056000 0.014000
1 0.895000 0.579000 0.014000 0.030000
1 0.952000 0.584000 0.020000 0.032000
1 0.932000 0.508000 0.028000 0.036000
1 0.952000 0.504000 0.032000 0.044000
1 0.970000 0.498000 0.032000 0.040000
1 0.988000 0.490000 0.024000 0.040000
1 0.670000 0.121000 0.020000 0.034000
1 0.653000 0.123000 0.018000 0.026000
1 0.687000 0.115000 0.018000 0.030000
1 0.700000 0.111000 0.020000 0.030000
1 0.718000 0.107000 0.020000 0.030000
1 0.731000 0.102000 0.018000 0.028000
1 0.746000 0.099000 0.020000 0.030000
1 0.760000 0.096000 0.020000 0.028000
1 0.776000 0.093000 0.020000 0.030000
1 0.790000 0.091000 0.020000 0.030000
1 0.806000 0.087000 0.020000 0.030000
1 0.820000 0.083000 0.020000 0.030000
1 0.835000 0.078000 0.018000 0.028000
1 0.685000 0.183000 0.018000 0.030000
1 0.701000 0.181000 0.018000 0.030000
1 0.716000 0.178000 0.020000 0.028000
1 0.730000 0.172000 0.020000 0.028000
1 0.745000 0.167000 0.018000 0.030000
1 0.760000 0.162000 0.020000 0.028000
1 0.776000 0.157000 0.020000 0.030000
1 0.791000 0.151000 0.018000 0.030000
1 0.805000 0.147000 0.018000 0.030000
1 0.820000 0.145000 0.020000 0.030000
1 0.834000 0.139000 0.020000 0.030000
1 0.846000 0.133000 0.020000 0.030000
1 0.860000 0.125000 0.020000 0.030000
1 0.876000 0.531000 0.020000 0.030000
1 0.916000 0.517000 0.020000 0.030000
1 0.912000 0.582000 0.012000 0.028000