2 0.353500 0.069500 0.035000 0.059000
5 0.374000 0.073000 0.048000 0.066000
2 0.597500 0.150500 0.031000 0.043000
2 0.299500 0.054000 0.061000 0.036000
7 0.071000 0.006500 0.050000 0.013000
5 0.096000 0.004500 0.046000 0.009000
2 0.101500 0.012000 0.023000 0.024000
2 0.268000 0.010000 0.056000 0.020000
5 0.245500 0.007500 0.061000 0.015000
2 0.295500 0.066500 0.065000 0.039000
2 0.605500 0.159500 0.031000 0.043000
5 0.623500 0.166500 0.059000 0.085000
2 0.569500 0.162000 0.033000 0.052000
2 0.488000 0.128000 0.030000 0.044000
5 0.651500 0.186000 0.069000 0.082000
5 0.687000 0.211000 0.052000 0.064000
5 0.724500 0.212000 0.065000 0.084000