9 0.767000 0.387000 0.050000 0.018000
14 0.764000 0.349000 0.044000 0.018000
14 0.766000 0.277000 0.044000 0.018000
9 0.651000 0.406000 0.042000 0.016000
9 0.652000 0.314000 0.044000 0.016000
9 0.644000 0.278000 0.040000 0.016000
9 0.520000 0.432000 0.020000 0.032000
14 0.296000 0.425000 0.024000 0.034000
9 0.562000 0.165000 0.044000 0.018000
9 0.605000 0.165000 0.042000 0.014000
9 0.879000 0.149000 0.042000 0.018000
14 0.677000 0.125000 0.038000 0.014000
9 0.851000 0.102000 0.046000 0.016000
12 0.793000 0.100000 0.058000 0.020000
9 0.712000 0.100000 0.052000 0.016000
9 0.638000 0.100000 0.064000 0.020000
9 0.574000 0.099000 0.056000 0.018000
9 0.392000 0.098000 0.060000 0.020000
9 0.192000 0.099000 0.052000 0.014000
14 0.861000 0.786000 0.038000 0.016000