2 0.102500 0.453500 0.067000 0.041000
2 0.100500 0.567500 0.067000 0.045000
2 0.118500 0.210500 0.077000 0.055000
2 0.272500 0.098500 0.057000 0.035000
2 0.517000 0.161000 0.050000 0.036000
2 0.977500 0.348000 0.045000 0.030000
2 0.984500 0.616500 0.031000 0.067000
2 0.737000 0.861000 0.044000 0.068000
2 0.144500 0.647000 0.033000 0.050000
2 0.156500 0.654000 0.025000 0.036000
2 0.419500 0.720000 0.033000 0.046000
2 0.641000 0.821000 0.032000 0.048000
2 0.628500 0.821500 0.027000 0.039000
2 0.321500 0.654000 0.037000 0.036000
2 0.342000 0.721000 0.058000 0.034000
5 0.255500 0.633500 0.061000 0.069000
5 0.307500 0.643000 0.055000 0.060000
5 0.438000 0.732500 0.042000 0.055000
5 0.666000 0.832000 0.044000 0.060000
2 0.718500 0.859000 0.045000 0.060000