10 0.594000 0.061000 0.024000 0.082000
14 0.957000 0.233000 0.038000 0.038000
11 0.980000 0.230000 0.040000 0.048000
14 0.906000 0.224000 0.032000 0.044000
12 0.737000 0.231000 0.022000 0.042000
12 0.706000 0.233000 0.024000 0.042000
9 0.895000 0.581000 0.022000 0.038000
12 0.834000 0.576000 0.020000 0.044000
14 0.227000 0.635000 0.030000 0.018000
12 0.270000 0.635000 0.060000 0.022000
9 0.180000 0.646000 0.020000 0.032000
9 0.134000 0.654000 0.032000 0.036000
9 0.134000 0.748000 0.040000 0.020000
12 0.134000 0.764000 0.036000 0.012000
14 0.210000 0.761000 0.024000 0.042000
9 0.233000 0.758000 0.022000 0.036000
9 0.257000 0.760000 0.030000 0.036000
9 0.288000 0.741000 0.032000 0.034000
9 0.329000 0.711000 0.034000 0.034000
12 0.557000 0.336000 0.022000 0.052000
9 0.515000 0.333000 0.058000 0.018000
9 0.515000 0.318000 0.050000 0.024000
9 0.514000 0.350000 0.044000 0.016000
14 0.520000 0.371000 0.032000 0.014000
9 0.519000 0.390000 0.050000 0.016000
11 0.494000 0.550000 0.084000 0.120000
11 0.442000 0.565000 0.028000 0.066000
12 0.459000 0.490000 0.050000 0.072000
12 0.480000 0.514000 0.056000 0.072000
12 0.437000 0.477000 0.058000 0.082000
14 0.817000 0.011000 0.018000 0.022000
14 0.790000 0.014000 0.024000 0.028000
14 0.755000 0.017000 0.030000 0.034000
11 0.721000 0.014000 0.026000 0.028000
12 0.964000 0.053000 0.032000 0.030000
12 0.986000 0.057000 0.028000 0.026000
9 0.056000 0.019000 0.024000 0.038000
12 0.064000 0.063000 0.028000 0.038000
14 0.024000 0.313000 0.020000 0.030000
14 0.093000 0.308000 0.018000 0.032000
14 0.134000 0.302000 0.020000 0.036000
9 0.154000 0.300000 0.024000 0.036000
9 0.187000 0.302000 0.030000 0.036000
12 0.216000 0.296000 0.028000 0.040000
9 0.238000 0.295000 0.028000 0.038000
9 0.290000 0.292000 0.036000 0.036000
12 0.323000 0.294000 0.042000 0.036000
9 0.355000 0.289000 0.038000 0.014000
14 0.408000 0.329000 0.044000 0.026000
12 0.419000 0.344000 0.050000 0.036000
12 0.392000 0.372000 0.060000 0.032000
14 0.422000 0.401000 0.040000 0.018000
9 0.242000 0.212000 0.044000 0.048000
9 0.275000 0.204000 0.030000 0.040000
14 0.303000 0.208000 0.034000 0.048000
12 0.333000 0.209000 0.030000 0.046000
14 0.381000 0.226000 0.042000 0.016000
12 0.431000 0.231000 0.034000 0.014000
12 0.512000 0.182000 0.024000 0.044000
14 0.579000 0.154000 0.046000 0.016000
14 0.578000 0.201000 0.048000 0.022000
14 0.578000 0.220000 0.048000 0.016000