9 0.073750 0.596666 0.052500 0.033334
9 0.076250 0.628334 0.052500 0.030000
14 0.077500 0.660000 0.050000 0.026666
14 0.236250 0.951666 0.017500 0.050000
9 0.203750 0.566666 0.022500 0.053334
14 0.231250 0.561666 0.017500 0.050000
14 0.255000 0.558334 0.020000 0.050000
9 0.313750 0.651666 0.047500 0.030000
14 0.376250 0.571666 0.017500 0.056666
11 0.315000 0.491666 0.070000 0.036666
9 0.405000 0.608334 0.020000 0.056666
9 0.405000 0.541666 0.020000 0.050000
9 0.498750 0.590000 0.037500 0.026666
9 0.498750 0.631666 0.037500 0.030000
9 0.532500 0.620000 0.020000 0.060000
9 0.523750 0.668334 0.047500 0.036666
9 0.305000 0.311666 0.045000 0.023334
14 0.407500 0.038334 0.020000 0.050000
14 0.406250 0.118334 0.017500 0.050000
9 0.408750 0.290000 0.022500 0.066666
14 0.556250 0.320000 0.047500 0.020000
9 0.558750 0.346666 0.047500 0.026666
9 0.553750 0.373334 0.042500 0.020000
9 0.626250 0.023334 0.017500 0.046666
14 0.625000 0.078334 0.020000 0.056666
14 0.621250 0.138334 0.017500 0.050000
9 0.623750 0.210000 0.022500 0.060000
14 0.695000 0.101666 0.020000 0.050000
9 0.696250 0.171666 0.017500 0.056666
14 0.696250 0.416666 0.017500 0.053334
9 0.622500 0.548334 0.015000 0.056666
9 0.696250 0.613334 0.027500 0.066666
9 0.621250 0.631666 0.017500 0.056666
9 0.622500 0.816666 0.015000 0.053334
9 0.695000 0.866666 0.020000 0.053334
14 0.830000 0.253334 0.040000 0.020000
9 0.836250 0.313334 0.047500 0.026666
14 0.876250 0.516666 0.047500 0.026666
9 0.871250 0.553334 0.052500 0.020000