9 0.871666 0.593750 0.063334 0.027500
9 0.876666 0.573750 0.066666 0.022500
9 0.871666 0.531250 0.070000 0.022500
14 0.875000 0.510000 0.070000 0.020000
14 0.880000 0.490000 0.066666 0.020000
14 0.875000 0.461250 0.076666 0.022500
14 0.886666 0.438750 0.073334 0.022500
14 0.893334 0.393750 0.080000 0.032500
9 0.895000 0.352500 0.070000 0.020000
9 0.901666 0.308750 0.076666 0.022500
9 0.905000 0.285000 0.063334 0.020000
9 0.916666 0.263750 0.066666 0.022500
9 0.926666 0.241250 0.073334 0.027500
9 0.921666 0.217500 0.070000 0.025000
12 0.928334 0.173750 0.076666 0.027500
14 0.928334 0.127500 0.063334 0.025000
14 0.946666 0.082500 0.066666 0.020000
14 0.883334 0.068750 0.060000 0.017500
14 0.868334 0.090000 0.070000 0.020000
14 0.863334 0.111250 0.073334 0.022500
14 0.855000 0.135000 0.070000 0.025000
14 0.858334 0.156250 0.070000 0.027500
9 0.850000 0.203750 0.066666 0.022500
14 0.853334 0.227500 0.066666 0.025000
14 0.836666 0.268750 0.073334 0.022500
9 0.828334 0.317500 0.070000 0.025000
9 0.823334 0.337500 0.073334 0.025000
14 0.823334 0.386250 0.060000 0.022500
14 0.816666 0.405000 0.060000 0.015000
12 0.801666 0.473750 0.070000 0.027500
9 0.796666 0.521250 0.066666 0.022500
14 0.793334 0.540000 0.073334 0.025000
9 0.796666 0.560000 0.053334 0.015000
9 0.798334 0.588750 0.070000 0.027500
14 0.625000 0.577500 0.050000 0.025000
9 0.625000 0.556250 0.063334 0.032500
14 0.628334 0.535000 0.063334 0.030000
14 0.633334 0.511250 0.060000 0.022500
14 0.636666 0.466250 0.060000 0.032500
14 0.643334 0.420000 0.066666 0.030000
14 0.650000 0.397500 0.066666 0.030000
9 0.655000 0.353750 0.063334 0.027500
14 0.660000 0.311250 0.066666 0.032500
14 0.671666 0.286250 0.076666 0.027500
14 0.673334 0.260000 0.080000 0.040000
14 0.680000 0.237500 0.080000 0.040000
14 0.676666 0.195000 0.060000 0.030000
9 0.683334 0.171250 0.073334 0.027500
14 0.693334 0.128750 0.080000 0.037500
9 0.693334 0.106250 0.066666 0.032500
9 0.696666 0.058750 0.066666 0.027500
14 0.456666 0.033750 0.066666 0.022500
13 0.458334 0.073750 0.043334 0.022500
13 0.451666 0.101250 0.063334 0.022500
13 0.446666 0.142500 0.040000 0.020000
9 0.440000 0.190000 0.066666 0.025000
9 0.433334 0.231250 0.073334 0.027500
14 0.426666 0.257500 0.053334 0.020000
14 0.411666 0.322500 0.070000 0.025000
9 0.410000 0.345000 0.066666 0.020000
14 0.416666 0.366250 0.073334 0.027500
14 0.406666 0.481250 0.066666 0.032500
12 0.401666 0.505000 0.076666 0.030000
12 0.386666 0.548750 0.066666 0.027500
14 0.386666 0.572500 0.066666 0.015000
14 0.380000 0.592500 0.060000 0.020000
14 0.376666 0.613750 0.066666 0.022500
14 0.376666 0.635000 0.066666 0.020000
9 0.376666 0.662500 0.073334 0.030000
14 0.550000 0.647500 0.053334 0.030000
9 0.550000 0.626250 0.060000 0.027500
14 0.556666 0.603750 0.060000 0.032500
14 0.545000 0.555000 0.076666 0.035000
9 0.556666 0.535000 0.066666 0.030000
14 0.558334 0.507500 0.076666 0.035000
14 0.561666 0.488750 0.070000 0.032500
14 0.573334 0.467500 0.053334 0.025000
14 0.568334 0.442500 0.070000 0.030000
12 0.578334 0.422500 0.056666 0.030000
14 0.578334 0.401250 0.063334 0.027500
14 0.576666 0.351250 0.080000 0.032500
14 0.586666 0.307500 0.073334 0.030000
14 0.635000 0.638750 0.050000 0.047500
12 0.708334 0.641250 0.056666 0.057500
14 0.821666 0.647500 0.050000 0.045000
14 0.893334 0.651250 0.046666 0.042500
14 0.926666 0.762500 0.053334 0.055000
12 0.766666 0.760000 0.053334 0.055000
9 0.693334 0.753750 0.040000 0.047500
12 0.625000 0.748750 0.050000 0.057500
9 0.588334 0.751250 0.036666 0.047500
14 0.548334 0.747500 0.036666 0.045000
9 0.515000 0.746250 0.043334 0.047500
14 0.466666 0.742500 0.033334 0.045000
14 0.825000 0.898750 0.056666 0.022500
14 0.326666 0.951250 0.080000 0.017500
11 0.166666 0.891250 0.040000 0.057500