14 0.710000 0.111666 0.025000 0.050000
9 0.712500 0.166666 0.025000 0.053334
14 0.757500 0.471666 0.025000 0.036666
14 0.762500 0.525000 0.030000 0.056666
14 0.772500 0.600000 0.030000 0.053334
9 0.785000 0.663334 0.030000 0.060000
9 0.790000 0.720000 0.030000 0.053334
9 0.800000 0.778334 0.025000 0.050000
14 0.807500 0.828334 0.025000 0.050000
14 0.815000 0.885000 0.025000 0.043334
14 0.727500 0.938334 0.030000 0.056666
9 0.718750 0.883334 0.037500 0.066666
9 0.703750 0.761666 0.027500 0.036666
9 0.692500 0.696666 0.030000 0.060000
14 0.686250 0.635000 0.027500 0.056666
14 0.676250 0.561666 0.022500 0.036666
9 0.672500 0.513334 0.020000 0.040000
14 0.300000 0.018334 0.045000 0.036666
9 0.136250 0.048334 0.047500 0.030000