2 0.943750 0.381666 0.112500 0.163334
2 0.971250 0.455000 0.057500 0.090000
2 0.960000 0.476666 0.080000 0.106666
2 0.521250 0.620000 0.152500 0.153334
2 0.556250 0.608334 0.127500 0.123334
2 0.658750 0.706666 0.107500 0.106666
2 0.665000 0.761666 0.165000 0.163334
2 0.686250 0.695000 0.097500 0.103334
2 0.585000 0.591666 0.115000 0.130000
2 0.613750 0.571666 0.092500 0.090000
2 0.632500 0.525000 0.055000 0.063334
2 0.613750 0.541666 0.057500 0.063334
5 0.808750 0.635000 0.187500 0.150000
2 0.746250 0.665000 0.207500 0.136666
2 0.745000 0.703334 0.095000 0.066666
2 0.792500 0.438334 0.075000 0.103334
2 0.775000 0.451666 0.060000 0.090000
2 0.741250 0.481666 0.087500 0.110000
2 0.710000 0.495000 0.110000 0.130000
2 0.665000 0.510000 0.065000 0.113334
2 0.623750 0.950000 0.112500 0.100000
2 0.606250 0.970000 0.077500 0.060000
2 0.590000 0.828334 0.160000 0.150000
2 0.576250 0.871666 0.167500 0.163334
2 0.105000 0.971666 0.065000 0.056666
2 0.125000 0.966666 0.080000 0.066666
2 0.147500 0.960000 0.060000 0.080000
2 0.163750 0.946666 0.057500 0.086666
2 0.181250 0.926666 0.052500 0.073334
2 0.330000 0.968333 0.045000 0.063333
2 0.302500 0.970000 0.035000 0.060000
2 0.276250 0.975000 0.032500 0.050000
2 0.501250 0.930000 0.092500 0.080000
2 0.518750 0.906666 0.097500 0.080000
2 0.530000 0.878334 0.075000 0.063334
2 0.426250 0.863334 0.092500 0.066666
2 0.443750 0.843334 0.092500 0.060000
2 0.457500 0.823334 0.090000 0.060000
2 0.466250 0.795000 0.072500 0.056666
2 0.456250 0.760000 0.097500 0.073334
2 0.461250 0.736666 0.087500 0.060000
2 0.478750 0.716666 0.057500 0.053334
2 0.368750 0.735000 0.057500 0.063334
2 0.385000 0.720000 0.060000 0.060000
2 0.387500 0.703334 0.055000 0.046666
2 0.393750 0.686666 0.047500 0.046666
2 0.405000 0.660000 0.090000 0.093334
2 0.752500 0.890000 0.075000 0.113334
2 0.773750 0.905000 0.077500 0.116666
2 0.726250 0.873334 0.057500 0.093334
2 0.798750 0.508334 0.062500 0.083334
2 0.682500 0.591666 0.090000 0.063334
2 0.726250 0.403334 0.092500 0.086666