12 0.129000 0.302000 0.026000 0.048000
14 0.235000 0.317000 0.022000 0.050000
9 0.275000 0.295000 0.022000 0.038000
9 0.353000 0.298000 0.018000 0.040000
12 0.396000 0.269000 0.020000 0.042000
9 0.431000 0.235000 0.018000 0.038000
12 0.439000 0.420000 0.026000 0.044000
12 0.033000 0.496000 0.014000 0.040000
12 0.099000 0.483000 0.018000 0.030000
12 0.243000 0.973000 0.070000 0.034000
9 0.711000 0.794000 0.046000 0.020000
9 0.708000 0.887000 0.040000 0.018000
9 0.837000 0.852000 0.050000 0.020000
14 0.703000 0.994000 0.038000 0.012000
9 0.735000 0.287000 0.046000 0.022000
14 0.834000 0.175000 0.040000 0.030000
9 0.828000 0.153000 0.044000 0.030000
14 0.677000 0.151000 0.030000 0.038000
9 0.659000 0.137000 0.034000 0.038000
14 0.621000 0.108000 0.038000 0.040000
9 0.591000 0.078000 0.042000 0.036000
9 0.736000 0.075000 0.048000 0.046000
9 0.712000 0.063000 0.040000 0.038000
9 0.697000 0.049000 0.042000 0.034000
9 0.683000 0.037000 0.042000 0.034000
31 0.974000 0.242000 0.052000 0.176000