9 0.312000 0.929000 0.016000 0.034000
9 0.376000 0.938000 0.028000 0.040000
9 0.407000 0.893000 0.046000 0.034000
9 0.375000 0.845000 0.022000 0.034000
14 0.398000 0.845000 0.020000 0.034000
14 0.192000 0.867000 0.048000 0.018000
14 0.191000 0.848000 0.050000 0.016000
14 0.189000 0.830000 0.042000 0.016000
12 0.533000 0.211000 0.046000 0.014000
14 0.773000 0.877000 0.042000 0.018000
14 0.850000 0.878000 0.044000 0.020000
9 0.803000 0.844000 0.026000 0.032000
14 0.896000 0.767000 0.040000 0.014000
9 0.965000 0.262000 0.018000 0.032000
14 0.893000 0.260000 0.026000 0.048000
9 0.853000 0.269000 0.018000 0.022000
14 0.780000 0.264000 0.020000 0.032000
9 0.788000 0.345000 0.020000 0.034000
14 0.810000 0.343000 0.020000 0.034000
9 0.698000 0.346000 0.016000 0.028000
14 0.721000 0.344000 0.018000 0.032000
9 0.897000 0.465000 0.046000 0.022000
9 0.898000 0.484000 0.044000 0.016000
9 0.900000 0.520000 0.044000 0.016000
14 0.891000 0.631000 0.042000 0.042000
14 0.899000 0.649000 0.042000 0.042000
14 0.908000 0.667000 0.040000 0.038000
9 0.921000 0.681000 0.022000 0.022000
14 0.289000 0.736000 0.042000 0.016000