7 0.988833 0.713334 0.022334 0.058666
5 0.881334 0.865834 0.029334 0.027666
7 0.867834 0.979834 0.056334 0.040333
7 0.741500 0.950834 0.019000 0.063000
1 0.443166 0.946166 0.016334 0.024334
7 0.797000 0.689166 0.030000 0.060334
8 0.641334 0.759834 0.008666 0.028334
8 0.355666 0.003666 0.038000 0.007333
8 0.594834 0.589334 0.022334 0.040666
31 0.266834 0.031000 0.013666 0.008666
31 0.254000 0.034166 0.014666 0.009000
31 0.213000 0.097000 0.014000 0.011334
31 0.094000 0.041500 0.012666 0.013666
31 0.068000 0.161334 0.008000 0.012666
31 0.136500 0.200500 0.014334 0.010334
31 0.029166 0.206000 0.013666 0.011334