22 0.359000 0.963250 0.081000 0.073500
19 0.454750 0.920750 0.049500 0.049500
26 0.635000 0.799750 0.053000 0.053500
25 0.797750 0.963250 0.048500 0.048500
29 0.658000 0.937000 0.044000 0.044000
26 0.697250 0.905750 0.051500 0.052500
29 0.731750 0.884000 0.046500 0.046000
25 0.783000 0.725250 0.050000 0.049500
29 0.870750 0.806250 0.046500 0.046500
19 0.921500 0.837750 0.044000 0.042500
29 0.979500 0.807250 0.041000 0.045500
25 0.982250 0.513750 0.035500 0.053500
25 0.123000 0.052000 0.050000 0.050000
25 0.164250 0.021250 0.047500 0.042500
22 0.253250 0.150750 0.079500 0.079500
26 0.428250 0.028250 0.061500 0.056500
29 0.383750 0.067250 0.055500 0.053500
22 0.198500 0.428000 0.079000 0.079000