9 0.406666 0.590000 0.060000 0.025000
17 0.481666 0.456250 0.070000 0.042500
14 0.636666 0.398750 0.040000 0.032500
9 0.611666 0.433750 0.050000 0.047500
14 0.176666 0.567500 0.073334 0.030000
12 0.158334 0.606250 0.083334 0.032500
14 0.078334 0.558750 0.083334 0.032500
12 0.096666 0.533750 0.093334 0.042500
11 0.148334 0.496250 0.070000 0.032500
14 0.208334 0.412500 0.043334 0.045000
14 0.130000 0.470000 0.066666 0.030000
9 0.090000 0.387500 0.066666 0.060000
12 0.043334 0.392500 0.080000 0.065000
12 0.500000 0.103750 0.093334 0.042500
12 0.516666 0.080000 0.093334 0.045000
11 0.545000 0.065000 0.103334 0.040000
11 0.548334 0.236250 0.050000 0.047500
9 0.638334 0.270000 0.056666 0.045000
9 0.665000 0.241250 0.050000 0.032500
14 0.661666 0.072500 0.083334 0.035000
9 0.680000 0.056250 0.080000 0.032500
14 0.705000 0.018750 0.090000 0.037500
9 0.723334 0.006250 0.080000 0.012500
9 0.866666 0.010000 0.060000 0.020000
14 0.931666 0.112500 0.083334 0.035000
11 0.820000 0.242500 0.106666 0.050000
9 0.753334 0.282500 0.053334 0.050000
11 0.730000 0.338750 0.066666 0.062500
14 0.716666 0.733750 0.053334 0.042500
12 0.766666 0.692500 0.073334 0.055000
12 0.801666 0.645000 0.063334 0.050000
14 0.826666 0.623750 0.040000 0.032500
13 0.850000 0.598750 0.053334 0.037500
11 0.980000 0.348750 0.040001 0.032500
11 0.986667 0.288750 0.026666 0.057500
9 0.945000 0.782500 0.056666 0.050000
9 0.618334 0.836250 0.056666 0.047500
9 0.780000 0.867500 0.046666 0.050000
9 0.738334 0.853750 0.070000 0.062500
9 0.661666 0.840000 0.050000 0.050000
14 0.681666 0.892500 0.050000 0.045000
9 0.640000 0.883750 0.046666 0.042500
14 0.558334 0.881250 0.050000 0.047500
12 0.615000 0.933750 0.063334 0.062500
9 0.655000 0.936250 0.063334 0.057500
14 0.691666 0.956250 0.063334 0.062500