14 0.921666 0.012500 0.070000 0.025000
14 0.138334 0.181250 0.063334 0.022500
9 0.136666 0.208750 0.066666 0.022500
9 0.135000 0.253750 0.063334 0.017500
9 0.141666 0.301250 0.063334 0.017500
14 0.151666 0.321250 0.063334 0.022500
9 0.150000 0.346250 0.066666 0.017500
14 0.150000 0.368750 0.066666 0.017500
14 0.140000 0.415000 0.073334 0.020000
14 0.136666 0.392500 0.073334 0.025000
12 0.145000 0.443750 0.083334 0.022500
14 0.310000 0.418750 0.066666 0.017500
14 0.038334 0.955000 0.076666 0.020000
12 0.336666 0.955000 0.086666 0.025000
12 0.161666 0.896250 0.043334 0.057500
14 0.230000 0.896250 0.026666 0.037500
9 0.536666 0.953750 0.066666 0.022500
12 0.965000 0.952500 0.070000 0.020000