7 0.560000 0.930000 0.082000 0.046000
7 0.539000 0.945000 0.058000 0.036000
7 0.513000 0.988000 0.078000 0.024000
4 0.488500 0.998500 0.045000 0.003000
5 0.612000 0.851000 0.082000 0.048000
7 0.591500 0.869000 0.063000 0.040000
5 0.596000 0.900000 0.086000 0.052000
7 0.643500 0.829500 0.103000 0.063000
7 0.701500 0.743500 0.113000 0.061000
7 0.697000 0.779500 0.136000 0.075000
7 0.656000 0.800500 0.100000 0.057000
5 0.708500 0.701000 0.079000 0.048000
5 0.739500 0.676500 0.111000 0.073000
7 0.822000 0.555000 0.066000 0.038000
7 0.812500 0.575500 0.097000 0.061000
7 0.748000 0.645500 0.098000 0.065000
7 0.958000 0.604500 0.082000 0.049000
5 0.941500 0.362500 0.083000 0.053000
5 0.923000 0.392000 0.104000 0.070000
7 0.954500 0.319000 0.091000 0.068000
5 0.814500 0.610000 0.085000 0.060000
5 0.793500 0.632500 0.091000 0.067000
7 0.791500 0.736500 0.095000 0.063000
7 0.829500 0.855000 0.141000 0.096000
2 0.872000 0.847500 0.098000 0.061000
7 0.901500 0.926000 0.103000 0.068000
7 0.807500 0.878500 0.105000 0.073000
7 0.743500 0.879000 0.119000 0.082000
5 0.851500 0.932500 0.101000 0.073000
7 0.736500 0.973000 0.119000 0.054000
5 0.767500 0.967000 0.095000 0.066000
5 0.752500 0.922500 0.091000 0.071000
7 0.863500 0.965500 0.059000 0.039000
7 0.731000 0.990000 0.110000 0.020000
7 0.819500 0.719500 0.075000 0.065000
7 0.843500 0.700000 0.093000 0.080000
7 0.914500 0.625500 0.089000 0.075000
7 0.887000 0.641000 0.074000 0.062000
7 0.891000 0.676000 0.090000 0.076000
7 0.801000 0.770000 0.098000 0.050000
7 0.815000 0.799500 0.090000 0.049000
1 0.706500 0.926500 0.045000 0.027000
2 0.730500 0.842000 0.065000 0.042000
2 0.848500 0.674000 0.047000 0.040000
2 0.911500 0.722000 0.079000 0.068000
2 0.841000 0.456000 0.042000 0.026000
2 0.849000 0.472500 0.068000 0.043000
2 0.845000 0.484500 0.070000 0.047000
2 0.830500 0.493500 0.075000 0.049000
2 0.824500 0.506500 0.061000 0.041000
2 0.819500 0.520500 0.067000 0.041000
2 0.900500 0.475500 0.047000 0.027000
2 0.849500 0.451500 0.031000 0.019000
5 0.875000 0.440000 0.098000 0.068000
1 0.931500 0.336500 0.047000 0.031000
5 0.968000 0.659500 0.018000 0.047000
35 0.014000 0.220500 0.028000 0.091000
35 0.201000 0.988500 0.054000 0.023000
35 0.555000 0.449500 0.078000 0.075000
7 0.962500 0.289500 0.075000 0.061000
5 0.967500 0.576500 0.065000 0.045000
5 0.973000 0.546000 0.054000 0.042000
7 0.902000 0.416500 0.096000 0.065000
2 0.821000 0.965500 0.072000 0.057000