9 0.863000 0.507000 0.054000 0.030000
9 0.614000 0.577000 0.044000 0.018000
9 0.588000 0.464000 0.044000 0.016000
9 0.908000 0.387000 0.032000 0.018000
9 0.811000 0.273000 0.022000 0.038000
9 0.913000 0.094000 0.034000 0.016000
9 0.829000 0.122000 0.022000 0.040000
12 0.588000 0.211000 0.044000 0.014000
9 0.535000 0.206000 0.046000 0.016000
9 0.378000 0.573000 0.020000 0.034000
9 0.046000 0.147000 0.044000 0.018000
14 0.173000 0.186000 0.038000 0.040000
12 0.089000 0.650000 0.054000 0.024000
14 0.201000 0.524000 0.018000 0.036000
14 0.202000 0.483000 0.020000 0.034000
9 0.207000 0.371000 0.018000 0.030000
9 0.211000 0.325000 0.018000 0.034000