9 0.773000 0.016000 0.030000 0.032000
9 0.796000 0.018000 0.032000 0.036000
14 0.820000 0.024000 0.028000 0.032000
9 0.848000 0.019000 0.032000 0.038000
14 0.945000 0.023000 0.046000 0.030000
9 0.881000 0.062000 0.018000 0.032000
14 0.857000 0.058000 0.018000 0.032000
14 0.835000 0.056000 0.018000 0.032000
9 0.808000 0.058000 0.016000 0.032000
14 0.782000 0.053000 0.016000 0.030000
14 0.762000 0.046000 0.016000 0.028000
14 0.879000 0.153000 0.018000 0.030000
9 0.853000 0.150000 0.018000 0.032000
14 0.828000 0.150000 0.020000 0.028000
14 0.831000 0.116000 0.018000 0.032000
9 0.788000 0.117000 0.020000 0.034000
9 0.761000 0.120000 0.018000 0.032000
14 0.763000 0.156000 0.018000 0.032000
9 0.715000 0.047000 0.014000 0.030000
14 0.708000 0.012000 0.020000 0.024000
9 0.704000 0.083000 0.024000 0.038000
14 0.666000 0.151000 0.036000 0.022000
14 0.913000 0.681000 0.026000 0.038000
9 0.805000 0.502000 0.022000 0.024000
14 0.823000 0.542000 0.026000 0.032000
12 0.903000 0.529000 0.046000 0.030000
14 0.927000 0.565000 0.042000 0.030000
12 0.933000 0.581000 0.050000 0.030000
9 0.944000 0.599000 0.044000 0.030000
14 0.953000 0.616000 0.046000 0.036000
12 0.991000 0.745000 0.018000 0.030000
11 0.993000 0.607000 0.014000 0.022000
11 0.987000 0.583000 0.026000 0.022000
11 0.982000 0.562000 0.036000 0.024000
11 0.977000 0.542000 0.046000 0.024000
11 0.971000 0.519000 0.058000 0.026000
14 0.720000 0.398000 0.020000 0.036000
9 0.767000 0.399000 0.018000 0.034000
9 0.800000 0.399000 0.020000 0.034000
14 0.830000 0.395000 0.020000 0.034000
9 0.854000 0.397000 0.020000 0.034000
12 0.889000 0.396000 0.018000 0.040000
9 0.912000 0.397000 0.020000 0.034000
9 0.936000 0.400000 0.016000 0.024000
14 0.845000 0.348000 0.030000 0.016000
14 0.804000 0.347000 0.040000 0.014000
9 0.851000 0.295000 0.018000 0.022000
9 0.784000 0.298000 0.020000 0.020000
9 0.761000 0.302000 0.018000 0.032000
14 0.932000 0.195000 0.020000 0.026000
9 0.850000 0.233000 0.020000 0.034000
9 0.863000 0.205000 0.042000 0.014000
9 0.827000 0.230000 0.018000 0.028000
14 0.786000 0.230000 0.016000 0.032000
9 0.775000 0.205000 0.038000 0.014000
14 0.759000 0.232000 0.018000 0.028000
9 0.651000 0.231000 0.046000 0.018000
9 0.647000 0.212000 0.042000 0.024000
14 0.691000 0.209000 0.022000 0.034000
14 0.686000 0.248000 0.020000 0.032000
9 0.695000 0.286000 0.030000 0.040000
14 0.666000 0.274000 0.020000 0.040000
14 0.597000 0.228000 0.034000 0.044000
9 0.493000 0.298000 0.042000 0.024000
14 0.483000 0.269000 0.042000 0.026000
12 0.425000 0.303000 0.050000 0.030000
9 0.093000 0.002000 0.034000 0.004000
9 0.141000 0.060000 0.014000 0.020000
14 0.150000 0.090000 0.036000 0.044000
14 0.250000 0.271000 0.040000 0.042000
18 0.369000 0.427000 0.182000 0.042000
12 0.099000 0.555000 0.034000 0.046000
12 0.134000 0.708000 0.056000 0.036000
17 0.095000 0.664000 0.082000 0.040000
13 0.082000 0.887000 0.052000 0.062000
15 0.531000 0.870000 0.070000 0.140000
9 0.442000 0.891000 0.032000 0.038000
14 0.327000 0.684000 0.022000 0.024000
9 0.303000 0.642000 0.034000 0.036000
14 0.327000 0.521000 0.034000 0.042000
9 0.347000 0.506000 0.034000 0.040000
12 0.394000 0.530000 0.032000 0.040000
14 0.370000 0.550000 0.032000 0.036000
14 0.354000 0.570000 0.036000 0.044000
14 0.401000 0.596000 0.030000 0.036000
9 0.428000 0.650000 0.032000 0.040000
14 0.462000 0.655000 0.032000 0.038000
14 0.454000 0.694000 0.032000 0.036000
9 0.478000 0.740000 0.040000 0.048000
9 0.499000 0.779000 0.034000 0.042000
9 0.608000 0.929000 0.028000 0.038000
12 0.626000 0.963000 0.036000 0.042000
9 0.644000 0.989000 0.028000 0.022000
12 0.017000 0.349000 0.034000 0.018000
35 0.538000 0.906000 0.220000 0.188000
35 0.298000 0.432000 0.320000 0.080000