35 0.802000 0.162000 0.152000 0.152000
9 0.940000 0.120000 0.048000 0.032000
12 0.730000 0.097000 0.040000 0.042000
13 0.731000 0.063000 0.054000 0.050000
12 0.694000 0.062000 0.044000 0.044000
12 0.353000 0.293000 0.046000 0.046000
11 0.337000 0.358000 0.058000 0.048000
12 0.263000 0.400000 0.066000 0.068000
9 0.939000 0.791000 0.038000 0.050000
14 0.939000 0.201000 0.054000 0.034000
14 0.671000 0.201000 0.070000 0.046000
14 0.974000 0.583000 0.036000 0.042000
9 0.910000 0.706000 0.036000 0.044000
9 0.867000 0.790000 0.034000 0.040000
14 0.831000 0.854000 0.042000 0.044000
9 0.850000 0.955000 0.036000 0.042000
9 0.199000 0.308000 0.046000 0.044000