25 0.109370 0.758698 0.021234 0.028016
25 0.118132 0.779258 0.020560 0.026660
25 0.125884 0.802304 0.021234 0.027564
25 0.133636 0.824446 0.021234 0.026660
25 0.142568 0.847040 0.020896 0.026660
29 0.612740 0.435156 0.027638 0.038862
29 0.516514 0.490284 0.023930 0.033438
29 0.470172 0.520108 0.023592 0.033438
29 0.493260 0.505196 0.023256 0.033438
29 0.138018 0.685946 0.019212 0.025306
19 0.153354 0.674198 0.020222 0.028016
26 0.169700 0.664708 0.021908 0.030728
26 0.185878 0.654768 0.020560 0.031632
25 0.226828 0.632626 0.020896 0.028016
26 0.243174 0.654768 0.022582 0.027112
25 0.206774 0.805694 0.021908 0.027112
25 0.272834 0.809986 0.021908 0.027564
25 0.320020 0.869408 0.020560 0.027112
29 0.327436 0.889290 0.019212 0.025306
19 0.330132 0.922956 0.018538 0.025756
19 0.296258 0.948712 0.019548 0.026660
29 0.638860 0.993447 0.017864 0.013105
25 0.707786 0.956168 0.019548 0.026208
32 0.894674 0.812020 0.026626 0.041572