11 0.141000 0.670000 0.026000 0.048000
14 0.111000 0.848000 0.022000 0.024000
14 0.252000 0.927000 0.020000 0.038000
9 0.109000 0.946000 0.042000 0.012000
12 0.111000 0.920000 0.046000 0.032000
12 0.057000 0.920000 0.022000 0.032000
14 0.038000 0.920000 0.020000 0.036000
14 0.228000 0.851000 0.028000 0.038000
12 0.208000 0.858000 0.036000 0.040000
9 0.094000 0.738000 0.040000 0.012000
9 0.408000 0.745000 0.044000 0.014000
9 0.451000 0.749000 0.046000 0.018000
9 0.496000 0.686000 0.020000 0.024000
14 0.561000 0.733000 0.022000 0.034000
14 0.561000 0.640000 0.018000 0.036000
12 0.100000 0.499000 0.020000 0.042000
14 0.134000 0.613000 0.020000 0.034000
9 0.267000 0.482000 0.022000 0.040000
9 0.207000 0.448000 0.046000 0.016000
12 0.594000 0.507000 0.020000 0.038000
9 0.621000 0.403000 0.030000 0.042000
14 0.405000 0.445000 0.046000 0.014000
9 0.341000 0.401000 0.042000 0.014000
9 0.318000 0.383000 0.028000 0.022000
9 0.182000 0.023000 0.036000 0.010000