9 0.582500 0.303334 0.045000 0.033334
9 0.905000 0.048334 0.025000 0.063334
9 0.903750 0.123334 0.017500 0.060000
12 0.905000 0.190000 0.025000 0.066666
9 0.997500 0.071666 0.005000 0.056666
14 0.998750 0.248334 0.002500 0.063334
9 0.905000 0.371666 0.025000 0.056666
12 0.907500 0.433334 0.025000 0.060000
14 0.997500 0.535000 0.005000 0.063334
14 0.998750 0.608334 0.002500 0.063334
14 0.905000 0.568334 0.030000 0.063334
14 0.941250 0.688334 0.017500 0.056666
9 0.978750 0.875000 0.042500 0.023334
9 0.688750 0.028334 0.022500 0.056666
9 0.741250 0.028334 0.022500 0.056666
9 0.715000 0.035000 0.020000 0.056666
9 0.666250 0.031667 0.022500 0.063333
9 0.793750 0.213334 0.052500 0.046666
9 0.618750 0.126666 0.027500 0.060000
9 0.631250 0.295000 0.057500 0.036666
9 0.778750 0.300000 0.052500 0.026666
9 0.526250 0.298334 0.052500 0.030000
11 0.533750 0.330000 0.047500 0.033334
9 0.546250 0.366666 0.042500 0.026666
14 0.888750 0.680000 0.027500 0.060000
12 0.837500 0.680000 0.025000 0.060000
14 0.815000 0.680000 0.020000 0.060000
9 0.735000 0.676666 0.025000 0.060000
9 0.712500 0.680000 0.020000 0.060000
12 0.645000 0.673334 0.020000 0.053334
12 0.613750 0.676666 0.022500 0.060000
14 0.587500 0.685000 0.025000 0.050000
14 0.562500 0.681666 0.025000 0.056666
14 0.593750 0.558334 0.047500 0.023334
9 0.398750 0.916666 0.052500 0.033334
9 0.401250 0.888334 0.047500 0.030000
9 0.410000 0.845000 0.055000 0.030000
9 0.301250 0.586666 0.052500 0.026666
9 0.381250 0.376666 0.062500 0.026666
9 0.321250 0.301666 0.027500 0.076666
14 0.091250 0.226666 0.032500 0.066666
14 0.087500 0.113334 0.075000 0.033334
9 0.412500 0.051666 0.050000 0.030000
9 0.191250 0.068334 0.047500 0.023334
9 0.010000 0.828334 0.020000 0.056666
9 0.006250 0.368334 0.012500 0.050000
9 0.006250 0.308334 0.012500 0.056666
9 0.008750 0.193334 0.017500 0.053334
9 0.587500 0.030000 0.025000 0.060000