35 0.786000 0.712000 0.372000 0.260000
35 0.249000 0.912000 0.202000 0.176000
14 0.152000 0.977000 0.044000 0.030000
14 0.239000 0.914000 0.038000 0.024000
14 0.265000 0.880000 0.034000 0.024000
12 0.318000 0.903000 0.068000 0.046000
12 0.435000 0.891000 0.094000 0.054000
14 0.462000 0.844000 0.032000 0.024000
11 0.519000 0.818000 0.058000 0.036000
14 0.583000 0.793000 0.034000 0.022000
14 0.790000 0.738000 0.040000 0.028000
14 0.740000 0.842000 0.040000 0.028000
14 0.976000 0.623000 0.032000 0.022000
14 0.896000 0.518000 0.024000 0.032000
14 0.937000 0.506000 0.026000 0.032000
14 0.942000 0.421000 0.036000 0.018000
14 0.943000 0.439000 0.030000 0.018000
14 0.954000 0.454000 0.028000 0.016000
14 0.960000 0.467000 0.040000 0.022000
14 0.969000 0.486000 0.026000 0.012000
14 0.973000 0.501000 0.026000 0.018000
14 0.940000 0.847000 0.028000 0.026000
14 0.588000 0.614000 0.028000 0.020000
14 0.535000 0.587000 0.042000 0.030000
12 0.473000 0.559000 0.066000 0.042000
14 0.420000 0.538000 0.028000 0.020000
9 0.377000 0.517000 0.038000 0.026000
11 0.319000 0.490000 0.034000 0.024000
14 0.220000 0.443000 0.032000 0.022000
14 0.175000 0.420000 0.034000 0.024000
14 0.066000 0.542000 0.028000 0.012000
14 0.069000 0.512000 0.038000 0.016000
14 0.071000 0.495000 0.038000 0.014000
14 0.076000 0.464000 0.032000 0.012000
14 0.077000 0.448000 0.038000 0.012000
14 0.071000 0.704000 0.022000 0.032000
14 0.017000 0.698000 0.014000 0.028000
14 0.110000 0.852000 0.036000 0.036000
14 0.102000 0.875000 0.028000 0.030000
9 0.772000 0.865000 0.028000 0.026000
14 0.789000 0.881000 0.022000 0.022000
14 0.807000 0.893000 0.026000 0.022000
14 0.818000 0.906000 0.024000 0.024000
14 0.841000 0.920000 0.026000 0.024000
14 0.718000 0.889000 0.036000 0.026000
12 0.981000 0.884000 0.038000 0.044000
14 0.883000 0.211000 0.030000 0.022000
14 0.895000 0.224000 0.026000 0.020000