14 0.976666 0.380000 0.046666 0.020000
9 0.965000 0.321250 0.050000 0.037500
9 0.970000 0.198750 0.046666 0.037500
14 0.595000 0.335000 0.070000 0.015000
9 0.586666 0.291250 0.060000 0.017500
14 0.590000 0.311250 0.073334 0.022500
14 0.591666 0.276250 0.063334 0.017500
9 0.603334 0.261250 0.053334 0.017500
9 0.603334 0.243750 0.053334 0.022500
9 0.866666 0.196250 0.040000 0.047500
9 0.831666 0.190000 0.036666 0.050000
9 0.775000 0.285000 0.050000 0.020000
9 0.716666 0.265000 0.033334 0.045000
12 0.663334 0.255000 0.033334 0.035000
9 0.081666 0.090000 0.076666 0.020000
12 0.075000 0.111250 0.076666 0.017500
14 0.181666 0.202500 0.056666 0.020000
9 0.073334 0.153750 0.073334 0.022500
9 0.921666 0.590000 0.076666 0.020000
12 0.746666 0.568750 0.093334 0.027500
9 0.600000 0.556250 0.066666 0.022500
14 0.526666 0.548750 0.073334 0.022500
9 0.495000 0.481250 0.036666 0.047500
9 0.500000 0.440000 0.026666 0.030000
9 0.401666 0.473750 0.043334 0.047500
9 0.290000 0.525000 0.060000 0.025000
9 0.368334 0.532500 0.076666 0.020000
14 0.195000 0.515000 0.083334 0.030000
14 0.918334 0.897500 0.076666 0.020000
14 0.911666 0.923750 0.083334 0.017500
9 0.891666 0.966250 0.076666 0.022500
14 0.466666 0.820000 0.060000 0.040000
12 0.371666 0.798750 0.030000 0.042500