29 0.458856 0.177803 0.029725 0.035635
29 0.483574 0.160914 0.029725 0.035263
28 0.505631 0.142725 0.035043 0.041202
21 0.500470 0.104306 0.040362 0.046027
27 0.528161 0.046957 0.034417 0.039719
27 0.561014 0.106348 0.033791 0.041944
27 0.587296 0.089087 0.033791 0.040832
28 0.637672 0.055123 0.038798 0.046399
21 0.587610 0.189866 0.035670 0.042688
21 0.601690 0.217335 0.037548 0.043430
21 0.615456 0.245916 0.038172 0.044172
21 0.630789 0.279324 0.038172 0.043430
21 0.644087 0.308834 0.040362 0.046027
21 0.658011 0.337603 0.040050 0.044914
27 0.670995 0.367297 0.032853 0.039719
29 0.717772 0.363586 0.018773 0.023386
27 0.793178 0.423719 0.033791 0.038975
27 0.771903 0.296215 0.032541 0.040089
22 0.887985 0.448774 0.034417 0.041574
22 0.781446 0.131403 0.032853 0.042316
28 0.949781 0.020972 0.035358 0.041202
25 0.958230 0.317557 0.020963 0.025613
20 0.982322 0.556792 0.035356 0.045286
36 0.033479 0.032294 0.023154 0.018561
36 0.032071 0.066259 0.022215 0.011508
36 0.017835 0.111545 0.024406 0.013733
36 0.430225 0.872310 0.036296 0.037119