35 0.947000 0.386000 0.066000 0.064000
35 0.493000 0.502000 0.154000 0.176000
13 0.976000 0.955000 0.032000 0.030000
13 0.946000 0.936000 0.032000 0.028000
14 0.978000 0.921000 0.036000 0.034000
14 0.897000 0.853000 0.034000 0.034000
13 0.843000 0.810000 0.042000 0.040000
14 0.832000 0.762000 0.032000 0.028000
14 0.801000 0.775000 0.030000 0.030000
11 0.725000 0.749000 0.042000 0.038000
9 0.730000 0.717000 0.040000 0.038000
11 0.670000 0.668000 0.068000 0.060000
9 0.607000 0.615000 0.038000 0.034000
14 0.510000 0.906000 0.028000 0.032000
14 0.498000 0.676000 0.032000 0.032000
14 0.495000 0.644000 0.030000 0.032000
14 0.509000 0.636000 0.030000 0.028000
13 0.217000 0.455000 0.034000 0.034000
13 0.191000 0.458000 0.034000 0.028000
13 0.165000 0.460000 0.038000 0.036000
9 0.137000 0.463000 0.038000 0.034000
14 0.078000 0.469000 0.032000 0.030000
11 0.385000 0.399000 0.050000 0.046000
14 0.396000 0.378000 0.032000 0.028000
13 0.326000 0.354000 0.044000 0.040000
11 0.250000 0.363000 0.032000 0.030000
13 0.289000 0.324000 0.042000 0.040000
14 0.244000 0.284000 0.036000 0.032000
14 0.172000 0.226000 0.036000 0.032000
13 0.076000 0.150000 0.032000 0.028000
14 0.042000 0.104000 0.040000 0.036000
14 0.878000 0.404000 0.032000 0.028000
14 0.866000 0.416000 0.028000 0.024000
14 0.716000 0.382000 0.028000 0.024000
14 0.622000 0.341000 0.020000 0.026000
14 0.656000 0.311000 0.032000 0.026000
9 0.774000 0.235000 0.036000 0.038000
9 0.747000 0.207000 0.038000 0.030000
14 0.773000 0.181000 0.034000 0.026000
14 0.797000 0.153000 0.034000 0.026000
14 0.806000 0.137000 0.040000 0.030000
13 0.823000 0.125000 0.034000 0.026000
9 0.557000 0.323000 0.042000 0.030000
9 0.611000 0.270000 0.038000 0.028000
13 0.595000 0.258000 0.030000 0.024000
9 0.652000 0.224000 0.028000 0.036000
12 0.619000 0.197000 0.030000 0.038000
13 0.601000 0.189000 0.026000 0.034000
14 0.405000 0.203000 0.030000 0.030000
14 0.244000 0.162000 0.040000 0.036000
14 0.291000 0.134000 0.026000 0.028000
14 0.330000 0.106000 0.036000 0.036000
14 0.830000 0.040000 0.032000 0.036000
14 0.827000 0.008000 0.026000 0.016000
12 0.256000 0.004000 0.032000 0.008000