1 0.989000 0.496000 0.022000 0.028000
1 0.975000 0.426000 0.038000 0.024000
1 0.954000 0.441000 0.020000 0.026000
1 0.943000 0.448000 0.022000 0.028000
1 0.928000 0.456000 0.024000 0.028000
1 0.916000 0.462000 0.024000 0.028000
1 0.984000 0.481000 0.032000 0.026000
1 0.908000 0.491000 0.036000 0.018000
1 0.915000 0.503000 0.038000 0.010000
1 0.924000 0.515000 0.040000 0.014000
1 0.934000 0.527000 0.036000 0.014000
1 0.941000 0.539000 0.038000 0.018000
1 0.953000 0.552000 0.038000 0.016000
1 0.961000 0.568000 0.034000 0.012000
1 0.967000 0.580000 0.034000 0.016000
1 0.979000 0.596000 0.042000 0.020000
1 0.852000 0.485000 0.036000 0.026000
1 0.863000 0.498000 0.038000 0.028000
1 0.863000 0.518000 0.042000 0.028000
1 0.881000 0.529000 0.038000 0.026000
1 0.892000 0.542000 0.040000 0.028000
1 0.900000 0.558000 0.044000 0.032000
1 0.910000 0.573000 0.040000 0.030000
1 0.927000 0.602000 0.042000 0.028000
1 0.940000 0.618000 0.036000 0.024000
1 0.950000 0.633000 0.040000 0.030000
1 0.959000 0.649000 0.038000 0.030000
1 0.970000 0.662000 0.040000 0.028000
1 0.984000 0.692000 0.032000 0.028000
1 0.788000 0.524000 0.044000 0.024000
1 0.791000 0.545000 0.042000 0.018000
1 0.801000 0.557000 0.046000 0.018000
1 0.805000 0.573000 0.038000 0.018000
1 0.814000 0.587000 0.040000 0.014000
1 0.825000 0.605000 0.038000 0.014000
1 0.835000 0.617000 0.042000 0.018000
1 0.851000 0.630000 0.054000 0.024000
1 0.857000 0.644000 0.042000 0.020000
1 0.866000 0.661000 0.044000 0.018000
1 0.877000 0.675000 0.042000 0.018000
1 0.889000 0.689000 0.046000 0.014000
1 0.895000 0.705000 0.042000 0.022000
1 0.906000 0.718000 0.044000 0.024000
1 0.916000 0.737000 0.040000 0.030000
1 0.930000 0.750000 0.036000 0.032000
1 0.937000 0.766000 0.042000 0.032000
1 0.752000 0.572000 0.040000 0.040000
1 0.762000 0.586000 0.036000 0.036000
1 0.770000 0.602000 0.036000 0.036000
1 0.779000 0.621000 0.034000 0.034000
1 0.792000 0.639000 0.040000 0.038000
1 0.802000 0.656000 0.040000 0.040000
1 0.815000 0.679000 0.054000 0.034000
1 0.820000 0.701000 0.060000 0.038000
1 0.834000 0.719000 0.056000 0.038000
1 0.846000 0.736000 0.060000 0.040000
1 0.857000 0.754000 0.054000 0.036000
1 0.877000 0.790000 0.054000 0.036000
1 0.704000 0.575000 0.032000 0.038000
1 0.691000 0.626000 0.034000 0.036000
5 0.445000 0.782000 0.310000 0.208000
5 0.484000 0.834000 0.152000 0.128000
5 0.551000 0.876000 0.154000 0.128000
1 0.940000 0.925000 0.048000 0.038000
1 0.970000 0.932000 0.044000 0.032000
1 0.932000 0.952000 0.036000 0.028000
1 0.889000 0.982000 0.042000 0.032000
4 0.837000 0.973000 0.066000 0.054000
4 0.781000 0.993000 0.054000 0.014000