29 0.151000 0.152000 0.078000 0.080000
29 0.227000 0.133000 0.070000 0.078000
29 0.292000 0.129000 0.064000 0.074000
29 0.371000 0.139000 0.082000 0.086000
29 0.193000 0.159000 0.054000 0.054000
29 0.168000 0.197000 0.052000 0.042000
29 0.134000 0.222000 0.076000 0.068000
29 0.162000 0.262000 0.080000 0.080000
29 0.296000 0.388000 0.076000 0.080000
29 0.324000 0.428000 0.048000 0.048000
29 0.245000 0.480000 0.050000 0.044000
29 0.459000 0.405000 0.074000 0.066000
29 0.567000 0.412000 0.054000 0.052000
29 0.741000 0.238000 0.082000 0.080000
29 0.757000 0.303000 0.062000 0.058000
29 0.750000 0.350000 0.060000 0.060000
29 0.649000 0.406000 0.058000 0.060000