7 0.067500 0.376000 0.121000 0.184000
2 0.353000 0.275000 0.096000 0.050000
5 0.172500 0.567500 0.089000 0.145000
2 0.278500 0.642500 0.057000 0.095000
2 0.298500 0.652500 0.055000 0.089000
2 0.235000 0.621000 0.060000 0.094000
2 0.257000 0.633500 0.054000 0.091000
2 0.316000 0.662000 0.056000 0.088000
2 0.335000 0.677500 0.048000 0.075000
2 0.355000 0.681500 0.050000 0.087000
2 0.373500 0.685500 0.059000 0.091000
2 0.387000 0.703000 0.044000 0.070000
2 0.578500 0.819000 0.081000 0.048000
5 0.621500 0.881000 0.079000 0.132000
2 0.923500 0.901500 0.041000 0.073000
2 0.939000 0.909500 0.044000 0.075000
2 0.908000 0.897000 0.044000 0.072000
2 0.433500 0.755000 0.083000 0.052000
2 0.948500 0.100500 0.041000 0.029000
2 0.940000 0.112000 0.042000 0.030000
2 0.896500 0.115500 0.017000 0.027000
2 0.838000 0.063000 0.026000 0.040000
2 0.754500 0.043500 0.079000 0.043000
2 0.749500 0.057500 0.073000 0.039000
2 0.729000 0.132500 0.056000 0.089000
2 0.653000 0.028000 0.100000 0.056000
2 0.670500 0.017000 0.085000 0.034000
5 0.133000 0.555000 0.098000 0.134000