7 0.015000 0.272500 0.030000 0.063000
7 0.584000 0.144000 0.234000 0.092000
7 0.680000 0.450500 0.058000 0.239000
2 0.898500 0.606500 0.021000 0.087000
2 0.959000 0.502000 0.050000 0.028000
2 0.965000 0.520000 0.070000 0.036000
2 0.961000 0.533500 0.054000 0.031000
2 0.913000 0.509500 0.012000 0.061000
2 0.899500 0.508500 0.015000 0.063000
2 0.886000 0.508500 0.012000 0.063000
2 0.880500 0.598000 0.027000 0.116000
2 0.914500 0.617000 0.023000 0.084000
2 0.002500 0.983000 0.005000 0.034000
3 0.467500 0.059500 0.017000 0.039000
3 0.657500 0.076500 0.019000 0.041000