29 0.741112 0.191112 0.060000 0.057778
29 0.587778 0.154444 0.051112 0.046666
26 0.555556 0.206666 0.106666 0.124444
29 0.473334 0.147778 0.062222 0.064444
29 0.363334 0.157778 0.060000 0.062222
29 0.322222 0.162222 0.066666 0.066666
29 0.120000 0.111112 0.057778 0.057778
29 0.167778 0.018889 0.060000 0.037778
29 0.231112 0.011111 0.057778 0.022223
29 0.303334 0.016667 0.086666 0.033333
29 0.386666 0.013333 0.080000 0.026666
29 0.452222 0.577778 0.086666 0.084444
29 0.362222 0.571112 0.053334 0.053334
29 0.321112 0.562222 0.042222 0.053334