9 0.192500 0.105000 0.040000 0.023334
14 0.195000 0.166666 0.045000 0.026666
14 0.190000 0.273334 0.040000 0.020000
14 0.198750 0.303334 0.047500 0.026666
9 0.197500 0.356666 0.045000 0.020000
14 0.195000 0.390000 0.045000 0.026666
9 0.198750 0.438334 0.037500 0.023334
9 0.192500 0.470000 0.050000 0.020000
14 0.196250 0.518334 0.042500 0.023334
9 0.196250 0.575000 0.047500 0.023334
14 0.182500 0.631666 0.030000 0.023334
9 0.200000 0.656666 0.035000 0.020000
14 0.196250 0.685000 0.047500 0.023334
14 0.193750 0.710000 0.037500 0.020000
9 0.197500 0.735000 0.045000 0.023334
14 0.200000 0.766666 0.050000 0.026666
12 0.192500 0.800000 0.060000 0.026666
14 0.152500 0.853334 0.015000 0.053334
14 0.127500 0.860000 0.015000 0.060000
14 0.103750 0.858334 0.017500 0.043334
14 0.078750 0.856666 0.017500 0.060000
9 0.052500 0.860000 0.015000 0.053334
14 0.028750 0.866666 0.017500 0.040000
14 0.007500 0.860000 0.015000 0.060000
9 0.015000 0.428334 0.030000 0.023334
9 0.015000 0.450000 0.030000 0.020000
9 0.016250 0.475000 0.032500 0.023334
9 0.017500 0.510000 0.035000 0.020000
9 0.018750 0.533334 0.037500 0.020000
14 0.017500 0.565000 0.035000 0.023334
9 0.017500 0.591666 0.035000 0.030000
9 0.018750 0.618334 0.037500 0.023334
9 0.016250 0.643334 0.032500 0.026666
14 0.017500 0.676666 0.035000 0.026666
9 0.017500 0.701666 0.035000 0.023334
9 0.068750 0.421666 0.042500 0.016666
14 0.062500 0.450000 0.040000 0.020000
9 0.063750 0.483334 0.047500 0.026666
9 0.063750 0.510000 0.042500 0.020000
14 0.066250 0.535000 0.042500 0.023334
14 0.065000 0.591666 0.045000 0.023334
9 0.063750 0.618334 0.042500 0.023334
9 0.062500 0.646666 0.050000 0.026666
9 0.068750 0.671666 0.047500 0.030000
14 0.066250 0.698334 0.047500 0.023334
14 0.062500 0.233334 0.045000 0.026666
9 0.062500 0.150000 0.045000 0.020000
9 0.905000 0.740000 0.020000 0.060000