2 0.787000 0.061000 0.044000 0.028000
2 0.829000 0.080000 0.052000 0.030000
2 0.836000 0.097000 0.046000 0.032000
5 0.907000 0.120000 0.062000 0.046000
5 0.898500 0.146500 0.083000 0.057000
2 0.746500 0.076500 0.017000 0.027000
2 0.739000 0.075500 0.018000 0.029000
2 0.602500 0.103500 0.059000 0.091000
2 0.572500 0.088000 0.065000 0.090000
2 0.555000 0.086000 0.046000 0.068000
2 0.511000 0.002000 0.066000 0.004000
2 0.020000 0.561000 0.040000 0.086000
2 0.065000 0.575000 0.066000 0.100000
2 0.087000 0.594000 0.060000 0.084000
2 0.104000 0.608500 0.048000 0.077000
2 0.140000 0.615500 0.062000 0.087000
2 0.169000 0.628000 0.058000 0.094000
2 0.235000 0.694000 0.106000 0.066000
2 0.421000 0.495000 0.050000 0.086000
5 0.469500 0.845000 0.079000 0.132000
2 0.756000 0.842500 0.060000 0.095000
2 0.772500 0.855000 0.043000 0.070000
2 0.785500 0.861000 0.029000 0.046000
2 0.703000 0.954000 0.046000 0.078000
2 0.718000 0.962500 0.048000 0.075000
2 0.964000 0.897000 0.072000 0.046000
2 0.971000 0.967500 0.058000 0.041000