12 0.169000 0.841000 0.054000 0.018000
14 0.050000 0.786000 0.048000 0.020000
14 0.047000 0.504000 0.046000 0.016000
14 0.069000 0.162000 0.034000 0.036000
9 0.173000 0.090000 0.034000 0.040000
14 0.094000 0.165000 0.032000 0.034000
14 0.120000 0.166000 0.032000 0.036000
14 0.150000 0.163000 0.032000 0.038000
14 0.177000 0.161000 0.030000 0.034000
9 0.200000 0.167000 0.032000 0.034000
9 0.251000 0.166000 0.030000 0.036000
9 0.198000 0.090000 0.036000 0.040000
14 0.223000 0.088000 0.030000 0.036000
14 0.273000 0.091000 0.038000 0.042000
14 0.328000 0.091000 0.036000 0.042000
12 0.309000 0.416000 0.042000 0.016000
14 0.436000 0.461000 0.040000 0.018000
9 0.510000 0.462000 0.048000 0.016000
9 0.609000 0.462000 0.042000 0.020000
9 0.842000 0.417000 0.044000 0.014000
14 0.901000 0.414000 0.050000 0.016000
12 0.988000 0.237000 0.024000 0.046000
14 0.961000 0.213000 0.014000 0.034000
14 0.964000 0.246000 0.016000 0.028000
12 0.644000 0.624000 0.028000 0.040000
12 0.340000 0.961000 0.040000 0.018000
14 0.448000 0.978000 0.040000 0.012000
9 0.908000 0.681000 0.024000 0.038000
14 0.936000 0.681000 0.020000 0.038000