1 0.099000 0.456000 0.046000 0.068000
1 0.073000 0.507000 0.034000 0.050000
1 0.046000 0.556000 0.040000 0.060000
1 0.093000 0.570000 0.038000 0.048000
1 0.124000 0.540000 0.048000 0.036000
1 0.137000 0.518000 0.050000 0.028000
1 0.144000 0.471000 0.036000 0.054000
4 0.385000 0.590000 0.054000 0.108000
0 0.552000 0.523000 0.120000 0.142000
4 0.550000 0.419000 0.052000 0.054000
4 0.624000 0.507000 0.056000 0.062000
1 0.679000 0.847000 0.078000 0.078000
1 0.817000 0.637000 0.090000 0.018000
1 0.772000 0.662000 0.060000 0.016000
1 0.777000 0.736000 0.050000 0.020000
1 0.778000 0.756000 0.048000 0.016000
1 0.839000 0.662000 0.054000 0.012000
1 0.842000 0.682000 0.052000 0.020000
1 0.839000 0.721000 0.054000 0.010000
1 0.840000 0.738000 0.052000 0.012000
1 0.842000 0.757000 0.060000 0.014000
1 0.842000 0.776000 0.052000 0.020000
1 0.967000 0.431000 0.054000 0.014000
1 0.964000 0.454000 0.052000 0.012000
1 0.958000 0.480000 0.056000 0.012000
1 0.964000 0.499000 0.060000 0.014000
1 0.954000 0.521000 0.064000 0.010000
1 0.962000 0.566000 0.056000 0.016000
1 0.960000 0.544000 0.064000 0.020000
1 0.960000 0.585000 0.056000 0.010000
1 0.962000 0.624000 0.048000 0.016000
1 0.962000 0.645000 0.056000 0.014000
1 0.966000 0.663000 0.048000 0.014000
1 0.963000 0.683000 0.050000 0.010000
1 0.967000 0.701000 0.042000 0.014000
1 0.969000 0.736000 0.050000 0.012000
1 0.964000 0.762000 0.048000 0.036000
1 0.981000 0.340000 0.038000 0.036000
1 0.689000 0.314000 0.046000 0.016000
35 0.425000 0.012000 0.198000 0.024000