7 0.774000 0.219500 0.174000 0.101000
7 0.480000 0.575500 0.052000 0.029000
7 0.485500 0.590000 0.067000 0.038000
7 0.405000 0.576000 0.016000 0.062000
7 0.416500 0.578500 0.017000 0.067000
7 0.429000 0.582000 0.018000 0.058000
7 0.199000 0.520500 0.072000 0.241000
7 0.606000 0.213500 0.028000 0.123000
7 0.596000 0.453000 0.056000 0.258000
7 0.108500 0.211500 0.217000 0.095000
3 0.179000 0.149000 0.020000 0.042000
7 0.997000 0.499000 0.006000 0.262000
4 0.850500 0.647000 0.033000 0.040000
3 0.994000 0.900000 0.012000 0.058000
6 0.629000 0.761500 0.106000 0.063000
3 0.983000 0.402500 0.030000 0.017000
7 0.524000 0.769500 0.024000 0.089000
6 0.531000 0.654000 0.026000 0.112000
6 0.401000 0.667000 0.028000 0.118000
6 0.419500 0.676500 0.025000 0.083000
6 0.434000 0.686500 0.018000 0.083000
4 0.480000 0.602000 0.054000 0.034000