5 0.048000 0.663000 0.096000 0.050000
2 0.130000 0.649000 0.072000 0.026000
2 0.128000 0.632000 0.072000 0.024000
2 0.221000 0.656000 0.070000 0.028000
7 0.316000 0.640000 0.088000 0.036000
5 0.303000 0.611000 0.106000 0.054000
7 0.544000 0.547000 0.096000 0.042000
7 0.555000 0.520000 0.118000 0.048000
7 0.701000 0.540000 0.218000 0.088000
5 0.676000 0.506000 0.124000 0.064000
2 0.801000 0.448000 0.138000 0.040000
2 0.725000 0.565000 0.146000 0.058000
2 0.803000 0.467000 0.074000 0.018000
2 0.807000 0.481000 0.070000 0.018000