1 0.055000 0.010000 0.042000 0.020000
1 0.160000 0.007000 0.048000 0.014000
1 0.191000 0.018000 0.086000 0.036000
1 0.877000 0.408000 0.022000 0.044000
1 0.852000 0.413000 0.016000 0.050000
1 0.804000 0.418000 0.020000 0.040000
1 0.726000 0.430000 0.028000 0.044000
1 0.669000 0.427000 0.034000 0.074000
1 0.617000 0.443000 0.026000 0.050000
1 0.591000 0.441000 0.022000 0.038000
1 0.561000 0.450000 0.030000 0.056000
1 0.454000 0.463000 0.036000 0.070000
1 0.428000 0.482000 0.028000 0.040000
1 0.396000 0.477000 0.032000 0.058000
7 0.315000 0.448000 0.082000 0.144000
0 0.245000 0.465000 0.070000 0.102000
0 0.225000 0.508000 0.050000 0.084000
0 0.185000 0.510000 0.066000 0.096000
5 0.155000 0.536000 0.078000 0.116000
1 0.296000 0.542000 0.036000 0.028000
1 0.532000 0.460000 0.028000 0.048000
1 0.825000 0.420000 0.022000 0.040000
5 0.135000 0.551000 0.046000 0.074000
1 0.507000 0.465000 0.022000 0.034000