9 0.322000 0.706000 0.020000 0.036000
9 0.244000 0.354000 0.020000 0.036000
9 0.330000 0.993000 0.048000 0.014000
9 0.919000 0.720000 0.022000 0.036000
9 0.894000 0.724000 0.020000 0.040000
9 0.711000 0.663000 0.046000 0.018000
9 0.714000 0.682000 0.044000 0.016000
14 0.715000 0.704000 0.046000 0.016000
9 0.797000 0.679000 0.018000 0.034000
9 0.832000 0.655000 0.048000 0.014000
14 0.909000 0.679000 0.022000 0.034000
14 0.938000 0.678000 0.020000 0.036000
14 0.965000 0.675000 0.022000 0.038000
9 0.985000 0.676000 0.018000 0.032000
9 0.800000 0.615000 0.048000 0.014000
9 0.855000 0.616000 0.046000 0.016000
14 0.028000 0.254000 0.044000 0.016000
9 0.302000 0.254000 0.044000 0.016000
14 0.368000 0.253000 0.040000 0.014000
9 0.531000 0.195000 0.018000 0.030000
14 0.810000 0.370000 0.040000 0.012000
14 0.820000 0.385000 0.048000 0.014000
11 0.829000 0.406000 0.078000 0.024000
14 0.821000 0.424000 0.046000 0.016000
12 0.823000 0.440000 0.054000 0.016000
14 0.823000 0.457000 0.042000 0.014000
14 0.824000 0.475000 0.048000 0.014000
9 0.858000 0.480000 0.044000 0.032000
14 0.899000 0.464000 0.030000 0.040000
9 0.882000 0.425000 0.044000 0.038000
9 0.891000 0.405000 0.042000 0.026000
9 0.870000 0.369000 0.028000 0.046000
14 0.896000 0.365000 0.028000 0.038000
9 0.943000 0.369000 0.034000 0.018000
12 0.933000 0.401000 0.054000 0.030000
14 0.934000 0.429000 0.044000 0.018000
9 0.939000 0.447000 0.034000 0.014000
14 0.939000 0.465000 0.034000 0.014000
9 0.948000 0.481000 0.036000 0.014000
9 0.927000 0.531000 0.050000 0.014000
14 0.923000 0.548000 0.042000 0.012000
14 0.971000 0.547000 0.042000 0.022000
14 0.915000 0.587000 0.022000 0.038000
9 0.952000 0.613000 0.048000 0.014000
9 0.901000 0.615000 0.042000 0.014000