9 0.790000 0.076250 0.060000 0.017500
14 0.533334 0.147500 0.026666 0.040000
9 0.533334 0.192500 0.026666 0.040000
9 0.536666 0.271250 0.026666 0.042500
9 0.405000 0.335000 0.056666 0.035000
9 0.463334 0.355000 0.060000 0.020000
9 0.550000 0.516250 0.033334 0.042500
9 0.415000 0.586250 0.050000 0.027500
14 0.408334 0.617500 0.050000 0.015000
9 0.375000 0.916250 0.070000 0.022500
14 0.753334 0.477500 0.060000 0.020000
9 0.821666 0.478750 0.063334 0.017500
9 0.803334 0.540000 0.060000 0.030000
14 0.678334 0.766250 0.030000 0.042500
9 0.765000 0.875000 0.063334 0.025000