14 0.804000 0.780000 0.040000 0.028000
9 0.039000 0.730000 0.010000 0.028000
14 0.121000 0.990000 0.018000 0.020000
9 0.121000 0.957000 0.018000 0.034000
9 0.120000 0.922000 0.016000 0.036000
9 0.120000 0.804000 0.020000 0.036000
9 0.121000 0.841000 0.022000 0.038000
9 0.122000 0.881000 0.016000 0.034000
9 0.039000 0.974000 0.018000 0.036000
9 0.038000 0.938000 0.020000 0.036000
9 0.041000 0.867000 0.018000 0.034000
9 0.041000 0.832000 0.018000 0.036000
9 0.041000 0.699000 0.018000 0.038000
14 0.043000 0.618000 0.018000 0.036000
14 0.041000 0.515000 0.018000 0.034000
14 0.123000 0.533000 0.018000 0.034000
9 0.201000 0.609000 0.042000 0.014000
9 0.251000 0.611000 0.038000 0.014000
9 0.228000 0.666000 0.036000 0.016000
9 0.294000 0.666000 0.040000 0.016000
9 0.292000 0.611000 0.040000 0.018000
14 0.346000 0.611000 0.036000 0.014000
9 0.344000 0.665000 0.044000 0.014000
9 0.510000 0.526000 0.016000 0.028000
14 0.453000 0.668000 0.042000 0.016000
9 0.432000 0.608000 0.040000 0.020000
9 0.478000 0.610000 0.040000 0.016000
9 0.501000 0.667000 0.046000 0.018000
14 0.541000 0.665000 0.038000 0.014000
14 0.582000 0.666000 0.044000 0.016000
9 0.552000 0.610000 0.040000 0.016000
14 0.600000 0.612000 0.044000 0.012000
11 0.659000 0.664000 0.062000 0.024000
9 0.675000 0.610000 0.038000 0.016000
9 0.810000 0.612000 0.040000 0.016000
14 0.850000 0.610000 0.040000 0.016000
9 0.805000 0.666000 0.042000 0.016000
9 0.855000 0.668000 0.042000 0.016000
14 0.910000 0.665000 0.036000 0.014000
12 0.828000 0.395000 0.048000 0.022000
9 0.878000 0.400000 0.024000 0.036000
9 0.868000 0.456000 0.016000 0.032000
9 0.868000 0.496000 0.024000 0.040000
12 0.874000 0.539000 0.020000 0.042000
9 0.982000 0.666000 0.036000 0.016000
9 0.921000 0.608000 0.042000 0.020000
9 0.963000 0.610000 0.042000 0.016000
9 0.997000 0.293000 0.006000 0.034000
9 0.982000 0.293000 0.016000 0.034000
9 0.984000 0.227000 0.032000 0.034000
12 0.740000 0.303000 0.044000 0.014000
9 0.756000 0.079000 0.016000 0.034000
9 0.863000 0.140000 0.018000 0.036000
14 0.823000 0.257000 0.018000 0.034000
9 0.794000 0.260000 0.020000 0.036000
14 0.333000 0.275000 0.014000 0.034000
9 0.384000 0.367000 0.020000 0.030000
14 0.372000 0.244000 0.016000 0.028000
9 0.124000 0.442000 0.020000 0.036000
14 0.122000 0.397000 0.020000 0.038000
9 0.187000 0.344000 0.038000 0.016000
14 0.122000 0.355000 0.016000 0.038000
9 0.184000 0.241000 0.044000 0.022000
9 0.181000 0.221000 0.042000 0.018000
14 0.121000 0.306000 0.018000 0.044000
9 0.121000 0.269000 0.022000 0.038000
9 0.123000 0.182000 0.018000 0.032000
9 0.124000 0.148000 0.016000 0.032000
12 0.041000 0.292000 0.022000 0.044000
14 0.042000 0.223000 0.016000 0.034000
9 0.042000 0.177000 0.020000 0.034000
9 0.043000 0.140000 0.018000 0.036000
14 0.837000 0.006000 0.046000 0.012000
14 0.796000 0.006000 0.040000 0.012000
14 0.703000 0.007000 0.042000 0.014000
14 0.589000 0.006000 0.034000 0.012000
14 0.543000 0.007000 0.038000 0.014000
9 0.492000 0.006000 0.040000 0.012000
14 0.453000 0.007000 0.038000 0.014000
9 0.351000 0.007000 0.038000 0.014000
12 0.296000 0.008000 0.052000 0.016000
9 0.042000 0.101000 0.020000 0.038000
9 0.122000 0.110000 0.016000 0.032000
9 0.120000 0.058000 0.016000 0.032000
9 0.863000 0.263000 0.030000 0.038000
9 0.719000 0.610000 0.038000 0.020000