29 0.167778 0.280000 0.086666 0.088888
29 0.252222 0.258888 0.077778 0.086666
29 0.324444 0.254444 0.071112 0.082222
29 0.412222 0.265556 0.091112 0.095556
29 0.214444 0.287778 0.060000 0.060000
29 0.186666 0.330000 0.057778 0.046666
29 0.148888 0.357778 0.084444 0.075556
29 0.180000 0.402222 0.088888 0.088888
29 0.328888 0.542222 0.084444 0.088888
29 0.360000 0.586666 0.053334 0.053334
29 0.272222 0.644444 0.055556 0.048888
29 0.510000 0.561112 0.082222 0.073334
29 0.630000 0.568888 0.060000 0.057778
29 0.823334 0.375556 0.091112 0.088888
29 0.841112 0.447778 0.068888 0.064444
29 0.833334 0.500000 0.066666 0.066666
29 0.721112 0.562222 0.064444 0.066666