9 0.250000 0.960000 0.048000 0.040000
14 0.168000 0.949000 0.036000 0.038000
14 0.161000 0.926000 0.034000 0.036000
9 0.154000 0.908000 0.036000 0.036000
9 0.134000 0.900000 0.036000 0.036000
14 0.125000 0.876000 0.034000 0.036000
14 0.115000 0.855000 0.034000 0.034000
9 0.237000 0.888000 0.038000 0.024000
14 0.234000 0.862000 0.032000 0.016000
9 0.226000 0.830000 0.032000 0.020000
9 0.753000 0.790000 0.042000 0.024000
9 0.172000 0.608000 0.032000 0.020000
9 0.118000 0.527000 0.036000 0.022000
14 0.167000 0.523000 0.042000 0.022000
9 0.214000 0.516000 0.036000 0.020000
9 0.259000 0.510000 0.038000 0.020000
9 0.218000 0.602000 0.040000 0.024000
9 0.327000 0.585000 0.042000 0.026000
9 0.374000 0.542000 0.040000 0.024000
9 0.417000 0.575000 0.038000 0.018000
14 0.366000 0.494000 0.040000 0.020000
14 0.421000 0.491000 0.038000 0.022000
9 0.467000 0.483000 0.038000 0.022000
14 0.530000 0.474000 0.040000 0.024000
9 0.586000 0.467000 0.040000 0.022000
9 0.663000 0.505000 0.038000 0.022000
9 0.642000 0.463000 0.036000 0.022000
14 0.616000 0.024000 0.020000 0.040000
9 0.676000 0.030000 0.024000 0.036000
14 0.670000 0.178000 0.024000 0.032000
9 0.696000 0.177000 0.024000 0.038000
14 0.644000 0.101000 0.040000 0.022000
14 0.688000 0.390000 0.024000 0.036000
9 0.730000 0.449000 0.040000 0.022000
9 0.774000 0.444000 0.040000 0.020000
9 0.829000 0.440000 0.042000 0.024000
9 0.944000 0.468000 0.032000 0.020000
9 0.973000 0.335000 0.026000 0.038000
9 0.962000 0.299000 0.028000 0.038000
9 0.922000 0.105000 0.024000 0.034000
14 0.992000 0.084000 0.016000 0.036000
9 0.990000 0.049000 0.020000 0.034000
9 0.984000 0.016000 0.024000 0.032000
9 0.904000 0.006000 0.028000 0.012000
14 0.015000 0.585000 0.030000 0.026000
14 0.027000 0.539000 0.038000 0.022000