12 0.940000 0.865000 0.030000 0.070000
9 0.870000 0.518334 0.055000 0.023334
9 0.855000 0.648334 0.050000 0.030000
9 0.703750 0.653334 0.062500 0.033334
9 0.290000 0.686666 0.020000 0.073334
13 0.260000 0.680000 0.035000 0.080000
13 0.225000 0.670000 0.030000 0.080000
12 0.195000 0.783334 0.035000 0.066666
12 0.182500 0.691666 0.035000 0.076666
12 0.223750 0.428334 0.057500 0.030000
13 0.138750 0.041667 0.037500 0.083334
12 0.022500 0.096666 0.035000 0.073334
12 0.093750 0.031667 0.032500 0.063333
13 0.098750 0.680000 0.047500 0.193334