9 0.260000 0.758000 0.040000 0.032000
14 0.300000 0.788000 0.032000 0.028000
14 0.334000 0.835000 0.036000 0.030000
12 0.380000 0.888000 0.044000 0.036000
9 0.091000 0.046000 0.042000 0.020000
9 0.013000 0.411000 0.026000 0.030000
14 0.154000 0.374000 0.040000 0.032000
9 0.134000 0.333000 0.036000 0.030000
14 0.214000 0.280000 0.036000 0.032000
14 0.201000 0.410000 0.034000 0.028000
14 0.325000 0.361000 0.034000 0.030000
14 0.358000 0.366000 0.024000 0.020000
14 0.386000 0.349000 0.032000 0.026000
14 0.422000 0.324000 0.036000 0.032000
12 0.401000 0.165000 0.042000 0.034000
14 0.441000 0.136000 0.034000 0.032000
14 0.556000 0.086000 0.076000 0.056000
14 0.679000 0.002000 0.038000 0.004000
14 0.750000 0.009000 0.036000 0.018000
14 0.899000 0.100000 0.038000 0.040000
14 0.960000 0.201000 0.044000 0.038000
14 0.850000 0.246000 0.020000 0.024000
14 0.850000 0.134000 0.060000 0.056000
14 0.672000 0.318000 0.020000 0.032000
14 0.654000 0.334000 0.020000 0.036000
14 0.715000 0.340000 0.034000 0.020000
14 0.662000 0.370000 0.044000 0.028000
14 0.644000 0.384000 0.048000 0.032000
14 0.623000 0.395000 0.042000 0.026000
14 0.602000 0.406000 0.044000 0.028000
9 0.569000 0.432000 0.042000 0.024000
12 0.640000 0.445000 0.040000 0.034000
14 0.473000 0.416000 0.030000 0.032000
9 0.539000 0.405000 0.014000 0.030000
9 0.558000 0.392000 0.020000 0.036000
9 0.617000 0.356000 0.018000 0.032000
9 0.521000 0.343000 0.038000 0.034000
14 0.943000 0.500000 0.034000 0.036000
14 0.983000 0.545000 0.030000 0.030000
14 0.968000 0.721000 0.036000 0.030000
14 0.868000 0.780000 0.032000 0.028000
14 0.931000 0.805000 0.030000 0.026000
12 0.827000 0.809000 0.042000 0.034000
9 0.773000 0.837000 0.042000 0.038000
14 0.734000 0.867000 0.032000 0.026000
9 0.681000 0.895000 0.042000 0.034000
9 0.632000 0.988000 0.036000 0.024000
14 0.740000 0.575000 0.052000 0.042000
14 0.706000 0.599000 0.036000 0.030000
9 0.660000 0.628000 0.040000 0.036000
12 0.606000 0.659000 0.044000 0.038000
9 0.516000 0.718000 0.044000 0.036000
14 0.420000 0.778000 0.036000 0.032000
9 0.402000 0.600000 0.040000 0.032000
14 0.325000 0.651000 0.054000 0.046000
14 0.257000 0.595000 0.022000 0.030000
12 0.222000 0.554000 0.028000 0.040000