9 0.682000 0.246000 0.036000 0.020000
14 0.113000 0.209000 0.030000 0.018000
14 0.099000 0.724000 0.046000 0.024000
12 0.055000 0.693000 0.042000 0.022000
14 0.246000 0.571000 0.036000 0.018000
14 0.459000 0.570000 0.050000 0.020000
14 0.998000 0.594000 0.004000 0.016000
11 0.995000 0.251000 0.010000 0.018000
11 0.877000 0.257000 0.054000 0.018000
11 0.876000 0.238000 0.052000 0.020000
12 0.934000 0.235000 0.048000 0.022000
12 0.921000 0.205000 0.042000 0.018000
14 0.872000 0.208000 0.036000 0.016000
9 0.867000 0.188000 0.038000 0.016000
14 0.823000 0.246000 0.034000 0.016000
12 0.682000 0.229000 0.040000 0.018000
14 0.728000 0.207000 0.036000 0.014000
12 0.683000 0.206000 0.038000 0.016000
12 0.798000 0.104000 0.016000 0.028000
12 0.781000 0.100000 0.014000 0.032000
14 0.761000 0.094000 0.014000 0.028000
14 0.742000 0.093000 0.016000 0.034000
14 0.670000 0.098000 0.016000 0.028000
12 0.547000 0.177000 0.038000 0.038000
9 0.409000 0.193000 0.034000 0.018000
12 0.501000 0.102000 0.014000 0.032000
9 0.441000 0.101000 0.018000 0.034000
9 0.417000 0.101000 0.018000 0.034000
12 0.372000 0.214000 0.044000 0.044000
14 0.324000 0.251000 0.032000 0.014000
9 0.259000 0.268000 0.034000 0.016000
9 0.276000 0.229000 0.040000 0.018000
9 0.232000 0.213000 0.040000 0.018000
9 0.119000 0.229000 0.038000 0.018000
9 0.120000 0.076000 0.036000 0.016000
9 0.112000 0.053000 0.036000 0.018000
14 0.116000 0.030000 0.032000 0.016000
9 0.118000 0.011000 0.032000 0.014000
14 0.075000 0.013000 0.038000 0.014000
14 0.393000 0.253000 0.042000 0.022000