9 0.762000 0.066000 0.020000 0.028000
9 0.770000 0.268000 0.020000 0.024000
9 0.773000 0.300000 0.018000 0.032000
14 0.774000 0.336000 0.020000 0.032000
14 0.773000 0.371000 0.022000 0.030000
9 0.773000 0.405000 0.018000 0.030000
9 0.959000 0.741000 0.042000 0.042000
9 0.983000 0.768000 0.034000 0.040000
14 0.693000 0.602000 0.042000 0.016000
14 0.573000 0.608000 0.034000 0.012000
9 0.179000 0.619000 0.042000 0.014000
9 0.060000 0.200000 0.036000 0.012000
14 0.098000 0.132000 0.040000 0.012000
9 0.146000 0.131000 0.040000 0.014000
9 0.273000 0.127000 0.042000 0.014000
14 0.449000 0.185000 0.046000 0.014000
9 0.502000 0.187000 0.036000 0.014000
14 0.615000 0.119000 0.042000 0.014000
9 0.634000 0.183000 0.044000 0.014000
14 0.686000 0.182000 0.040000 0.016000
35 0.785000 0.145000 0.074000 0.098000
9 0.822000 0.175000 0.032000 0.034000
9 0.988000 0.109000 0.024000 0.014000
9 0.870000 0.180000 0.044000 0.016000
14 0.926000 0.178000 0.028000 0.012000
9 0.999000 0.173000 0.002000 0.014000
14 0.983000 0.145000 0.034000 0.014000
14 0.322000 0.897000 0.036000 0.030000
9 0.074000 0.721000 0.012000 0.026000
9 0.584000 0.776000 0.016000 0.032000
35 0.807000 0.563000 0.086000 0.166000