2 0.396666 0.595000 0.206666 0.120000
2 0.883334 0.736250 0.226666 0.117500
2 0.680000 0.196250 0.180000 0.087500
2 0.666666 0.216250 0.173334 0.087500
2 0.643334 0.236250 0.166666 0.087500
2 0.623334 0.256250 0.180000 0.087500
2 0.838334 0.271250 0.163334 0.082500
2 0.830000 0.295000 0.173334 0.085000
2 0.813334 0.313750 0.173334 0.082500
2 0.795000 0.330000 0.170000 0.090000
2 0.968333 0.345000 0.063333 0.085000
2 0.958333 0.363750 0.083333 0.082500
2 0.948333 0.385000 0.103334 0.090000
2 0.940001 0.407500 0.119999 0.090000
2 0.193334 0.903750 0.220000 0.122500
2 0.130000 0.900000 0.073334 0.040000
2 0.078334 0.918750 0.156666 0.107500