14 0.271250 0.136666 0.057500 0.026666
9 0.158750 0.898334 0.022500 0.056666
9 0.157500 0.828334 0.025000 0.056666
9 0.025000 0.868334 0.025000 0.036666
14 0.233750 0.998333 0.057500 0.003333
14 0.288750 0.986667 0.062500 0.026667
12 0.352500 0.988333 0.065000 0.023333
9 0.671250 0.218334 0.057500 0.030000
9 0.847500 0.311666 0.025000 0.050000
9 0.992500 0.583334 0.015000 0.053334
14 0.992500 0.651666 0.015000 0.056666
9 0.990000 0.878334 0.020000 0.063334
14 0.285000 0.951666 0.055000 0.030000
12 0.450000 0.896666 0.025000 0.086666
9 0.685000 0.943334 0.055000 0.026666
35 0.096250 0.180000 0.157500 0.133334