11 0.817000 0.787000 0.066000 0.026000
9 0.545000 0.791000 0.042000 0.030000
9 0.658000 0.773000 0.036000 0.030000
14 0.704000 0.775000 0.048000 0.034000
14 0.696000 0.749000 0.044000 0.026000
14 0.649000 0.747000 0.046000 0.034000
9 0.702000 0.730000 0.048000 0.036000
14 0.658000 0.709000 0.040000 0.034000
9 0.700000 0.708000 0.044000 0.032000
9 0.701000 0.688000 0.046000 0.032000
14 0.701000 0.667000 0.042000 0.034000
9 0.700000 0.643000 0.040000 0.030000
9 0.547000 0.703000 0.042000 0.030000
9 0.542000 0.656000 0.044000 0.028000
9 0.541000 0.747000 0.038000 0.026000
9 0.550000 0.768000 0.048000 0.032000
9 0.576000 0.848000 0.028000 0.012000
9 0.434000 0.561000 0.048000 0.014000
9 0.376000 0.562000 0.044000 0.012000
14 0.091000 0.665000 0.058000 0.026000
9 0.174000 0.014000 0.052000 0.016000
9 0.177000 0.033000 0.046000 0.014000
14 0.183000 0.047000 0.034000 0.014000
9 0.337000 0.009000 0.046000 0.010000
9 0.338000 0.060000 0.052000 0.012000
14 0.342000 0.077000 0.048000 0.014000
14 0.358000 0.131000 0.020000 0.034000
9 0.337000 0.130000 0.018000 0.036000
9 0.313000 0.129000 0.022000 0.038000
9 0.288000 0.127000 0.020000 0.034000
9 0.261000 0.127000 0.018000 0.034000
14 0.239000 0.132000 0.018000 0.032000
9 0.210000 0.132000 0.024000 0.036000
9 0.216000 0.087000 0.020000 0.034000
9 0.191000 0.097000 0.022000 0.034000
9 0.188000 0.134000 0.020000 0.036000
9 0.262000 0.174000 0.020000 0.036000
9 0.181000 0.175000 0.022000 0.034000
9 0.127000 0.177000 0.018000 0.030000
11 0.258000 0.258000 0.076000 0.032000
9 0.171000 0.281000 0.046000 0.018000
9 0.064000 0.369000 0.044000 0.014000