11 0.195000 0.873000 0.038000 0.034000
11 0.529000 0.988000 0.042000 0.024000
11 0.484000 0.989000 0.036000 0.022000
12 0.070000 0.900000 0.032000 0.032000
11 0.096000 0.891000 0.048000 0.050000
11 0.123000 0.875000 0.046000 0.054000
11 0.387000 0.999000 0.006000 0.002000
11 0.340000 0.980000 0.044000 0.040000
11 0.322000 0.958000 0.064000 0.048000
12 0.304000 0.935000 0.044000 0.038000
11 0.288000 0.916000 0.060000 0.048000
11 0.248000 0.916000 0.040000 0.036000
11 0.230000 0.906000 0.040000 0.040000
11 0.207000 0.893000 0.062000 0.054000
11 0.254000 0.841000 0.064000 0.050000
11 0.234000 0.824000 0.060000 0.048000
11 0.205000 0.815000 0.062000 0.050000
11 0.847000 0.994000 0.026000 0.012000
11 0.990000 0.928000 0.020000 0.020000
11 0.980000 0.910000 0.040000 0.024000
11 0.964000 0.891000 0.052000 0.030000
11 0.887000 0.834000 0.046000 0.036000
11 0.937000 0.873000 0.046000 0.022000
11 0.918000 0.857000 0.048000 0.026000
11 0.877000 0.810000 0.046000 0.028000
11 0.982000 0.867000 0.036000 0.022000
11 0.945000 0.816000 0.042000 0.024000
11 0.975000 0.478000 0.050000 0.088000
12 0.980000 0.563000 0.040000 0.050000
12 0.921000 0.521000 0.058000 0.054000
11 0.852000 0.559000 0.060000 0.058000
12 0.699000 0.507000 0.058000 0.062000
11 0.669000 0.516000 0.050000 0.052000
11 0.740000 0.462000 0.052000 0.056000
11 0.769000 0.448000 0.058000 0.056000
11 0.896000 0.369000 0.060000 0.054000
11 0.921000 0.615000 0.046000 0.042000