12 0.028750 0.850000 0.057500 0.026666
14 0.070000 0.956666 0.070000 0.033334
14 0.152500 0.913334 0.065000 0.026666
9 0.210000 0.950000 0.055000 0.026666
14 0.406250 0.953334 0.057500 0.026666
14 0.473750 0.951666 0.052500 0.016666
14 0.472500 0.913334 0.055000 0.020000
9 0.575000 0.930000 0.060000 0.026666
14 0.557500 0.875000 0.050000 0.023334
14 0.481250 0.878334 0.052500 0.023334
9 0.890000 0.718334 0.020000 0.050000
9 0.887500 0.586666 0.020000 0.046666
9 0.891250 0.520000 0.017500 0.046666
14 0.891250 0.456666 0.022500 0.060000
9 0.891250 0.368334 0.022500 0.056666
14 0.717500 0.021667 0.020000 0.043333
9 0.722500 0.351666 0.020000 0.056666
9 0.720000 0.516666 0.020000 0.060000
9 0.720000 0.415000 0.020000 0.056666
14 0.722500 0.583334 0.020000 0.053334
9 0.992500 0.951666 0.015000 0.023334