25 0.262500 0.048750 0.027000 0.027500
25 0.199000 0.105250 0.029000 0.029500
25 0.424750 0.073500 0.022500 0.021000
21 0.023500 0.138750 0.047000 0.048500
19 0.043500 0.234750 0.032000 0.032500
19 0.199500 0.243000 0.029000 0.031000
19 0.140250 0.284750 0.031500 0.032500
25 0.825750 0.613250 0.027500 0.028500
26 0.805250 0.632000 0.030500 0.032000
29 0.739250 0.683000 0.027500 0.028000
25 0.931750 0.647750 0.032500 0.032500
23 0.601250 0.652250 0.027500 0.026500
26 0.549250 0.593250 0.035500 0.034500
25 0.622250 0.682500 0.029500 0.030000
25 0.642500 0.708750 0.033000 0.032500
25 0.402000 0.724500 0.029000 0.029000
25 0.329250 0.784250 0.031500 0.031500
25 0.247000 0.847000 0.029000 0.029000
25 0.299250 0.910500 0.031500 0.032000
26 0.390750 0.940250 0.031500 0.032500
25 0.417000 0.909750 0.027000 0.025500
35 0.817250 0.121250 0.028500 0.029500
35 0.734250 0.023250 0.028500 0.029500
35 0.615000 0.121750 0.025000 0.024500