9 0.115000 0.943000 0.046000 0.018000
14 0.119000 0.961000 0.054000 0.018000
14 0.116000 0.779000 0.040000 0.034000
9 0.161000 0.817000 0.018000 0.034000
12 0.111000 0.816000 0.018000 0.040000
14 0.222000 0.767000 0.044000 0.018000
14 0.216000 0.806000 0.044000 0.016000
14 0.337000 0.908000 0.018000 0.036000
14 0.363000 0.908000 0.022000 0.036000
14 0.345000 0.778000 0.042000 0.020000
14 0.475000 0.804000 0.042000 0.016000
12 0.475000 0.786000 0.042000 0.016000
14 0.538000 0.793000 0.024000 0.046000
14 0.572000 0.802000 0.020000 0.032000
9 0.654000 0.801000 0.020000 0.034000
14 0.524000 0.941000 0.016000 0.030000
9 0.628000 0.979000 0.056000 0.018000
9 0.631000 0.925000 0.022000 0.038000
14 0.755000 0.922000 0.042000 0.016000
14 0.702000 0.935000 0.020000 0.042000
9 0.698000 0.799000 0.036000 0.042000
14 0.758000 0.819000 0.044000 0.022000
9 0.763000 0.761000 0.046000 0.018000
9 0.793000 0.806000 0.022000 0.036000
9 0.841000 0.814000 0.022000 0.036000
14 0.899000 0.783000 0.050000 0.014000
9 0.900000 0.768000 0.044000 0.016000
9 0.433000 0.264000 0.022000 0.032000
9 0.382000 0.566000 0.048000 0.016000
14 0.026000 0.518000 0.052000 0.016000
9 0.354000 0.305000 0.032000 0.038000
14 0.678000 0.301000 0.028000 0.042000
14 0.648000 0.302000 0.024000 0.040000
14 0.759000 0.301000 0.022000 0.034000
14 0.850000 0.339000 0.044000 0.018000
14 0.849000 0.316000 0.054000 0.024000
14 0.492000 0.567000 0.048000 0.022000
14 0.904000 0.572000 0.056000 0.016000
9 0.912000 0.027000 0.020000 0.034000
9 0.723000 0.176000 0.038000 0.016000
9 0.764000 0.180000 0.020000 0.032000
9 0.763000 0.150000 0.018000 0.028000
9 0.627000 0.170000 0.018000 0.032000
14 0.684000 0.175000 0.032000 0.038000
12 0.722000 0.161000 0.048000 0.018000
14 0.707000 0.133000 0.042000 0.014000
14 0.624000 0.139000 0.016000 0.030000
9 0.504000 0.143000 0.044000 0.018000
14 0.508000 0.123000 0.044000 0.014000
9 0.513000 0.107000 0.042000 0.014000
14 0.358000 0.148000 0.020000 0.036000
12 0.314000 0.155000 0.020000 0.034000
9 0.292000 0.155000 0.020000 0.030000
9 0.268000 0.150000 0.020000 0.032000
14 0.239000 0.287000 0.026000 0.034000
14 0.216000 0.284000 0.024000 0.036000
9 0.146000 0.111000 0.020000 0.038000
9 0.108000 0.161000 0.020000 0.034000