4 0.593750 0.358334 0.112500 0.036666
4 0.470000 0.365000 0.115000 0.036666
4 0.621250 0.380000 0.072500 0.020000
4 0.472500 0.558334 0.155000 0.043334
4 0.618750 0.611666 0.112500 0.023334
4 0.511250 0.450000 0.152500 0.046666
1 0.603750 0.541666 0.092500 0.036666
2 0.347500 0.430000 0.090000 0.026666
2 0.480000 0.485000 0.065000 0.023334
2 0.546250 0.478334 0.057500 0.023334
4 0.621250 0.803334 0.092500 0.020000
4 0.622500 0.776666 0.080000 0.020000
4 0.485000 0.746666 0.060000 0.026666
4 0.548750 0.740000 0.062500 0.026666
4 0.486250 0.791666 0.057500 0.030000
4 0.546250 0.763334 0.052500 0.020000
4 0.548750 0.783334 0.057500 0.013334
4 0.527500 0.656666 0.070000 0.026666
4 0.526250 0.636666 0.067500 0.026666