9 0.426000 0.993000 0.036000 0.014000
12 0.431000 0.970000 0.046000 0.020000
9 0.445000 0.940000 0.038000 0.020000
14 0.599000 0.804000 0.042000 0.016000
9 0.586000 0.738000 0.044000 0.012000
9 0.588000 0.757000 0.036000 0.018000
14 0.531000 0.678000 0.038000 0.016000
14 0.494000 0.663000 0.036000 0.018000
14 0.661000 0.631000 0.018000 0.034000
14 0.596000 0.715000 0.036000 0.026000
14 0.555000 0.718000 0.038000 0.020000
14 0.547000 0.740000 0.034000 0.016000
14 0.723000 0.616000 0.022000 0.036000
14 0.731000 0.646000 0.026000 0.024000
9 0.747000 0.663000 0.042000 0.026000
14 0.771000 0.681000 0.030000 0.014000
14 0.757000 0.699000 0.042000 0.018000
9 0.779000 0.717000 0.034000 0.014000
9 0.720000 0.756000 0.028000 0.036000
12 0.769000 0.738000 0.042000 0.024000
12 0.430000 0.488000 0.024000 0.036000
12 0.449000 0.456000 0.030000 0.036000
12 0.468000 0.462000 0.028000 0.040000
9 0.455000 0.501000 0.026000 0.038000
12 0.429000 0.527000 0.022000 0.038000