14 0.985000 0.633000 0.026000 0.038000
9 0.975000 0.597000 0.026000 0.038000
14 0.951000 0.604000 0.030000 0.040000
14 0.921000 0.602000 0.034000 0.040000
9 0.907000 0.663000 0.038000 0.018000
9 0.901000 0.645000 0.034000 0.018000
9 0.800000 0.867000 0.048000 0.022000
9 0.770000 0.631000 0.032000 0.018000
14 0.767000 0.657000 0.038000 0.018000
9 0.770000 0.684000 0.044000 0.020000
14 0.639000 0.694000 0.042000 0.016000
14 0.633000 0.670000 0.042000 0.020000
14 0.531000 0.674000 0.022000 0.036000
9 0.503000 0.679000 0.030000 0.038000
9 0.433000 0.705000 0.050000 0.018000
9 0.338000 0.678000 0.024000 0.036000
9 0.212000 0.671000 0.048000 0.022000
9 0.146000 0.697000 0.032000 0.022000
14 0.069000 0.713000 0.018000 0.026000
35 0.008000 0.966000 0.016000 0.068000
9 0.072000 0.957000 0.048000 0.022000
14 0.231000 0.374000 0.042000 0.020000
14 0.236000 0.342000 0.052000 0.020000
9 0.231000 0.307000 0.038000 0.018000
9 0.228000 0.290000 0.048000 0.016000
14 0.259000 0.037000 0.022000 0.034000
14 0.232000 0.046000 0.024000 0.036000
14 0.207000 0.066000 0.022000 0.036000
9 0.128000 0.123000 0.056000 0.018000
9 0.401000 0.101000 0.058000 0.022000
14 0.500000 0.029000 0.024000 0.034000
9 0.345000 0.148000 0.038000 0.020000
14 0.485000 0.208000 0.018000 0.032000
14 0.561000 0.287000 0.022000 0.034000
14 0.566000 0.320000 0.024000 0.036000
14 0.553000 0.127000 0.042000 0.018000
9 0.543000 0.177000 0.030000 0.042000
14 0.774000 0.231000 0.020000 0.046000
14 0.770000 0.182000 0.024000 0.048000
14 0.617000 0.125000 0.038000 0.018000
14 0.876000 0.104000 0.048000 0.016000
14 0.794000 0.170000 0.028000 0.056000