14 0.309000 0.949000 0.022000 0.038000
9 0.334000 0.951000 0.020000 0.034000
9 0.357000 0.952000 0.018000 0.032000
9 0.380000 0.953000 0.016000 0.034000
14 0.428000 0.853000 0.016000 0.030000
9 0.454000 0.854000 0.020000 0.032000
14 0.406000 0.856000 0.016000 0.024000
9 0.380000 0.855000 0.024000 0.034000
9 0.356000 0.853000 0.016000 0.030000
9 0.239000 0.857000 0.022000 0.034000
14 0.211000 0.856000 0.018000 0.032000
9 0.189000 0.856000 0.018000 0.032000
14 0.168000 0.856000 0.016000 0.028000
14 0.141000 0.853000 0.018000 0.034000
12 0.210000 0.954000 0.020000 0.032000
14 0.191000 0.956000 0.014000 0.020000
14 0.167000 0.951000 0.018000 0.030000
9 0.143000 0.949000 0.022000 0.034000
9 0.246000 0.129000 0.016000 0.030000
14 0.224000 0.127000 0.016000 0.030000
9 0.149000 0.125000 0.014000 0.030000
9 0.125000 0.125000 0.014000 0.030000
9 0.100000 0.126000 0.016000 0.032000
9 0.078000 0.128000 0.016000 0.036000
9 0.327000 0.070000 0.038000 0.012000
9 0.225000 0.071000 0.042000 0.014000
14 0.168000 0.074000 0.036000 0.016000
14 0.615000 0.053000 0.014000 0.026000
14 0.592000 0.052000 0.016000 0.028000
9 0.567000 0.049000 0.018000 0.030000
9 0.539000 0.059000 0.018000 0.034000
9 0.515000 0.051000 0.018000 0.030000
9 0.490000 0.046000 0.016000 0.032000
14 0.467000 0.046000 0.014000 0.028000
12 0.423000 0.048000 0.018000 0.040000
9 0.076000 0.041000 0.016000 0.026000
14 0.100000 0.039000 0.016000 0.030000
14 0.122000 0.040000 0.016000 0.032000
14 0.147000 0.041000 0.014000 0.026000
9 0.169000 0.039000 0.018000 0.034000
14 0.861000 0.017000 0.046000 0.018000
14 0.726000 0.098000 0.028000 0.020000
14 0.724000 0.067000 0.016000 0.010000
14 0.723000 0.033000 0.038000 0.018000
14 0.287000 0.956000 0.014000 0.028000
12 0.277000 0.606000 0.034000 0.012000
14 0.333000 0.608000 0.034000 0.012000
14 0.521000 0.848000 0.038000 0.016000
14 0.523000 0.811000 0.034000 0.018000
9 0.516000 0.792000 0.040000 0.016000
14 0.520000 0.757000 0.032000 0.014000
14 0.515000 0.722000 0.038000 0.012000
9 0.636000 0.705000 0.036000 0.014000
12 0.633000 0.740000 0.034000 0.012000
14 0.643000 0.758000 0.038000 0.016000
9 0.639000 0.774000 0.042000 0.012000
9 0.643000 0.794000 0.042000 0.016000
14 0.646000 0.813000 0.036000 0.010000
9 0.650000 0.871000 0.040000 0.014000
14 0.640000 0.887000 0.044000 0.014000
14 0.706000 0.886000 0.028000 0.044000
9 0.731000 0.882000 0.018000 0.032000
14 0.330000 0.854000 0.020000 0.028000
14 0.260000 0.955000 0.016000 0.026000
9 0.313000 0.515000 0.038000 0.014000
14 0.489000 0.515000 0.042000 0.014000
14 0.523000 0.701000 0.042000 0.010000
14 0.518000 0.739000 0.040000 0.014000
14 0.521000 0.775000 0.046000 0.018000
14 0.632000 0.683000 0.040000 0.014000
14 0.640000 0.130000 0.016000 0.032000
9 0.618000 0.132000 0.016000 0.032000
9 0.594000 0.132000 0.016000 0.032000
9 0.570000 0.129000 0.016000 0.034000
14 0.544000 0.134000 0.016000 0.032000
9 0.520000 0.130000 0.016000 0.036000
9 0.498000 0.130000 0.016000 0.032000
9 0.474000 0.127000 0.016000 0.030000
9 0.451000 0.126000 0.018000 0.032000