9 0.605000 0.004000 0.022000 0.008000
14 0.633000 0.009000 0.022000 0.018000
9 0.660000 0.016000 0.020000 0.032000
14 0.683000 0.024000 0.022000 0.036000
14 0.706000 0.030000 0.020000 0.032000
9 0.731000 0.041000 0.026000 0.038000
14 0.759000 0.066000 0.018000 0.032000
9 0.781000 0.067000 0.022000 0.038000
14 0.534000 0.039000 0.048000 0.030000
14 0.557000 0.052000 0.038000 0.028000
14 0.581000 0.062000 0.046000 0.028000
9 0.608000 0.071000 0.044000 0.026000
9 0.631000 0.079000 0.054000 0.034000
12 0.666000 0.088000 0.048000 0.028000
9 0.674000 0.102000 0.044000 0.028000
14 0.418000 0.038000 0.044000 0.028000
14 0.418000 0.059000 0.044000 0.030000
14 0.414000 0.078000 0.040000 0.028000
12 0.413000 0.098000 0.050000 0.028000
14 0.538000 0.078000 0.040000 0.024000
9 0.564000 0.089000 0.048000 0.030000
14 0.579000 0.100000 0.042000 0.028000
9 0.613000 0.104000 0.042000 0.024000
9 0.627000 0.119000 0.042000 0.030000
14 0.659000 0.127000 0.034000 0.018000
14 0.680000 0.138000 0.048000 0.028000
9 0.705000 0.109000 0.050000 0.034000
9 0.727000 0.120000 0.046000 0.028000
9 0.752000 0.131000 0.048000 0.034000
14 0.769000 0.144000 0.042000 0.032000
9 0.789000 0.155000 0.042000 0.026000
9 0.706000 0.147000 0.044000 0.030000
9 0.720000 0.161000 0.052000 0.034000
9 0.742000 0.170000 0.044000 0.032000
9 0.769000 0.179000 0.050000 0.026000
9 0.795000 0.190000 0.042000 0.028000
9 0.817000 0.200000 0.050000 0.028000
9 0.840000 0.211000 0.048000 0.030000
12 0.803000 0.070000 0.018000 0.036000
9 0.831000 0.088000 0.022000 0.036000
9 0.852000 0.099000 0.020000 0.030000
9 0.874000 0.104000 0.020000 0.032000
9 0.900000 0.118000 0.024000 0.036000
14 0.925000 0.131000 0.022000 0.030000
14 0.949000 0.140000 0.018000 0.032000
14 0.977000 0.148000 0.022000 0.036000
9 0.819000 0.162000 0.046000 0.028000
14 0.843000 0.170000 0.050000 0.028000
9 0.868000 0.182000 0.044000 0.028000
9 0.893000 0.193000 0.050000 0.030000
9 0.916000 0.201000 0.044000 0.030000
14 0.935000 0.212000 0.046000 0.028000
14 0.961000 0.221000 0.050000 0.030000
9 0.864000 0.222000 0.048000 0.028000
9 0.891000 0.230000 0.046000 0.032000
9 0.912000 0.241000 0.052000 0.038000
9 0.926000 0.254000 0.064000 0.040000
9 0.945000 0.384000 0.030000 0.040000
9 0.978000 0.462000 0.040000 0.040000
14 0.967000 0.479000 0.046000 0.042000
9 0.941000 0.540000 0.046000 0.036000
14 0.412000 0.118000 0.040000 0.028000
14 0.410000 0.138000 0.040000 0.028000
14 0.411000 0.158000 0.042000 0.028000
9 0.412000 0.181000 0.048000 0.030000
9 0.413000 0.201000 0.050000 0.034000
9 0.412000 0.222000 0.048000 0.028000
14 0.407000 0.240000 0.042000 0.028000
9 0.413000 0.264000 0.046000 0.028000
12 0.409000 0.282000 0.050000 0.032000
9 0.412000 0.303000 0.048000 0.030000
14 0.514000 0.155000 0.020000 0.034000
14 0.538000 0.161000 0.020000 0.034000
14 0.561000 0.168000 0.022000 0.036000
14 0.586000 0.179000 0.020000 0.034000
9 0.609000 0.187000 0.022000 0.038000
14 0.632000 0.196000 0.024000 0.032000
14 0.657000 0.213000 0.022000 0.034000
9 0.681000 0.217000 0.022000 0.034000
14 0.703000 0.232000 0.026000 0.036000
9 0.728000 0.247000 0.024000 0.038000
9 0.749000 0.257000 0.022000 0.034000
9 0.772000 0.260000 0.020000 0.036000
9 0.796000 0.274000 0.020000 0.036000
14 0.819000 0.275000 0.026000 0.038000
9 0.842000 0.291000 0.024000 0.034000
9 0.867000 0.301000 0.022000 0.038000
9 0.515000 0.188000 0.022000 0.032000
9 0.540000 0.198000 0.024000 0.032000
9 0.564000 0.207000 0.020000 0.030000
9 0.589000 0.214000 0.022000 0.036000
14 0.610000 0.223000 0.020000 0.034000
14 0.637000 0.237000 0.022000 0.034000
14 0.660000 0.246000 0.020000 0.032000
14 0.682000 0.251000 0.020000 0.030000
9 0.705000 0.272000 0.022000 0.036000
9 0.729000 0.285000 0.018000 0.030000
14 0.754000 0.300000 0.020000 0.032000
9 0.778000 0.298000 0.024000 0.036000
14 0.800000 0.309000 0.024000 0.042000
9 0.822000 0.316000 0.020000 0.032000
9 0.846000 0.326000 0.020000 0.032000
9 0.870000 0.341000 0.020000 0.038000
14 0.898000 0.358000 0.020000 0.032000
14 0.916000 0.325000 0.024000 0.046000
9 0.892000 0.320000 0.020000 0.032000
14 0.869000 0.423000 0.046000 0.034000
9 0.845000 0.410000 0.046000 0.036000
9 0.820000 0.403000 0.040000 0.034000
14 0.797000 0.391000 0.050000 0.030000
14 0.775000 0.380000 0.050000 0.032000
9 0.753000 0.371000 0.046000 0.030000
9 0.731000 0.361000 0.042000 0.026000
14 0.706000 0.351000 0.044000 0.030000
9 0.679000 0.343000 0.054000 0.030000
9 0.652000 0.332000 0.048000 0.032000
9 0.664000 0.370000 0.024000 0.040000
14 0.734000 0.408000 0.024000 0.036000
9 0.756000 0.410000 0.024000 0.036000
9 0.638000 0.363000 0.020000 0.034000
9 0.616000 0.350000 0.020000 0.036000
14 0.593000 0.344000 0.022000 0.036000
9 0.569000 0.329000 0.022000 0.034000
14 0.541000 0.319000 0.026000 0.034000
9 0.518000 0.307000 0.024000 0.034000
9 0.640000 0.321000 0.048000 0.034000
9 0.611000 0.312000 0.046000 0.028000
9 0.592000 0.298000 0.052000 0.032000
14 0.561000 0.291000 0.046000 0.030000
14 0.540000 0.281000 0.048000 0.034000
14 0.516000 0.271000 0.048000 0.030000
14 0.550000 0.407000 0.040000 0.034000
14 0.525000 0.397000 0.042000 0.034000
14 0.499000 0.386000 0.038000 0.028000
14 0.479000 0.377000 0.038000 0.034000
9 0.458000 0.366000 0.044000 0.036000
12 0.934000 0.920000 0.056000 0.016000
12 0.918000 0.899000 0.064000 0.018000
12 0.556000 0.901000 0.064000 0.018000
14 0.584000 0.876000 0.040000 0.016000
14 0.185000 0.900000 0.046000 0.020000