9 0.256000 0.066000 0.020000 0.032000
14 0.575000 0.517000 0.014000 0.026000
14 0.553000 0.585000 0.030000 0.018000
9 0.934000 0.403000 0.028000 0.042000
11 0.458000 0.717000 0.100000 0.030000
12 0.505000 0.616000 0.050000 0.028000
9 0.543000 0.472000 0.026000 0.040000
14 0.383000 0.503000 0.046000 0.018000
14 0.382000 0.485000 0.040000 0.018000
9 0.189000 0.532000 0.018000 0.024000
9 0.146000 0.482000 0.020000 0.028000
14 0.227000 0.495000 0.050000 0.022000
14 0.219000 0.472000 0.050000 0.024000
14 0.075000 0.451000 0.030000 0.038000
14 0.029000 0.458000 0.026000 0.036000
9 0.703000 0.994000 0.026000 0.012000
9 0.668000 0.964000 0.024000 0.040000
9 0.724000 0.939000 0.044000 0.022000
14 0.722000 0.915000 0.040000 0.018000
9 0.723000 0.892000 0.042000 0.016000
14 0.627000 0.946000 0.018000 0.028000
9 0.437000 0.937000 0.034000 0.018000
14 0.496000 0.987000 0.028000 0.026000
14 0.167000 0.949000 0.034000 0.038000
14 0.133000 0.938000 0.034000 0.020000
14 0.014000 0.991000 0.024000 0.018000
9 0.030000 0.072000 0.020000 0.036000
9 0.061000 0.082000 0.022000 0.036000
9 0.487000 0.073000 0.030000 0.046000
9 0.453000 0.079000 0.026000 0.034000
9 0.451000 0.045000 0.022000 0.034000
12 0.711000 0.108000 0.030000 0.048000
14 0.704000 0.069000 0.028000 0.034000
9 0.931000 0.016000 0.022000 0.032000