14 0.839000 0.997000 0.046000 0.006000
9 0.728000 0.998000 0.044000 0.004000
14 0.680000 0.998000 0.040000 0.004000
9 0.570000 0.998000 0.044000 0.004000
14 0.519000 0.999000 0.054000 0.002000
9 0.060000 0.614000 0.020000 0.028000
14 0.277000 0.351000 0.018000 0.030000
9 0.197000 0.485000 0.046000 0.018000
14 0.196000 0.537000 0.044000 0.014000
14 0.197000 0.518000 0.046000 0.016000
9 0.193000 0.434000 0.050000 0.016000
9 0.195000 0.294000 0.042000 0.016000
14 0.201000 0.257000 0.046000 0.014000
14 0.200000 0.190000 0.040000 0.016000
9 0.200000 0.172000 0.044000 0.016000
9 0.192000 0.136000 0.040000 0.012000
14 0.193000 0.119000 0.050000 0.014000
9 0.195000 0.100000 0.042000 0.012000
9 0.087000 0.535000 0.046000 0.014000
9 0.035000 0.537000 0.050000 0.014000
9 0.083000 0.518000 0.038000 0.012000
14 0.035000 0.517000 0.046000 0.018000
9 0.087000 0.500000 0.050000 0.016000
14 0.036000 0.500000 0.044000 0.016000
9 0.090000 0.482000 0.044000 0.016000
9 0.087000 0.463000 0.046000 0.014000
14 0.039000 0.465000 0.042000 0.014000
14 0.089000 0.431000 0.046000 0.014000
14 0.040000 0.431000 0.040000 0.014000
14 0.087000 0.413000 0.042000 0.014000
9 0.039000 0.412000 0.042000 0.012000
14 0.090000 0.379000 0.052000 0.018000
14 0.033000 0.377000 0.050000 0.018000
14 0.088000 0.360000 0.044000 0.012000
14 0.086000 0.343000 0.044000 0.014000
14 0.036000 0.343000 0.044000 0.014000
9 0.084000 0.325000 0.048000 0.014000
9 0.037000 0.325000 0.046000 0.014000
9 0.084000 0.308000 0.044000 0.016000
9 0.036000 0.309000 0.048000 0.014000
14 0.087000 0.291000 0.046000 0.014000
14 0.038000 0.291000 0.044000 0.014000
9 0.088000 0.274000 0.048000 0.012000
12 0.039000 0.274000 0.046000 0.012000
9 0.085000 0.257000 0.042000 0.014000
14 0.038000 0.257000 0.044000 0.014000
9 0.093000 0.239000 0.050000 0.014000
9 0.077000 0.814000 0.018000 0.032000
14 0.037000 0.238000 0.046000 0.016000
14 0.091000 0.221000 0.042000 0.014000
9 0.090000 0.204000 0.044000 0.016000
9 0.043000 0.207000 0.042000 0.014000
14 0.083000 0.186000 0.038000 0.016000
9 0.041000 0.188000 0.042000 0.012000
14 0.093000 0.170000 0.046000 0.016000
14 0.043000 0.171000 0.046000 0.018000
14 0.091000 0.152000 0.046000 0.016000
9 0.042000 0.153000 0.040000 0.014000
9 0.095000 0.134000 0.050000 0.016000
14 0.043000 0.135000 0.046000 0.014000
9 0.094000 0.115000 0.048000 0.014000
14 0.044000 0.117000 0.036000 0.014000
9 0.091000 0.097000 0.042000 0.014000
14 0.205000 0.021000 0.022000 0.042000
12 0.174000 0.023000 0.024000 0.042000
14 0.114000 0.024000 0.020000 0.040000
14 0.026000 0.022000 0.020000 0.036000