14 0.573000 0.017000 0.046000 0.034000
14 0.395000 0.102000 0.054000 0.036000
9 0.223000 0.184000 0.046000 0.040000
9 0.534000 0.540000 0.048000 0.032000
9 0.493000 0.632000 0.050000 0.028000
12 0.147000 0.937000 0.050000 0.058000
12 0.106000 0.918000 0.052000 0.060000
9 0.204000 0.859000 0.036000 0.042000
4 0.486000 0.982000 0.052000 0.036000
4 0.531000 0.936000 0.054000 0.064000
4 0.571000 0.882000 0.054000 0.068000
12 0.248000 0.547000 0.064000 0.042000
12 0.247000 0.873000 0.046000 0.054000
4 0.290000 0.480000 0.084000 0.044000
4 0.278000 0.515000 0.108000 0.058000
4 0.216000 0.587000 0.108000 0.058000