14 0.981666 0.978750 0.030000 0.042500
14 0.056666 0.168750 0.086666 0.042500
14 0.063334 0.197500 0.073334 0.035000
14 0.065000 0.212500 0.070000 0.030000
14 0.081666 0.230000 0.076666 0.040000
9 0.091666 0.255000 0.076666 0.035000
9 0.188334 0.117500 0.063334 0.030000
9 0.198334 0.140000 0.070000 0.030000
9 0.200000 0.166250 0.053334 0.022500
9 0.198334 0.186250 0.063334 0.032500
9 0.221666 0.205000 0.070000 0.035000
9 0.241666 0.242500 0.083334 0.050000
14 0.105000 0.277500 0.070000 0.025000
14 0.106666 0.310000 0.066666 0.015000
9 0.178334 0.307500 0.056666 0.020000
14 0.160000 0.382500 0.073334 0.030000
14 0.170000 0.405000 0.066666 0.030000
9 0.171666 0.431250 0.063334 0.027500
9 0.958333 0.891250 0.083333 0.122500