2 0.215000 0.819000 0.118000 0.146000
2 0.191000 0.806000 0.098000 0.128000
2 0.171000 0.753000 0.078000 0.106000
2 0.152000 0.738000 0.088000 0.104000
2 0.103000 0.662000 0.074000 0.100000
2 0.121000 0.674000 0.074000 0.104000
2 0.140000 0.674000 0.052000 0.076000
2 0.295000 0.366000 0.074000 0.080000
2 0.308000 0.382000 0.072000 0.080000
2 0.320000 0.391000 0.068000 0.078000
2 0.334000 0.401000 0.068000 0.082000
2 0.348000 0.412000 0.076000 0.084000
2 0.369000 0.290000 0.070000 0.080000
2 0.382000 0.301000 0.068000 0.078000
2 0.525000 0.162000 0.086000 0.068000
2 0.636000 0.068000 0.032000 0.068000
2 0.653000 0.057000 0.022000 0.058000
2 0.072000 0.942000 0.112000 0.116000
2 0.103000 0.960000 0.074000 0.080000