35 0.681000 0.462000 0.138000 0.088000
14 0.661000 0.049000 0.022000 0.042000
12 0.661000 0.100000 0.022000 0.044000
9 0.658000 0.224000 0.016000 0.028000
9 0.659000 0.261000 0.022000 0.042000
9 0.656000 0.301000 0.020000 0.038000
14 0.684000 0.379000 0.020000 0.034000
14 0.914000 0.431000 0.052000 0.018000
9 0.715000 0.456000 0.042000 0.016000
9 0.110000 0.491000 0.052000 0.018000
14 0.060000 0.491000 0.044000 0.018000
12 0.404000 0.493000 0.064000 0.022000
14 0.490000 0.492000 0.064000 0.024000
14 0.216000 0.867000 0.016000 0.030000
14 0.208000 0.813000 0.036000 0.014000
14 0.214000 0.925000 0.020000 0.034000
14 0.291000 0.973000 0.038000 0.014000
14 0.286000 0.953000 0.032000 0.018000
14 0.655000 0.901000 0.018000 0.034000
14 0.654000 0.856000 0.020000 0.036000
9 0.656000 0.811000 0.020000 0.034000
14 0.653000 0.715000 0.026000 0.038000
14 0.657000 0.675000 0.026000 0.042000
11 0.659000 0.555000 0.026000 0.046000