9 0.256000 0.444000 0.040000 0.016000
9 0.255000 0.498000 0.038000 0.016000
9 0.252000 0.518000 0.040000 0.016000
9 0.389000 0.470000 0.018000 0.032000
14 0.508000 0.472000 0.020000 0.032000
14 0.583000 0.424000 0.042000 0.016000
14 0.362000 0.755000 0.052000 0.018000
9 0.174000 0.942000 0.024000 0.032000
14 0.153000 0.934000 0.026000 0.036000
14 0.330000 0.119000 0.044000 0.034000
9 0.497000 0.044000 0.018000 0.032000
9 0.475000 0.040000 0.018000 0.036000
9 0.877000 0.249000 0.042000 0.014000
9 0.704000 0.284000 0.020000 0.036000
9 0.877000 0.450000 0.018000 0.036000
12 0.938000 0.472000 0.032000 0.040000
9 0.974000 0.752000 0.036000 0.040000
14 0.796000 0.794000 0.040000 0.012000
14 0.789000 0.816000 0.042000 0.012000