9 0.068000 0.998000 0.020000 0.004000
9 0.069000 0.975000 0.018000 0.034000
9 0.069000 0.935000 0.018000 0.034000
14 0.215000 0.806000 0.046000 0.016000
14 0.142000 0.865000 0.016000 0.026000
14 0.143000 0.942000 0.018000 0.028000
9 0.142000 0.982000 0.024000 0.036000
9 0.012000 0.198000 0.024000 0.016000
9 0.012000 0.177000 0.024000 0.014000
14 0.070000 0.614000 0.020000 0.036000
12 0.069000 0.684000 0.022000 0.036000
35 0.125000 0.366000 0.154000 0.144000
9 0.142000 0.110000 0.020000 0.040000
12 0.499000 0.013000 0.054000 0.018000
14 0.338000 0.713000 0.044000 0.014000
14 0.340000 0.695000 0.044000 0.014000
14 0.461000 0.768000 0.042000 0.040000
14 0.554000 0.689000 0.016000 0.030000
9 0.590000 0.687000 0.024000 0.030000
9 0.625000 0.689000 0.022000 0.026000
14 0.559000 0.726000 0.018000 0.028000
9 0.760000 0.729000 0.020000 0.034000
14 0.781000 0.723000 0.018000 0.030000
9 0.941000 0.722000 0.018000 0.032000