5 0.330000 0.504666 0.073334 0.118666
1 0.297334 0.581334 0.032000 0.045334
1 0.281334 0.572666 0.029334 0.044000
1 0.251334 0.558000 0.022666 0.038666
5 0.236000 0.555334 0.024000 0.033334
7 0.376666 0.548000 0.060000 0.037334
1 0.452000 0.518666 0.064000 0.037334
1 0.462000 0.538000 0.078666 0.038666
1 0.536666 0.484000 0.028000 0.024000
1 0.506666 0.511334 0.040000 0.049334
1 0.562666 0.661334 0.085334 0.045334
1 0.640000 0.640666 0.064000 0.041334
1 0.651334 0.659334 0.060000 0.038666
7 0.718666 0.602666 0.112000 0.056000
7 0.724000 0.626666 0.101334 0.058666
1 0.802666 0.596000 0.064000 0.045334
1 0.698666 0.460666 0.074666 0.041334
1 0.791334 0.418666 0.060000 0.034666
1 0.944000 0.586666 0.104000 0.058666
1 0.855334 0.309334 0.065334 0.037334
1 0.980000 0.244000 0.040000 0.032000