1 0.866250 0.620000 0.072500 0.060000
1 0.621250 0.998333 0.067500 0.003334
1 0.416250 0.956666 0.022500 0.053334
1 0.347500 0.036666 0.030000 0.066666
1 0.295000 0.051666 0.035000 0.076666
1 0.271250 0.060000 0.037500 0.073334
1 0.241250 0.063334 0.042500 0.080000
1 0.216250 0.081666 0.032500 0.070000
1 0.190000 0.090000 0.035000 0.073334
1 0.165000 0.095000 0.030000 0.063334
1 0.142500 0.106666 0.030000 0.066666
1 0.113750 0.113334 0.037500 0.066666
1 0.083750 0.116666 0.027500 0.066666
1 0.060000 0.123334 0.035000 0.073334
1 0.032500 0.126666 0.035000 0.060000
1 0.027500 0.226666 0.055000 0.053334
1 0.051250 0.326666 0.072500 0.053334
1 0.052500 0.363334 0.075000 0.053334
1 0.073750 0.386666 0.067500 0.060000
1 0.080000 0.420000 0.065000 0.053334
1 0.082500 0.448334 0.060000 0.050000
1 0.130000 0.400000 0.025000 0.060000
1 0.153750 0.363334 0.022500 0.060000
1 0.178750 0.350000 0.032500 0.066666
1 0.203750 0.336666 0.027500 0.066666
1 0.226250 0.340000 0.027500 0.073334
1 0.252500 0.323334 0.025000 0.073334
1 0.280000 0.310000 0.025000 0.073334
1 0.306250 0.298334 0.027500 0.076666
1 0.333750 0.283334 0.027500 0.073334
1 0.386250 0.306666 0.047500 0.013334
1 0.386250 0.278334 0.057500 0.016666
1 0.380000 0.248334 0.055000 0.023334
1 0.376250 0.216666 0.052500 0.026666
1 0.370000 0.190000 0.050000 0.020000
1 0.365000 0.165000 0.040000 0.016666
1 0.358750 0.136666 0.042500 0.020000
1 0.350000 0.111666 0.040000 0.010000
1 0.396250 0.105000 0.027500 0.056666
1 0.413750 0.091666 0.027500 0.056666
1 0.440000 0.090000 0.035000 0.060000
1 0.515000 0.093334 0.050000 0.040000
1 0.522500 0.123334 0.050000 0.046666
1 0.523750 0.156666 0.062500 0.053334
1 0.542500 0.183334 0.045000 0.053334
1 0.555000 0.221666 0.075000 0.036666
1 0.617500 0.198334 0.045000 0.036666
1 0.601250 0.168334 0.052500 0.016666
1 0.600000 0.138334 0.065000 0.016666
1 0.590000 0.111666 0.050000 0.016666
1 0.573750 0.085000 0.042500 0.016666
1 0.571250 0.050000 0.052500 0.046666
1 0.642500 0.028334 0.025000 0.056666
1 0.896250 0.026666 0.032500 0.053333
1 0.878750 0.040000 0.037500 0.053334
1 0.860000 0.050000 0.035000 0.053334
1 0.843750 0.063334 0.032500 0.046666
1 0.828750 0.080000 0.037500 0.046666
1 0.807500 0.098334 0.045000 0.056666
1 0.788750 0.111666 0.037500 0.050000
1 0.765000 0.120000 0.040000 0.053334
1 0.743750 0.130000 0.037500 0.053334
1 0.727500 0.141666 0.040000 0.050000
0 0.647500 0.295000 0.125000 0.090000
1 0.697500 0.306666 0.055000 0.053334
1 0.710000 0.340000 0.045000 0.046666
1 0.725000 0.366666 0.045000 0.053334
1 0.738750 0.393334 0.057500 0.046666
1 0.751250 0.420000 0.057500 0.060000
1 0.781250 0.468334 0.057500 0.063334
1 0.796250 0.501666 0.052500 0.050000
1 0.808750 0.528334 0.052500 0.050000
1 0.841250 0.588334 0.057500 0.050000
1 0.631250 0.343334 0.057500 0.053334
1 0.645000 0.370000 0.065000 0.053334
1 0.661250 0.398334 0.067500 0.063334
1 0.672500 0.425000 0.065000 0.050000
1 0.686250 0.451666 0.067500 0.050000
1 0.707500 0.476666 0.060000 0.046666
1 0.712500 0.506666 0.055000 0.046666
1 0.728750 0.531666 0.062500 0.050000
1 0.738750 0.560000 0.057500 0.040000
1 0.755000 0.586666 0.060000 0.040000
1 0.461250 0.381666 0.067500 0.063334
1 0.395000 0.421666 0.065000 0.056666
1 0.473750 0.420000 0.057500 0.060000
1 0.487500 0.446666 0.060000 0.066666
1 0.511250 0.473334 0.057500 0.073334
1 0.521250 0.505000 0.057500 0.056666
1 0.537500 0.526666 0.060000 0.060000
1 0.550000 0.568334 0.045000 0.050000
1 0.567500 0.596666 0.060000 0.066666
1 0.580000 0.621666 0.060000 0.070000
1 0.596250 0.651666 0.057500 0.056666
1 0.621250 0.686666 0.077500 0.046666
1 0.405000 0.460000 0.065000 0.053334
1 0.418750 0.488334 0.067500 0.050000
1 0.435000 0.520000 0.060000 0.060000
1 0.453750 0.546666 0.062500 0.053334
1 0.466250 0.576666 0.062500 0.046666
1 0.480000 0.611666 0.070000 0.050000
1 0.180000 0.506666 0.070000 0.066666
1 0.102500 0.563334 0.075000 0.073334
1 0.202500 0.546666 0.065000 0.073334
1 0.227500 0.580000 0.085000 0.080000
1 0.238750 0.613334 0.072500 0.073334
1 0.255000 0.641666 0.065000 0.063334
1 0.265000 0.673334 0.055000 0.053334
1 0.325000 0.683334 0.045000 0.060000
1 0.312500 0.706666 0.055000 0.066666
1 0.288750 0.715000 0.042500 0.050000
1 0.266250 0.731666 0.042500 0.063334
1 0.115000 0.601666 0.075000 0.070000
1 0.133750 0.628334 0.087500 0.070000
1 0.150000 0.663334 0.075000 0.060000
1 0.168750 0.691666 0.067500 0.063334
1 0.188750 0.726666 0.082500 0.066666
1 0.211250 0.760000 0.072500 0.066666
1 0.223750 0.791666 0.077500 0.063334
1 0.245000 0.823334 0.065000 0.066666
1 0.258750 0.860000 0.062500 0.053334
1 0.280000 0.896666 0.075000 0.060000
1 0.290000 0.931666 0.080000 0.056666
1 0.297500 0.971666 0.075000 0.056666
1 0.301250 0.991667 0.067500 0.016666
1 0.315000 0.815000 0.035000 0.063334
1 0.333750 0.803334 0.037500 0.060000
1 0.361250 0.790000 0.032500 0.066666
1 0.382500 0.778334 0.040000 0.063334
1 0.410000 0.766666 0.030000 0.066666
1 0.432500 0.758334 0.030000 0.063334
1 0.456250 0.745000 0.037500 0.063334
1 0.477500 0.733334 0.040000 0.066666
1 0.501250 0.723334 0.037500 0.073334
1 0.521250 0.720000 0.037500 0.066666
1 0.556250 0.696666 0.042500 0.073334
1 0.361250 0.873334 0.027500 0.060000
1 0.368750 0.965000 0.012500 0.050000
1 0.440000 0.973333 0.025000 0.053333
1 0.416250 0.851666 0.032500 0.056666
1 0.438750 0.843334 0.037500 0.066666
1 0.463750 0.831666 0.037500 0.063334
1 0.486250 0.818334 0.032500 0.063334
1 0.583750 0.855000 0.067500 0.056666
1 0.591250 0.891666 0.062500 0.056666
1 0.600000 0.920000 0.065000 0.046666
1 0.612500 0.951666 0.065000 0.036666
1 0.620000 0.981666 0.070000 0.036667
1 0.701250 0.990000 0.057500 0.020001
1 0.695000 0.965000 0.060000 0.036666
1 0.685000 0.926666 0.065000 0.033334
1 0.677500 0.895000 0.065000 0.030000
1 0.670000 0.866666 0.060000 0.040000
1 0.657500 0.826666 0.060000 0.033334
1 0.640000 0.766666 0.065000 0.040000
1 0.653750 0.720000 0.112500 0.080000
1 0.785000 0.653334 0.065000 0.046666
1 0.792500 0.686666 0.060000 0.040000
1 0.800000 0.720000 0.045000 0.040000
1 0.813750 0.745000 0.062500 0.056666
1 0.815000 0.776666 0.060000 0.053334
1 0.822500 0.810000 0.065000 0.060000
1 0.830000 0.836666 0.060000 0.046666
1 0.841250 0.865000 0.052500 0.043334
1 0.850000 0.891666 0.060000 0.050000
1 0.852500 0.923334 0.060000 0.046666
1 0.860000 0.955000 0.060000 0.036666
1 0.901250 0.976666 0.087500 0.046667
1 0.931250 0.933334 0.052500 0.040000
1 0.922500 0.903334 0.050000 0.026666
1 0.917500 0.880000 0.050000 0.020000
1 0.908750 0.855000 0.052500 0.016666
1 0.905000 0.828334 0.055000 0.023334
1 0.898750 0.803334 0.052500 0.026666
1 0.893750 0.773334 0.057500 0.026666
1 0.886250 0.746666 0.057500 0.026666
1 0.877500 0.720000 0.050000 0.026666
1 0.875000 0.693334 0.045000 0.020000
1 0.872500 0.668334 0.060000 0.023334
1 0.085000 0.200000 0.020000 0.053334
1 0.106250 0.306666 0.027500 0.053334
1 0.127500 0.306666 0.025000 0.053334
1 0.143750 0.296666 0.027500 0.053334
1 0.163750 0.286666 0.027500 0.053334
1 0.181250 0.280000 0.027500 0.053334
1 0.201250 0.270000 0.027500 0.053334
1 0.218750 0.263334 0.027500 0.053334
1 0.237500 0.250000 0.025000 0.053334
1 0.257500 0.245000 0.025000 0.050000
1 0.275000 0.240000 0.025000 0.046666
1 0.292500 0.231666 0.025000 0.050000
1 0.306250 0.220000 0.022500 0.046666
1 0.325000 0.208334 0.025000 0.050000
1 0.063750 0.206666 0.027500 0.046666
1 0.108750 0.191666 0.022500 0.050000
1 0.126250 0.188334 0.022500 0.050000
1 0.148750 0.178334 0.022500 0.050000
1 0.166250 0.175000 0.022500 0.050000
1 0.183750 0.168334 0.022500 0.050000
1 0.201250 0.161666 0.022500 0.050000
1 0.220000 0.155000 0.025000 0.050000
1 0.238750 0.151666 0.022500 0.050000
1 0.257500 0.145000 0.025000 0.050000
1 0.276250 0.136666 0.022500 0.046666
1 0.293750 0.131666 0.022500 0.050000
1 0.510000 0.043334 0.045000 0.033334
1 0.516250 0.063334 0.042500 0.033334
1 0.770000 0.168334 0.040000 0.036666
1 0.818750 0.151666 0.042500 0.030000
1 0.827500 0.173334 0.040000 0.026666
1 0.835000 0.195000 0.040000 0.030000
1 0.841250 0.216666 0.042500 0.026666
1 0.847500 0.235000 0.040000 0.030000
1 0.856250 0.256666 0.042500 0.026666
1 0.862500 0.276666 0.040000 0.026666
1 0.875000 0.293334 0.040000 0.026666
1 0.878750 0.320000 0.042500 0.033334
1 0.892500 0.361666 0.040000 0.030000
1 0.902500 0.380000 0.040000 0.026666
1 0.907500 0.405000 0.040000 0.023334
1 0.915000 0.426666 0.040000 0.026666
1 0.930000 0.466666 0.040000 0.026666
1 0.940000 0.490000 0.040000 0.026666
1 0.947500 0.510000 0.040000 0.026666
1 0.975000 0.573334 0.040000 0.026666
1 0.981250 0.596666 0.037500 0.033334
1 0.988750 0.616666 0.022500 0.033334
1 0.990000 0.640000 0.020000 0.033334
1 0.396250 0.861666 0.032500 0.056666
1 0.343750 0.885000 0.027500 0.050000
1 0.586250 0.768334 0.027500 0.050000
1 0.566250 0.776666 0.027500 0.046666
1 0.548750 0.786666 0.027500 0.046666
1 0.527500 0.796666 0.025000 0.046666
1 0.538750 0.710000 0.027500 0.046666
1 0.390000 0.973334 0.015000 0.040000