12 0.683000 0.833000 0.050000 0.026000
14 0.486000 0.814000 0.048000 0.016000
14 0.496000 0.739000 0.052000 0.018000
14 0.492000 0.719000 0.048000 0.022000
14 0.488000 0.696000 0.056000 0.024000
12 0.434000 0.616000 0.040000 0.048000
12 0.378000 0.665000 0.024000 0.038000
14 0.345000 0.664000 0.022000 0.040000
14 0.313000 0.668000 0.026000 0.040000
14 0.281000 0.667000 0.026000 0.042000
14 0.219000 0.671000 0.022000 0.034000
14 0.190000 0.672000 0.024000 0.048000
11 0.068000 0.767000 0.060000 0.026000
14 0.111000 0.671000 0.026000 0.046000
31 0.420000 0.872000 0.136000 0.192000