14 0.976666 0.390000 0.046666 0.020000
9 0.965000 0.331250 0.050000 0.037500
14 0.595000 0.345000 0.070000 0.015000
9 0.586666 0.301250 0.060000 0.017500
14 0.590000 0.321250 0.073334 0.022500
14 0.591666 0.286250 0.063334 0.017500
9 0.603334 0.271250 0.053334 0.017500
9 0.603334 0.253750 0.053334 0.022500
9 0.866666 0.206250 0.040000 0.047500
9 0.831666 0.200000 0.036666 0.050000
9 0.775000 0.295000 0.050000 0.020000
9 0.716666 0.275000 0.033334 0.045000
12 0.663334 0.265000 0.033334 0.035000
14 0.478334 0.015000 0.063334 0.020000
9 0.081666 0.100000 0.076666 0.020000
12 0.075000 0.120000 0.076666 0.015000
14 0.181666 0.212500 0.056666 0.020000
9 0.073334 0.163750 0.073334 0.022500
9 0.921666 0.600000 0.076666 0.020000
12 0.746666 0.578750 0.093334 0.027500
9 0.600000 0.566250 0.066666 0.022500
14 0.526666 0.558750 0.073334 0.022500
9 0.495000 0.491250 0.036666 0.047500
9 0.401666 0.483750 0.043334 0.047500
9 0.290000 0.535000 0.060000 0.025000
9 0.368334 0.542500 0.076666 0.020000
14 0.195000 0.525000 0.083334 0.030000
9 0.986666 0.872500 0.026666 0.040000
14 0.918334 0.907500 0.076666 0.020000
14 0.911666 0.933750 0.083334 0.017500
9 0.891666 0.976250 0.076666 0.022500
14 0.466666 0.830000 0.060000 0.040000
12 0.371666 0.808750 0.030000 0.042500