12 0.813000 0.672000 0.018000 0.036000
11 0.926000 0.790000 0.084000 0.020000
9 0.658000 0.730000 0.044000 0.012000
9 0.533000 0.689000 0.038000 0.018000
9 0.665000 0.924000 0.030000 0.012000
9 0.664000 0.841000 0.040000 0.018000
9 0.010000 0.432000 0.020000 0.028000
14 0.046000 0.430000 0.020000 0.032000
9 0.072000 0.430000 0.020000 0.028000
14 0.099000 0.431000 0.018000 0.034000
9 0.121000 0.435000 0.018000 0.034000
9 0.017000 0.472000 0.034000 0.028000
9 0.034000 0.512000 0.020000 0.028000
9 0.054000 0.516000 0.016000 0.032000
9 0.096000 0.517000 0.016000 0.034000
9 0.119000 0.517000 0.018000 0.034000
9 0.187000 0.523000 0.018000 0.034000
14 0.271000 0.524000 0.018000 0.028000
9 0.251000 0.525000 0.018000 0.030000
9 0.342000 0.526000 0.020000 0.032000
14 0.364000 0.525000 0.020000 0.034000
14 0.384000 0.527000 0.020000 0.030000
9 0.408000 0.527000 0.020000 0.030000
9 0.429000 0.528000 0.022000 0.032000
9 0.448000 0.528000 0.020000 0.032000
9 0.474000 0.528000 0.020000 0.032000
9 0.498000 0.528000 0.020000 0.032000
9 0.520000 0.531000 0.020000 0.030000
9 0.573000 0.529000 0.026000 0.038000
9 0.812000 0.793000 0.044000 0.026000
9 0.730000 0.832000 0.024000 0.036000
14 0.664000 0.887000 0.036000 0.014000
9 0.663000 0.982000 0.038000 0.016000
13 0.312000 0.426000 0.048000 0.016000
9 0.074000 0.517000 0.024000 0.038000
14 0.229000 0.528000 0.022000 0.036000
14 0.208000 0.525000 0.016000 0.034000
14 0.319000 0.529000 0.022000 0.038000