9 0.777000 0.668000 0.038000 0.024000
9 0.784000 0.683000 0.032000 0.018000
14 0.921000 0.138000 0.014000 0.032000
9 0.770000 0.225000 0.016000 0.030000
9 0.770000 0.263000 0.020000 0.034000
9 0.698000 0.275000 0.020000 0.038000
9 0.715000 0.339000 0.026000 0.030000
14 0.484000 0.407000 0.016000 0.034000
9 0.459000 0.407000 0.018000 0.034000
14 0.437000 0.410000 0.018000 0.036000
33 0.362000 0.196000 0.184000 0.088000
9 0.189000 0.058000 0.042000 0.016000
14 0.978000 0.274000 0.036000 0.016000
9 0.996000 0.329000 0.008000 0.034000
14 0.977000 0.328000 0.014000 0.036000
14 0.989000 0.437000 0.018000 0.034000
14 0.854000 0.480000 0.032000 0.012000
14 0.855000 0.498000 0.030000 0.016000
9 0.859000 0.571000 0.038000 0.018000
9 0.858000 0.549000 0.036000 0.018000
9 0.863000 0.589000 0.038000 0.014000
9 0.862000 0.611000 0.036000 0.018000
9 0.862000 0.702000 0.032000 0.016000
9 0.867000 0.736000 0.030000 0.016000
9 0.869000 0.760000 0.030000 0.012000
9 0.869000 0.775000 0.030000 0.014000
9 0.871000 0.799000 0.034000 0.014000
9 0.876000 0.977000 0.028000 0.010000
12 0.879000 0.996000 0.042000 0.008000
9 0.287000 0.709000 0.034000 0.018000
9 0.484000 0.279000 0.040000 0.034000
9 0.241000 0.295000 0.018000 0.038000
9 0.287000 0.315000 0.022000 0.042000
14 0.185000 0.289000 0.022000 0.042000
14 0.185000 0.539000 0.038000 0.014000
14 0.186000 0.559000 0.036000 0.014000
9 0.193000 0.601000 0.038000 0.018000
9 0.198000 0.743000 0.024000 0.010000
14 0.203000 0.826000 0.030000 0.012000
9 0.208000 0.938000 0.024000 0.012000
10 0.243000 0.770000 0.018000 0.048000
9 0.199000 0.758000 0.034000 0.020000
9 0.185000 0.341000 0.018000 0.038000