35 0.814000 0.531000 0.228000 0.146000
11 0.029000 0.076000 0.058000 0.020000
11 0.032000 0.054000 0.064000 0.020000
11 0.029000 0.031000 0.058000 0.018000
11 0.393000 0.099000 0.098000 0.058000
11 0.497000 0.152000 0.098000 0.056000
11 0.528000 0.165000 0.096000 0.058000
11 0.546000 0.183000 0.096000 0.062000
11 0.635000 0.207000 0.106000 0.026000
11 0.639000 0.227000 0.102000 0.022000
11 0.641000 0.247000 0.102000 0.026000
11 0.643000 0.269000 0.102000 0.026000
11 0.643000 0.290000 0.102000 0.028000
11 0.640000 0.313000 0.104000 0.026000
11 0.639000 0.336000 0.102000 0.024000
11 0.636000 0.360000 0.104000 0.024000
11 0.638000 0.382000 0.104000 0.024000
11 0.639000 0.404000 0.102000 0.020000
11 0.560000 0.409000 0.024000 0.086000
11 0.534000 0.409000 0.024000 0.086000
11 0.506000 0.409000 0.024000 0.090000
11 0.476000 0.414000 0.028000 0.092000
11 0.426000 0.412000 0.024000 0.092000
11 0.371000 0.412000 0.022000 0.088000
11 0.342000 0.412000 0.024000 0.084000
11 0.236000 0.378000 0.020000 0.012000
11 0.289000 0.376000 0.022000 0.012000
11 0.149000 0.421000 0.022000 0.086000
14 0.694000 0.085000 0.040000 0.026000
14 0.768000 0.257000 0.024000 0.058000
9 0.662000 0.442000 0.048000 0.024000
9 0.631000 0.557000 0.050000 0.014000
9 0.819000 0.512000 0.038000 0.012000
12 0.741000 0.558000 0.054000 0.016000
30 0.470000 0.904000 0.340000 0.192000