2 0.958750 0.773334 0.042500 0.133334
2 0.965000 0.600000 0.045000 0.160000
2 0.928750 0.596666 0.037500 0.166666
2 0.967500 0.431666 0.045000 0.163334
2 0.770000 0.021666 0.095000 0.043333
2 0.932500 0.180000 0.050000 0.166666
2 0.793750 0.115000 0.022500 0.136666
2 0.812500 0.126666 0.025000 0.140000
2 0.835000 0.116666 0.030000 0.140000
2 0.853750 0.118334 0.037500 0.156666
2 0.781250 0.260000 0.027500 0.113334
2 0.807500 0.270000 0.025000 0.133334
2 0.838750 0.276666 0.037500 0.140000
2 0.865000 0.275000 0.020000 0.096666
2 0.791250 0.410000 0.037500 0.146666
2 0.821250 0.405000 0.022500 0.103334
2 0.786250 0.540000 0.032500 0.113334
2 0.813750 0.538334 0.022500 0.116666
2 0.788750 0.663334 0.037500 0.126666
2 0.817500 0.663334 0.020000 0.120000
2 0.681250 0.476666 0.022500 0.140000
2 0.687500 0.291666 0.020000 0.116666
2 0.713750 0.290000 0.027500 0.120000
1 0.732500 0.080000 0.010000 0.073334
1 0.717500 0.078334 0.015000 0.070000
1 0.700000 0.080000 0.020000 0.073334