9 0.835000 0.141000 0.038000 0.026000
9 0.869000 0.153000 0.030000 0.018000
14 0.835000 0.123000 0.038000 0.026000
14 0.872000 0.138000 0.032000 0.016000
14 0.847000 0.109000 0.030000 0.022000
14 0.879000 0.123000 0.030000 0.022000
14 0.887000 0.106000 0.038000 0.024000
14 0.848000 0.092000 0.028000 0.020000
14 0.857000 0.078000 0.034000 0.024000
14 0.893000 0.092000 0.026000 0.020000
14 0.894000 0.074000 0.028000 0.020000
14 0.907000 0.052000 0.030000 0.024000
14 0.920000 0.038000 0.036000 0.024000
14 0.929000 0.024000 0.042000 0.028000
14 0.938000 0.009000 0.028000 0.018000
14 0.795000 0.051000 0.030000 0.034000
14 0.806000 0.029000 0.028000 0.034000
14 0.817000 0.016000 0.030000 0.032000
14 0.827000 0.006000 0.030000 0.012000
14 0.821000 0.071000 0.030000 0.034000
14 0.846000 0.036000 0.028000 0.036000
14 0.868000 0.013000 0.024000 0.026000
14 0.903000 0.004000 0.026000 0.008000
14 0.883000 0.025000 0.030000 0.038000
14 0.773000 0.080000 0.042000 0.032000
11 0.811000 0.217000 0.070000 0.042000
11 0.832000 0.207000 0.040000 0.026000
11 0.795000 0.193000 0.042000 0.026000
11 0.858000 0.166000 0.040000 0.028000
11 0.820000 0.151000 0.044000 0.030000
11 0.834000 0.175000 0.080000 0.046000
11 0.839000 0.195000 0.042000 0.030000
11 0.802000 0.180000 0.040000 0.028000
11 0.654000 0.300000 0.052000 0.036000
11 0.668000 0.273000 0.044000 0.034000
11 0.720000 0.400000 0.052000 0.032000
14 0.742000 0.389000 0.032000 0.022000
14 0.713000 0.379000 0.030000 0.022000
14 0.750000 0.377000 0.032000 0.022000
11 0.738000 0.310000 0.044000 0.064000
11 0.760000 0.319000 0.048000 0.062000
11 0.784000 0.326000 0.032000 0.036000
11 0.547000 0.466000 0.082000 0.048000
11 0.540000 0.532000 0.052000 0.032000
11 0.703000 0.448000 0.042000 0.028000
11 0.699000 0.464000 0.042000 0.028000
11 0.687000 0.479000 0.054000 0.034000
11 0.678000 0.511000 0.044000 0.030000
11 0.664000 0.525000 0.044000 0.030000
11 0.655000 0.539000 0.042000 0.026000
11 0.647000 0.552000 0.042000 0.028000
11 0.644000 0.570000 0.044000 0.028000
11 0.546000 0.571000 0.052000 0.034000
11 0.636000 0.585000 0.040000 0.026000
11 0.487000 0.548000 0.050000 0.032000
11 0.495000 0.534000 0.054000 0.032000
11 0.825000 0.753000 0.090000 0.070000
14 0.957000 0.752000 0.038000 0.032000
11 0.734000 0.884000 0.092000 0.056000
11 0.313000 0.959000 0.078000 0.034000
14 0.227000 0.711000 0.030000 0.022000
9 0.248000 0.674000 0.036000 0.024000
14 0.255000 0.651000 0.042000 0.026000
14 0.339000 0.726000 0.030000 0.020000
14 0.347000 0.706000 0.038000 0.024000
14 0.357000 0.687000 0.042000 0.026000
14 0.369000 0.669000 0.050000 0.030000
11 0.297000 0.783000 0.042000 0.030000
11 0.236000 0.761000 0.072000 0.042000
11 0.345000 0.782000 0.054000 0.032000
11 0.178000 0.719000 0.068000 0.038000
11 0.129000 0.674000 0.038000 0.024000
11 0.134000 0.653000 0.052000 0.034000
11 0.146000 0.635000 0.048000 0.030000
14 0.185000 0.584000 0.030000 0.020000
11 0.307000 0.810000 0.046000 0.032000
14 0.015000 0.856000 0.030000 0.020000
14 0.021000 0.840000 0.034000 0.024000
14 0.193000 0.569000 0.030000 0.022000
14 0.027000 0.530000 0.046000 0.028000
14 0.038000 0.501000 0.048000 0.030000
14 0.094000 0.408000 0.036000 0.024000
14 0.108000 0.383000 0.032000 0.022000
14 0.111000 0.365000 0.038000 0.022000
14 0.061000 0.374000 0.030000 0.048000
14 0.088000 0.424000 0.044000 0.028000
11 0.102000 0.394000 0.040000 0.024000
14 0.578000 0.741000 0.036000 0.022000
14 0.112000 0.467000 0.024000 0.030000
14 0.094000 0.501000 0.024000 0.030000
14 0.146000 0.528000 0.028000 0.036000
11 0.111000 0.586000 0.050000 0.068000
9 0.087000 0.639000 0.030000 0.038000
9 0.257000 0.523000 0.022000 0.026000
14 0.310000 0.543000 0.028000 0.034000
14 0.332000 0.543000 0.020000 0.026000
14 0.355000 0.545000 0.018000 0.022000
14 0.370000 0.557000 0.024000 0.030000
14 0.411000 0.572000 0.026000 0.032000
14 0.453000 0.586000 0.030000 0.036000
14 0.414000 0.668000 0.028000 0.036000
14 0.396000 0.699000 0.028000 0.034000
14 0.379000 0.730000 0.030000 0.036000
9 0.360000 0.757000 0.028000 0.034000
9 0.400000 0.790000 0.028000 0.036000
11 0.209000 0.849000 0.034000 0.042000
11 0.232000 0.808000 0.032000 0.040000
11 0.248000 0.818000 0.028000 0.036000
11 0.265000 0.824000 0.030000 0.036000
11 0.246000 0.855000 0.032000 0.038000
11 0.262000 0.864000 0.036000 0.044000
11 0.281000 0.831000 0.030000 0.038000
11 0.298000 0.837000 0.032000 0.038000
11 0.279000 0.871000 0.034000 0.042000
14 0.201000 0.247000 0.026000 0.034000
11 0.266000 0.311000 0.028000 0.034000
14 0.263000 0.183000 0.026000 0.034000
14 0.298000 0.255000 0.028000 0.038000
14 0.330000 0.199000 0.032000 0.042000
14 0.259000 0.039000 0.030000 0.038000
14 0.267000 0.137000 0.030000 0.022000
14 0.232000 0.024000 0.024000 0.028000
14 0.211000 0.017000 0.030000 0.034000
14 0.159000 0.004000 0.018000 0.008000
14 0.137000 0.001000 0.026000 0.002000
14 0.992000 0.628000 0.016000 0.036000
11 0.471000 0.888000 0.042000 0.032000