9 0.369000 0.683000 0.018000 0.034000
9 0.385000 0.596000 0.014000 0.028000
14 0.487000 0.875000 0.030000 0.010000
9 0.487000 0.892000 0.030000 0.012000
9 0.413000 0.874000 0.038000 0.032000
9 0.482000 0.855000 0.032000 0.014000
9 0.490000 0.818000 0.036000 0.016000
9 0.489000 0.762000 0.034000 0.016000
14 0.371000 0.761000 0.034000 0.018000
9 0.527000 0.688000 0.018000 0.032000
9 0.551000 0.687000 0.014000 0.030000
9 0.573000 0.683000 0.022000 0.034000
14 0.572000 0.596000 0.016000 0.024000
14 0.483000 0.690000 0.018000 0.028000
14 0.512000 0.595000 0.012000 0.022000
14 0.554000 0.596000 0.016000 0.028000
14 0.491000 0.602000 0.010000 0.024000
11 0.408000 0.600000 0.016000 0.032000
9 0.366000 0.595000 0.016000 0.038000
9 0.344000 0.595000 0.012000 0.030000
9 0.160000 0.747000 0.016000 0.034000
9 0.636000 0.017000 0.020000 0.034000
9 0.568000 0.019000 0.016000 0.038000
14 0.497000 0.017000 0.018000 0.034000