1 0.165000 0.055000 0.036666 0.035000
1 0.151666 0.103750 0.036666 0.027500
1 0.135000 0.095000 0.036666 0.035000
1 0.123334 0.086250 0.033334 0.027500
1 0.108334 0.078750 0.036666 0.027500
1 0.095000 0.070000 0.030000 0.030000
1 0.076666 0.063750 0.033334 0.037500
1 0.061666 0.051250 0.036666 0.032500
1 0.041666 0.048750 0.036666 0.032500
1 0.031666 0.038750 0.043334 0.027500
1 0.151666 0.047500 0.036666 0.030000
1 0.095000 0.016250 0.036666 0.032500
1 0.103334 0.026250 0.033334 0.022500
1 0.123334 0.036250 0.033334 0.027500
1 0.030000 0.140000 0.033334 0.030000
1 0.055000 0.148750 0.043334 0.032500
1 0.070000 0.152500 0.040000 0.035000
1 0.088334 0.163750 0.036666 0.037500
1 0.051666 0.200000 0.043334 0.030000
1 0.031666 0.196250 0.050000 0.037500
1 0.018334 0.185000 0.036666 0.035000