14 0.451000 0.971000 0.050000 0.018000
14 0.456000 0.935000 0.040000 0.014000
12 0.452000 0.918000 0.052000 0.016000
14 0.460000 0.883000 0.040000 0.014000
14 0.461000 0.866000 0.050000 0.016000
14 0.461000 0.830000 0.050000 0.016000
14 0.457000 0.794000 0.038000 0.016000
14 0.463000 0.759000 0.046000 0.014000
14 0.455000 0.741000 0.038000 0.014000
14 0.456000 0.726000 0.040000 0.016000
14 0.461000 0.708000 0.042000 0.016000
14 0.471000 0.659000 0.046000 0.018000
14 0.465000 0.641000 0.042000 0.018000
14 0.464000 0.622000 0.036000 0.012000
12 0.594000 0.621000 0.056000 0.022000
14 0.978000 0.132000 0.036000 0.016000
14 0.813000 0.607000 0.022000 0.034000
14 0.840000 0.606000 0.016000 0.032000
12 0.882000 0.489000 0.024000 0.050000
11 0.895000 0.433000 0.054000 0.058000
11 0.851000 0.463000 0.058000 0.026000
12 0.978000 0.225000 0.044000 0.018000
12 0.977000 0.268000 0.046000 0.016000
12 0.977000 0.305000 0.046000 0.018000
9 0.980000 0.327000 0.040000 0.018000
12 0.864000 0.349000 0.020000 0.050000
12 0.777000 0.428000 0.050000 0.020000
12 0.516000 0.380000 0.056000 0.016000
12 0.114000 0.376000 0.028000 0.048000
14 0.699000 0.058000 0.050000 0.016000
14 0.842000 0.129000 0.036000 0.014000
14 0.688000 0.123000 0.044000 0.018000
14 0.322000 0.112000 0.040000 0.016000
14 0.267000 0.111000 0.038000 0.014000
9 0.309000 0.046000 0.046000 0.016000
14 0.211000 0.044000 0.046000 0.012000
14 0.072000 0.107000 0.040000 0.014000
12 0.020000 0.103000 0.040000 0.014000
35 0.894000 0.097000 0.084000 0.102000