14 0.585000 0.082000 0.034000 0.012000
14 0.650000 0.116000 0.016000 0.028000
14 0.790000 0.207000 0.040000 0.010000
14 0.602000 0.273000 0.040000 0.014000
11 0.599000 0.465000 0.018000 0.034000
11 0.623000 0.473000 0.022000 0.050000
14 0.475000 0.360000 0.026000 0.012000
14 0.529000 0.475000 0.042000 0.014000
13 0.529000 0.493000 0.034000 0.014000
9 0.532000 0.510000 0.036000 0.012000
14 0.484000 0.513000 0.028000 0.014000
14 0.482000 0.495000 0.024000 0.010000
9 0.481000 0.477000 0.034000 0.014000
14 0.341000 0.250000 0.030000 0.012000
14 0.345000 0.267000 0.034000 0.014000
9 0.344000 0.284000 0.028000 0.008000
9 0.348000 0.300000 0.036000 0.012000
9 0.348000 0.318000 0.028000 0.012000
14 0.349000 0.350000 0.030000 0.012000
9 0.355000 0.418000 0.038000 0.012000
9 0.357000 0.452000 0.038000 0.012000
9 0.522000 0.359000 0.032000 0.010000
11 0.508000 0.323000 0.056000 0.018000
14 0.480000 0.344000 0.032000 0.012000
13 0.515000 0.277000 0.042000 0.014000
13 0.511000 0.242000 0.042000 0.016000
14 0.393000 0.264000 0.030000 0.012000
9 0.396000 0.280000 0.036000 0.012000
9 0.391000 0.299000 0.030000 0.010000
9 0.394000 0.315000 0.028000 0.010000
14 0.393000 0.332000 0.034000 0.012000
14 0.397000 0.348000 0.038000 0.012000
9 0.398000 0.366000 0.028000 0.012000
9 0.394000 0.383000 0.032000 0.010000
14 0.399000 0.399000 0.034000 0.010000
9 0.278000 0.522000 0.040000 0.012000
9 0.151000 0.534000 0.038000 0.012000
9 0.280000 0.488000 0.040000 0.016000
9 0.274000 0.455000 0.036000 0.014000
9 0.145000 0.448000 0.034000 0.012000
9 0.269000 0.423000 0.038000 0.014000
14 0.266000 0.406000 0.032000 0.012000
9 0.264000 0.390000 0.040000 0.012000
9 0.265000 0.372000 0.038000 0.012000
14 0.263000 0.355000 0.038000 0.014000
9 0.264000 0.338000 0.036000 0.012000
14 0.140000 0.396000 0.040000 0.012000
14 0.133000 0.364000 0.030000 0.012000
9 0.134000 0.346000 0.032000 0.012000
14 0.266000 0.322000 0.028000 0.012000
14 0.264000 0.304000 0.040000 0.012000
9 0.264000 0.288000 0.032000 0.012000
9 0.259000 0.272000 0.034000 0.012000
9 0.254000 0.253000 0.028000 0.010000
9 0.135000 0.330000 0.034000 0.012000
14 0.133000 0.313000 0.038000 0.014000
14 0.131000 0.295000 0.030000 0.010000
14 0.018000 0.542000 0.036000 0.012000
11 0.138000 0.572000 0.072000 0.020000
11 0.705000 0.539000 0.098000 0.030000
14 0.802000 0.615000 0.016000 0.034000
14 0.804000 0.655000 0.016000 0.034000
11 0.957000 0.834000 0.026000 0.084000
14 0.977000 0.758000 0.014000 0.024000
11 0.964000 0.580000 0.024000 0.084000
11 0.913000 0.276000 0.026000 0.080000