14 0.462000 0.013000 0.048000 0.026000
12 0.541000 0.013000 0.054000 0.026000
12 0.538000 0.033000 0.052000 0.030000
14 0.523000 0.984000 0.042000 0.016000
14 0.521000 0.966000 0.042000 0.016000
14 0.528000 0.946000 0.048000 0.016000
14 0.523000 0.927000 0.054000 0.014000
14 0.522000 0.909000 0.052000 0.014000
12 0.520000 0.886000 0.044000 0.016000
14 0.804000 0.897000 0.040000 0.018000
14 0.691000 0.723000 0.018000 0.038000
14 0.715000 0.721000 0.022000 0.042000
14 0.742000 0.713000 0.020000 0.038000
14 0.580000 0.607000 0.020000 0.038000
14 0.602000 0.603000 0.016000 0.030000
14 0.624000 0.596000 0.020000 0.032000
14 0.647000 0.594000 0.018000 0.032000
14 0.665000 0.592000 0.018000 0.036000
13 0.829000 0.608000 0.030000 0.032000
13 0.854000 0.617000 0.028000 0.030000
13 0.897000 0.640000 0.026000 0.032000
14 0.456000 0.700000 0.016000 0.020000
14 0.370000 0.706000 0.020000 0.032000
13 0.448000 0.615000 0.020000 0.018000
13 0.428000 0.615000 0.016000 0.018000
13 0.405000 0.614000 0.018000 0.024000
13 0.360000 0.616000 0.016000 0.020000
9 0.244000 0.618000 0.016000 0.032000
13 0.285000 0.611000 0.022000 0.030000
9 0.327000 0.715000 0.018000 0.034000
9 0.304000 0.716000 0.016000 0.032000
14 0.234000 0.714000 0.016000 0.032000
14 0.280000 0.712000 0.020000 0.032000
14 0.257000 0.714000 0.022000 0.032000
14 0.207000 0.713000 0.022000 0.026000
14 0.178000 0.616000 0.020000 0.032000
14 0.155000 0.620000 0.018000 0.024000
12 0.133000 0.618000 0.022000 0.040000
14 0.112000 0.614000 0.016000 0.036000
14 0.089000 0.620000 0.022000 0.036000
14 0.066000 0.618000 0.020000 0.036000
14 0.042000 0.625000 0.020000 0.030000
14 0.022000 0.629000 0.016000 0.022000
13 0.014000 0.720000 0.016000 0.032000
14 0.081000 0.726000 0.018000 0.024000
9 0.103000 0.722000 0.018000 0.032000
13 0.147000 0.722000 0.014000 0.028000
13 0.170000 0.710000 0.016000 0.020000
9 0.637000 0.725000 0.034000 0.034000
14 0.015000 0.273000 0.026000 0.022000
14 0.190000 0.405000 0.020000 0.034000
14 0.401000 0.305000 0.038000 0.018000
14 0.436000 0.700000 0.016000 0.020000
13 0.872000 0.635000 0.028000 0.030000