9 0.148000 0.918000 0.032000 0.012000
13 0.141000 0.897000 0.042000 0.014000
14 0.138000 0.741000 0.040000 0.014000
9 0.822000 0.082000 0.044000 0.016000
9 0.069000 0.295000 0.022000 0.038000
14 0.206000 0.408000 0.044000 0.020000
14 0.730000 0.172000 0.020000 0.036000
14 0.737000 0.212000 0.022000 0.032000
9 0.736000 0.287000 0.028000 0.038000
9 0.734000 0.335000 0.020000 0.034000
11 0.850000 0.260000 0.044000 0.016000
11 0.605000 0.315000 0.030000 0.014000
14 0.420000 0.569000 0.020000 0.034000
9 0.385000 0.577000 0.018000 0.034000
11 0.511000 0.732000 0.050000 0.016000
14 0.579000 0.907000 0.030000 0.014000
35 0.701000 0.502000 0.130000 0.132000
14 0.854000 0.854000 0.048000 0.016000
14 0.819000 0.913000 0.050000 0.014000
14 0.815000 0.931000 0.038000 0.014000