9 0.351250 0.076666 0.022500 0.033334
12 0.318750 0.070000 0.027500 0.073334
14 0.043750 0.070000 0.052500 0.020000
9 0.050000 0.041666 0.050000 0.023334
12 0.437500 0.505000 0.055000 0.023334
14 0.428750 0.538334 0.042500 0.023334
12 0.433750 0.568334 0.057500 0.030000
9 0.388750 0.920000 0.017500 0.060000
9 0.386250 0.838334 0.022500 0.056666
9 0.358750 0.840000 0.022500 0.060000
9 0.323750 0.840000 0.022500 0.053334
9 0.133750 0.921666 0.022500 0.063334
13 0.160000 0.933334 0.020000 0.033334
14 0.192500 0.923334 0.025000 0.060000
12 0.221250 0.916666 0.037500 0.066666
9 0.246250 0.920000 0.027500 0.066666
12 0.280000 0.921666 0.035000 0.070000
9 0.311250 0.920000 0.032500 0.066666
14 0.338750 0.921666 0.027500 0.063334
14 0.366250 0.923334 0.022500 0.053334