29 0.985666 0.049000 0.028666 0.034000
23 0.903000 0.116334 0.030000 0.030000
25 0.839666 0.169666 0.038000 0.039334
29 0.668334 0.309666 0.032666 0.032666
25 0.569000 0.398334 0.036666 0.036666
25 0.484334 0.474334 0.039334 0.039334
25 0.785334 0.431334 0.029334 0.028000
21 0.248334 0.518666 0.066000 0.064000
19 0.277000 0.646666 0.042000 0.042666
19 0.485000 0.657666 0.039334 0.040666
19 0.405666 0.713334 0.042000 0.042666
25 0.167334 0.738334 0.040000 0.040666
25 0.131666 0.768000 0.039334 0.038666