7 0.478750 0.016667 0.132500 0.033333
4 0.478750 0.053334 0.112500 0.040000
7 0.496250 0.088334 0.122500 0.030000
7 0.353750 0.148334 0.172500 0.096666
7 0.371250 0.181666 0.157500 0.090000
6 0.352500 0.238334 0.230000 0.136666
7 0.368750 0.306666 0.242500 0.160000
7 0.527500 0.238334 0.065000 0.256666
7 0.581250 0.241666 0.062500 0.283334
7 0.628750 0.233334 0.052500 0.273334
7 0.677500 0.246666 0.055000 0.280000
7 0.723750 0.250000 0.052500 0.286666
7 0.771250 0.286666 0.082500 0.366666
7 0.516250 0.791666 0.172500 0.130000
7 0.996250 0.590000 0.007500 0.086666