14 0.242000 0.316000 0.020000 0.032000
14 0.019000 0.329000 0.018000 0.034000
14 0.376000 0.464000 0.036000 0.012000
14 0.343000 0.535000 0.014000 0.026000
14 0.314000 0.532000 0.016000 0.028000
14 0.466000 0.579000 0.036000 0.014000
9 0.215000 0.677000 0.018000 0.034000
14 0.197000 0.817000 0.014000 0.026000
9 0.213000 0.916000 0.022000 0.040000
9 0.189000 0.918000 0.018000 0.032000
9 0.168000 0.917000 0.016000 0.034000
9 0.143000 0.917000 0.018000 0.034000
9 0.305000 0.011000 0.026000 0.022000
14 0.357000 0.010000 0.026000 0.020000
9 0.409000 0.011000 0.030000 0.022000
35 0.589000 0.437000 0.102000 0.070000
14 0.771000 0.323000 0.014000 0.030000
9 0.799000 0.270000 0.014000 0.028000
14 0.937000 0.329000 0.034000 0.018000
9 0.969000 0.177000 0.046000 0.014000
14 0.973000 0.104000 0.042000 0.016000
14 0.882000 0.067000 0.032000 0.022000
9 0.981000 0.086000 0.038000 0.012000
9 0.976000 0.054000 0.036000 0.016000
17 0.958000 0.903000 0.084000 0.022000
16 0.971000 0.879000 0.058000 0.022000