14 0.057000 0.018000 0.018000 0.036000
9 0.106000 0.047000 0.016000 0.038000
14 0.149000 0.074000 0.022000 0.036000
9 0.292000 0.043000 0.040000 0.034000
9 0.238000 0.122000 0.040000 0.032000
11 0.147000 0.315000 0.054000 0.070000
9 0.302000 0.317000 0.040000 0.042000
14 0.324000 0.332000 0.032000 0.036000
14 0.308000 0.421000 0.040000 0.042000
11 0.169000 0.585000 0.074000 0.046000
11 0.083000 0.611000 0.038000 0.050000
11 0.057000 0.601000 0.038000 0.058000
11 0.027000 0.592000 0.046000 0.060000
9 0.512000 0.059000 0.024000 0.014000
14 0.547000 0.023000 0.026000 0.046000
14 0.579000 0.021000 0.026000 0.042000
14 0.624000 0.031000 0.028000 0.038000
12 0.674000 0.033000 0.020000 0.042000
13 0.771000 0.034000 0.018000 0.028000
12 0.792000 0.034000 0.020000 0.032000
14 0.651000 0.100000 0.042000 0.024000
12 0.997000 0.239000 0.006000 0.050000
9 0.519000 0.191000 0.038000 0.034000
9 0.626000 0.352000 0.040000 0.036000
9 0.590000 0.431000 0.036000 0.030000
12 0.762000 0.480000 0.044000 0.044000