31 0.063000 0.952000 0.126000 0.096000
14 0.986000 0.607000 0.028000 0.030000
14 0.978000 0.625000 0.032000 0.030000
9 0.960000 0.639000 0.048000 0.038000
14 0.949000 0.653000 0.046000 0.038000
12 0.920000 0.704000 0.056000 0.056000
9 0.907000 0.829000 0.030000 0.030000
14 0.867000 0.754000 0.042000 0.036000
14 0.855000 0.772000 0.042000 0.040000
14 0.839000 0.784000 0.042000 0.040000
14 0.823000 0.799000 0.038000 0.038000
9 0.890000 0.845000 0.032000 0.030000
9 0.924000 0.819000 0.036000 0.034000
9 0.941000 0.804000 0.038000 0.036000
9 0.955000 0.791000 0.038000 0.034000
9 0.950000 0.760000 0.040000 0.044000
14 0.993000 0.730000 0.014000 0.032000
9 0.206000 0.660000 0.036000 0.016000
12 0.204000 0.679000 0.044000 0.018000
9 0.208000 0.698000 0.040000 0.020000
9 0.017000 0.917000 0.026000 0.042000
14 0.065000 0.912000 0.022000 0.036000
14 0.088000 0.911000 0.024000 0.034000
14 0.113000 0.911000 0.026000 0.038000
12 0.157000 0.913000 0.026000 0.038000
9 0.182000 0.912000 0.024000 0.040000
12 0.130000 0.997000 0.024000 0.006000
9 0.212000 0.995000 0.028000 0.010000
14 0.189000 0.999000 0.022000 0.002000
9 0.157000 0.998000 0.018000 0.004000
14 0.090000 0.998000 0.024000 0.004000