14 0.992000 0.724000 0.016000 0.032000
14 0.916000 0.714000 0.024000 0.040000
9 0.467000 0.662000 0.022000 0.032000
14 0.443000 0.659000 0.018000 0.030000
14 0.044000 0.686000 0.016000 0.032000
14 0.111000 0.699000 0.018000 0.034000
14 0.698000 0.581000 0.020000 0.014000
14 0.655000 0.529000 0.014000 0.026000
14 0.635000 0.526000 0.014000 0.028000
14 0.071000 0.458000 0.018000 0.032000
14 0.093000 0.459000 0.018000 0.034000
14 0.243000 0.466000 0.022000 0.036000
9 0.264000 0.465000 0.020000 0.034000
14 0.414000 0.550000 0.036000 0.016000
9 0.372000 0.547000 0.040000 0.018000
14 0.360000 0.603000 0.040000 0.014000
14 0.407000 0.607000 0.046000 0.018000
9 0.675000 0.621000 0.034000 0.018000
14 0.955000 0.566000 0.022000 0.032000
14 0.817000 0.596000 0.022000 0.016000
14 0.352000 0.030000 0.040000 0.016000
14 0.504000 0.008000 0.020000 0.016000
9 0.584000 0.057000 0.036000 0.014000
9 0.634000 0.062000 0.044000 0.016000
14 0.748000 0.077000 0.040000 0.018000
14 0.678000 0.020000 0.016000 0.032000
14 0.696000 0.023000 0.016000 0.034000
14 0.975000 0.056000 0.018000 0.028000
9 0.254000 0.077000 0.036000 0.014000
14 0.519000 0.107000 0.038000 0.018000
14 0.862000 0.146000 0.044000 0.016000
14 0.992000 0.161000 0.016000 0.018000
9 0.103000 0.112000 0.018000 0.020000
14 0.297000 0.126000 0.018000 0.024000
14 0.411000 0.137000 0.018000 0.034000
14 0.623000 0.171000 0.018000 0.026000
14 0.915000 0.198000 0.018000 0.036000
14 0.938000 0.203000 0.016000 0.034000