35 0.816250 0.961667 0.172500 0.076666
35 0.597500 0.421666 0.220000 0.216666
14 0.900000 0.430000 0.040000 0.020000
14 0.835000 0.426666 0.050000 0.020000
9 0.977500 0.180000 0.045000 0.040000
14 0.811250 0.048334 0.042500 0.063334
14 0.776250 0.045000 0.027500 0.063334
14 0.747500 0.036666 0.030000 0.060000
9 0.706250 0.035000 0.037500 0.063334
9 0.556250 0.300000 0.042500 0.066666
9 0.476250 0.261666 0.032500 0.050000
9 0.480000 0.128334 0.035000 0.050000
9 0.415000 0.123334 0.040000 0.060000
14 0.171250 0.430000 0.047500 0.026666
12 0.652500 0.671666 0.050000 0.090000
9 0.713750 0.685000 0.037500 0.056666
14 0.763750 0.791666 0.042500 0.063334
9 0.718750 0.836666 0.037500 0.066666
14 0.853750 0.883334 0.017500 0.033334
14 0.197500 0.926666 0.025000 0.053334
14 0.300000 0.853334 0.025000 0.086666