21 0.603000 0.009000 0.076000 0.018000
27 0.590250 0.039750 0.071500 0.068500
27 0.563500 0.096000 0.076000 0.071000
27 0.515250 0.208000 0.075500 0.070000
20 0.480000 0.267250 0.078000 0.074500
21 0.449750 0.337250 0.073500 0.070500
28 0.425000 0.398250 0.082000 0.074500
27 0.414750 0.462250 0.073500 0.069500
21 0.390500 0.522750 0.077000 0.072500
28 0.362750 0.580000 0.081500 0.076000
28 0.339500 0.638250 0.081000 0.076500
28 0.956250 0.313250 0.063500 0.053500
29 0.851750 0.321000 0.059500 0.078000
22 0.764000 0.857000 0.068000 0.067000