29 0.737000 0.979000 0.094000 0.042000
29 0.915000 0.462000 0.094000 0.088000
29 0.826000 0.261000 0.076000 0.094000
19 0.953000 0.177000 0.094000 0.094000
26 0.658000 0.096000 0.120000 0.112000
26 0.668000 0.251000 0.128000 0.114000
27 0.676000 0.415000 0.216000 0.214000
27 0.658000 0.605000 0.172000 0.170000
27 0.484000 0.629000 0.216000 0.218000
25 0.426000 0.509000 0.112000 0.102000
26 0.401000 0.388000 0.114000 0.096000
26 0.360000 0.053000 0.112000 0.094000
26 0.100000 0.054000 0.112000 0.096000
25 0.120000 0.190000 0.104000 0.100000
29 0.115000 0.304000 0.102000 0.084000
25 0.138000 0.419000 0.100000 0.090000
29 0.137000 0.549000 0.082000 0.074000
29 0.111000 0.844000 0.086000 0.068000