14 0.434000 0.356000 0.040000 0.032000
14 0.191000 0.473000 0.034000 0.026000
14 0.035000 0.519000 0.042000 0.034000
11 0.680000 0.281000 0.100000 0.070000
11 0.658000 0.080000 0.068000 0.092000
11 0.615000 0.113000 0.054000 0.070000
14 0.356000 0.020000 0.040000 0.040000
14 0.423000 0.042000 0.030000 0.036000
14 0.477000 0.095000 0.030000 0.034000
9 0.459000 0.103000 0.030000 0.038000
14 0.440000 0.109000 0.028000 0.038000
14 0.460000 0.139000 0.032000 0.038000
14 0.346000 0.259000 0.028000 0.038000
14 0.324000 0.266000 0.028000 0.036000
14 0.291000 0.287000 0.030000 0.034000
14 0.253000 0.299000 0.034000 0.038000
14 0.192000 0.377000 0.028000 0.034000
14 0.172000 0.382000 0.032000 0.036000
11 0.133000 0.410000 0.046000 0.056000
14 0.084000 0.435000 0.028000 0.034000
14 0.015000 0.474000 0.030000 0.040000
14 0.032000 0.313000 0.036000 0.042000
9 0.065000 0.301000 0.038000 0.042000
14 0.234000 0.231000 0.032000 0.038000
14 0.273000 0.218000 0.030000 0.036000
14 0.306000 0.198000 0.028000 0.032000
11 0.629000 0.975000 0.050000 0.050000
9 0.092000 0.625000 0.032000 0.038000
14 0.110000 0.657000 0.028000 0.030000
9 0.133000 0.686000 0.030000 0.036000
9 0.264000 0.869000 0.032000 0.038000
14 0.293000 0.883000 0.026000 0.030000
14 0.952000 0.271000 0.040000 0.030000
14 0.940000 0.255000 0.036000 0.026000
14 0.928000 0.223000 0.036000 0.030000
14 0.978000 0.014000 0.028000 0.028000
14 0.685000 0.882000 0.038000 0.044000
14 0.713000 0.841000 0.026000 0.030000
15 0.747000 0.839000 0.066000 0.078000
14 0.753000 0.808000 0.026000 0.028000
14 0.779000 0.807000 0.030000 0.034000
14 0.802000 0.799000 0.028000 0.034000
14 0.848000 0.786000 0.028000 0.032000
14 0.876000 0.763000 0.032000 0.038000
9 0.920000 0.788000 0.028000 0.036000
9 0.900000 0.761000 0.024000 0.026000
15 0.792000 0.998000 0.004000 0.004000
15 0.935000 0.962000 0.066000 0.076000
15 0.979000 0.930000 0.042000 0.088000