14 0.560000 0.487500 0.086666 0.035000
14 0.553334 0.458750 0.080000 0.037500
12 0.528334 0.417500 0.116666 0.050000
12 0.463334 0.381250 0.100000 0.047500
12 0.433334 0.270000 0.120000 0.050000
12 0.208334 0.212500 0.050000 0.050000
9 0.168334 0.232500 0.063334 0.060000
12 0.240000 0.043750 0.060000 0.062500
9 0.121666 0.067500 0.056666 0.055000
13 0.436666 0.352500 0.213334 0.095000
14 0.373334 0.233750 0.100000 0.077500
12 0.260000 0.215000 0.066666 0.060000
13 0.028334 0.408750 0.050000 0.042500
12 0.276666 0.036250 0.060000 0.062500
14 0.090000 0.082500 0.053334 0.055000
9 0.048334 0.087500 0.043334 0.035000
12 0.083334 0.350000 0.073334 0.070000