14 0.982500 0.180000 0.025000 0.060000
9 0.987500 0.738334 0.025000 0.030000
14 0.657500 0.400000 0.050000 0.053334
9 0.650000 0.430000 0.050000 0.053334
14 0.648750 0.468334 0.047500 0.050000
9 0.645000 0.506666 0.045000 0.046666
14 0.641250 0.541666 0.047500 0.050000
9 0.636250 0.576666 0.052500 0.053334
14 0.632500 0.610000 0.050000 0.053334
9 0.630000 0.646666 0.050000 0.053334
14 0.630000 0.685000 0.050000 0.050000
9 0.623750 0.718334 0.052500 0.050000
9 0.681250 0.720000 0.047500 0.046666
9 0.682500 0.683334 0.045000 0.046666
12 0.682500 0.648334 0.060000 0.063334
9 0.685000 0.611666 0.050000 0.050000
14 0.688750 0.575000 0.042500 0.043334
9 0.695000 0.540000 0.045000 0.046666
9 0.697500 0.505000 0.045000 0.050000
9 0.697500 0.466666 0.050000 0.053334
9 0.701250 0.430000 0.047500 0.053334
9 0.702500 0.391666 0.040000 0.043334
9 0.813750 0.465000 0.052500 0.043334
14 0.812500 0.500000 0.045000 0.040000
12 0.807500 0.538334 0.060000 0.056666
14 0.812500 0.585000 0.045000 0.043334
14 0.805000 0.623334 0.040000 0.040000
9 0.802500 0.656666 0.045000 0.046666
9 0.787500 0.731666 0.050000 0.043334
14 0.851250 0.698334 0.047500 0.030000
14 0.850000 0.665000 0.045000 0.023334
9 0.855000 0.633334 0.040000 0.026666
9 0.862500 0.603334 0.050000 0.020000
9 0.861250 0.571666 0.047500 0.023334
14 0.863750 0.540000 0.042500 0.020000
9 0.865000 0.510000 0.045000 0.026666
14 0.872500 0.478334 0.050000 0.030000
14 0.873750 0.420000 0.047500 0.026666
14 0.818750 0.426666 0.052500 0.046666
12 0.867500 0.365000 0.060000 0.050000
9 0.880000 0.321666 0.055000 0.043334
14 0.890000 0.286666 0.045000 0.040000
9 0.891250 0.251666 0.047500 0.043334
9 0.893750 0.213334 0.052500 0.046666
9 0.897500 0.173334 0.040000 0.040000
14 0.898750 0.141666 0.052500 0.050000
9 0.902500 0.110000 0.045000 0.040000
14 0.411250 0.863334 0.047500 0.026666
9 0.470000 0.866666 0.040000 0.026666
9 0.607500 0.878334 0.050000 0.030000
9 0.673750 0.885000 0.042500 0.030000
14 0.880000 0.900000 0.045000 0.026666
12 0.083750 0.146666 0.057500 0.033334
14 0.397500 0.070000 0.020000 0.046666
9 0.426250 0.066666 0.017500 0.053334
9 0.457500 0.073334 0.025000 0.053334
14 0.330000 0.215000 0.020000 0.056666
14 0.392500 0.218334 0.025000 0.063334
9 0.457500 0.235000 0.025000 0.050000
9 0.286250 0.281666 0.017500 0.050000
9 0.311250 0.285000 0.022500 0.050000
9 0.325000 0.441666 0.020000 0.056666
9 0.432500 0.451666 0.025000 0.056666
14 0.228750 0.621666 0.022500 0.063334
9 0.631250 0.003333 0.042500 0.006667
14 0.632500 0.038334 0.045000 0.023334
9 0.623750 0.066666 0.037500 0.026666
9 0.625000 0.100000 0.045000 0.026666
9 0.628750 0.136666 0.042500 0.026666
14 0.623750 0.170000 0.047500 0.026666
14 0.788750 0.270000 0.037500 0.026666
9 0.785000 0.240000 0.045000 0.026666
9 0.783750 0.201666 0.052500 0.023334
9 0.788750 0.170000 0.047500 0.026666
14 0.786250 0.135000 0.052500 0.023334
9 0.785000 0.103334 0.050000 0.026666
14 0.790000 0.070000 0.050000 0.026666
12 0.785000 0.036666 0.060000 0.026666
9 0.796250 0.006667 0.052500 0.013333
9 0.907500 0.016667 0.055000 0.033334
9 0.905000 0.040000 0.055000 0.046666
9 0.902500 0.075000 0.050000 0.043334
14 0.061250 0.985000 0.047500 0.030000