6 0.743500 0.019500 0.089000 0.039000
6 0.739500 0.033500 0.051000 0.027000
6 0.740000 0.005000 0.052000 0.010000
6 0.731500 0.003500 0.063000 0.007000
6 0.677000 0.034500 0.044000 0.023000
6 0.673500 0.025500 0.045000 0.023000
6 0.669500 0.014500 0.051000 0.029000
6 0.652500 0.050000 0.031000 0.060000
6 0.637500 0.059500 0.033000 0.051000
6 0.803000 0.417500 0.042000 0.059000
6 0.826000 0.412000 0.046000 0.068000
6 0.775000 0.356000 0.040000 0.060000
6 0.795000 0.351000 0.042000 0.064000
6 0.747500 0.291000 0.045000 0.066000
6 0.716500 0.229000 0.039000 0.064000
6 0.739000 0.224500 0.040000 0.061000
6 0.687500 0.166000 0.037000 0.058000
6 0.707500 0.158500 0.039000 0.059000
6 0.659500 0.106500 0.033000 0.049000