7 0.799334 0.786666 0.105334 0.149334
7 0.892666 0.616666 0.084000 0.113334
7 0.968666 0.417334 0.062667 0.152000
7 0.658666 0.299334 0.128000 0.084000
7 0.316666 0.996667 0.097334 0.006667
5 0.222000 0.993333 0.105334 0.013333
5 0.230666 0.978001 0.088000 0.043999
7 0.358000 0.997333 0.070666 0.005333
7 0.376000 0.988000 0.074666 0.023999
7 0.304666 0.985334 0.057334 0.029333
7 0.313334 0.969334 0.064000 0.048000
7 0.395334 0.973333 0.105334 0.053334
7 0.417334 0.965334 0.074666 0.053334
7 0.245334 0.960000 0.082666 0.053334
5 0.251334 0.931334 0.081334 0.057334
7 0.317334 0.927334 0.090666 0.062666
2 0.250000 0.906000 0.041334 0.025334
7 0.266666 0.876666 0.056000 0.036000
7 0.374666 0.920000 0.090666 0.056000
7 0.372666 0.888000 0.094666 0.056000
7 0.480000 0.911334 0.085334 0.036000
7 0.464666 0.883334 0.108000 0.044000
7 0.344666 0.848666 0.081334 0.046666
2 0.468000 0.861334 0.045334 0.021334
5 0.374000 0.830666 0.092000 0.056000
4 0.418000 0.818666 0.124000 0.074666
7 0.301334 0.805334 0.056000 0.037334
2 0.317334 0.790000 0.061334 0.030666
2 0.323334 0.777334 0.060000 0.029334
2 0.327334 0.766666 0.057334 0.026666
2 0.446666 0.807334 0.056000 0.033334
7 0.489334 0.806666 0.085334 0.056000
7 0.374666 0.765334 0.104000 0.069334
7 0.498000 0.782666 0.070666 0.048000
7 0.431334 0.756000 0.070666 0.040000
5 0.362666 0.730000 0.069334 0.052000
7 0.464666 0.735334 0.081334 0.044000
2 0.510000 0.767334 0.041334 0.028000
5 0.384000 0.706666 0.090666 0.064000
7 0.406000 0.683334 0.105334 0.068000
7 0.498000 0.716666 0.073334 0.060000
7 0.500000 0.687334 0.080000 0.062666
7 0.411334 0.652000 0.089334 0.064000
2 0.410000 0.627334 0.049334 0.036000
7 0.452666 0.626000 0.121334 0.086666
2 0.524666 0.681334 0.038666 0.029334
2 0.535334 0.671334 0.036000 0.030666
7 0.447334 0.589334 0.076000 0.058666
7 0.515334 0.597334 0.073334 0.050666
2 0.515334 0.619334 0.036000 0.028000
2 0.572666 0.627334 0.062666 0.028000
2 0.570000 0.611334 0.038666 0.022666
5 0.454000 0.562666 0.073334 0.058666
7 0.478000 0.530666 0.084000 0.045334
7 0.491334 0.508666 0.092000 0.049334
2 0.484000 0.553334 0.037334 0.021334
7 0.545334 0.579334 0.085334 0.052000
7 0.551334 0.555334 0.065334 0.041334
5 0.609334 0.572000 0.061334 0.045334
7 0.587334 0.526666 0.100000 0.080000
7 0.602666 0.504000 0.082666 0.066666
2 0.552000 0.538666 0.029334 0.018666
2 0.555334 0.528000 0.036000 0.026666
2 0.492000 0.480666 0.040000 0.017334
2 0.484666 0.488666 0.036000 0.014666
2 0.498000 0.466666 0.038666 0.029334
2 0.504666 0.456666 0.038666 0.028000
5 0.526666 0.444000 0.077334 0.058666
7 0.578666 0.404000 0.117334 0.085334
7 0.636666 0.350666 0.150666 0.128000
3 0.766666 0.083334 0.061334 0.017334
3 0.770666 0.098000 0.074666 0.017334
3 0.746000 0.126000 0.049334 0.041334
2 0.796000 0.110000 0.048000 0.017334
3 0.756666 0.139334 0.049334 0.041334
3 0.804666 0.127334 0.052000 0.036000
3 0.758666 0.157334 0.056000 0.037334
3 0.806666 0.148000 0.056000 0.042666
3 0.756000 0.179334 0.061334 0.041334
3 0.768000 0.226666 0.045334 0.066666
3 0.803334 0.172666 0.073334 0.049334
3 0.827334 0.180666 0.049334 0.038666
3 0.792666 0.220666 0.044000 0.070666
3 0.810000 0.229334 0.041334 0.069334
3 0.854666 0.112000 0.045334 0.082666
3 0.858666 0.135334 0.037334 0.062666
3 0.874666 0.146000 0.037334 0.052000
2 0.896666 0.167334 0.020000 0.030666
2 0.902666 0.174666 0.016000 0.024000
2 0.910666 0.178666 0.021334 0.032000
2 0.917334 0.186666 0.021334 0.029334
2 0.927334 0.188666 0.025334 0.033334
2 0.933334 0.196000 0.018666 0.026666
2 0.905334 0.210000 0.037334 0.030666
2 0.898000 0.222000 0.038666 0.017334
2 0.894000 0.230000 0.038666 0.020000
2 0.917334 0.242666 0.032000 0.050666
2 0.932666 0.250000 0.009334 0.041334
2 0.941334 0.254000 0.010666 0.036000
2 0.949334 0.260000 0.010666 0.040000
2 0.959334 0.264000 0.014666 0.042666
1 0.970000 0.226000 0.020000 0.028000
1 0.978000 0.230666 0.022666 0.032000
1 0.985334 0.234000 0.021334 0.030666
1 0.986666 0.194666 0.024000 0.026666
1 0.992001 0.198000 0.015999 0.028000
1 0.996000 0.202000 0.007999 0.025334
1 0.996000 0.169334 0.008000 0.026666
35 0.375334 0.215334 0.068000 0.073334
35 0.089334 0.742666 0.069334 0.072000