4 0.092000 0.004667 0.042666 0.009333
4 0.147334 0.008667 0.044000 0.017333
4 0.181334 0.160666 0.061334 0.022666
4 0.094666 0.197334 0.066666 0.016000
4 0.156666 0.196666 0.028000 0.012000
4 0.190000 0.204000 0.030666 0.018666
4 0.687334 0.992001 0.065334 0.015999
4 0.637334 0.940000 0.058666 0.064000
4 0.910666 0.932666 0.045334 0.054666
4 0.911334 0.800000 0.044000 0.053334
4 0.904666 0.878666 0.033334 0.037334
4 0.947334 0.840666 0.030666 0.036000
4 0.930666 0.850000 0.032000 0.038666
4 0.939334 0.845334 0.022666 0.029334
4 0.898000 0.812666 0.033334 0.041334
1 0.988667 0.731334 0.022667 0.052000
4 0.962000 0.464000 0.068000 0.072000
4 0.558000 0.621334 0.052000 0.053334
4 0.544000 0.632666 0.050666 0.052000
4 0.532666 0.533334 0.038666 0.053334
4 0.475334 0.566000 0.036000 0.054666
4 0.486000 0.562000 0.030666 0.054666
4 0.512666 0.548000 0.038666 0.056000
4 0.497334 0.554666 0.032000 0.050666
4 0.520666 0.542666 0.030666 0.050666
4 0.416666 0.629334 0.052000 0.040000
4 0.566666 0.444000 0.037334 0.037334
4 0.755334 0.366000 0.038666 0.033334
4 0.751334 0.403334 0.036000 0.041334
4 0.659334 0.366666 0.036000 0.032000
4 0.738666 0.374000 0.034666 0.036000
4 0.793334 0.326666 0.032000 0.026666
4 0.845334 0.344000 0.032000 0.032000
4 0.748000 0.370666 0.029334 0.024000
4 0.727334 0.324000 0.025334 0.021334
4 0.714666 0.344000 0.029334 0.026666
4 0.688666 0.334666 0.025334 0.021334
4 0.664666 0.358666 0.028000 0.026666
4 0.718000 0.336666 0.030666 0.025334
4 0.724666 0.331334 0.025334 0.017334
4 0.918666 0.244000 0.050666 0.069334
4 0.930000 0.199334 0.036000 0.038666
1 0.788000 0.286666 0.026666 0.026666
4 0.770000 0.260666 0.033334 0.028000
4 0.868000 0.276000 0.048000 0.050666
4 0.864000 0.225334 0.042666 0.042666
4 0.834666 0.229334 0.048000 0.048000
4 0.852666 0.229334 0.046666 0.053334
4 0.851334 0.333334 0.038666 0.040000
2 0.851334 0.306666 0.078666 0.080000
4 0.899334 0.188000 0.038666 0.037334
4 0.881334 0.200000 0.037334 0.037334
4 0.910000 0.182000 0.036000 0.036000
4 0.888000 0.192666 0.034666 0.041334
1 0.919334 0.180666 0.025334 0.022666
1 0.926000 0.171334 0.025334 0.022666
4 0.876000 0.212000 0.032000 0.037334
4 0.886666 0.258666 0.034666 0.021334