6 0.114000 0.520000 0.068000 0.040000
6 0.109000 0.531500 0.066000 0.041000
6 0.107000 0.544000 0.054000 0.034000
4 0.164500 0.545000 0.027000 0.050000
4 0.172500 0.548500 0.023000 0.043000
6 0.215000 0.425500 0.030000 0.057000
6 0.223500 0.434000 0.029000 0.050000
0 0.356000 0.323000 0.056000 0.066000
0 0.367500 0.334000 0.071000 0.082000
0 0.319000 0.399500 0.046000 0.051000
0 0.315500 0.383500 0.029000 0.031000
0 0.396500 0.376000 0.075000 0.084000
0 0.380500 0.368000 0.073000 0.082000
6 0.454500 0.459500 0.067000 0.039000
6 0.786000 0.539000 0.138000 0.080000
6 0.856000 0.620000 0.056000 0.064000
4 0.961500 0.693500 0.025000 0.051000
4 0.977500 0.670000 0.011000 0.034000