9 0.821000 0.909000 0.034000 0.018000
9 0.939000 0.789000 0.042000 0.030000
14 0.942000 0.722000 0.036000 0.028000
19 0.943000 0.700000 0.034000 0.028000
14 0.907000 0.686000 0.038000 0.028000
14 0.907000 0.713000 0.038000 0.034000
19 0.905000 0.737000 0.042000 0.030000
14 0.823000 0.752000 0.034000 0.024000
9 0.825000 0.729000 0.038000 0.022000
14 0.820000 0.705000 0.032000 0.026000
9 0.818000 0.682000 0.044000 0.032000
14 0.910000 0.666000 0.040000 0.028000
14 0.766000 0.531000 0.024000 0.038000
14 0.767000 0.491000 0.022000 0.038000
9 0.768000 0.454000 0.020000 0.036000
14 0.769000 0.409000 0.022000 0.038000
9 0.768000 0.369000 0.020000 0.034000
14 0.768000 0.318000 0.020000 0.032000
14 0.768000 0.267000 0.020000 0.034000
9 0.772000 0.229000 0.020000 0.034000
9 0.771000 0.180000 0.022000 0.040000
14 0.774000 0.138000 0.020000 0.036000
14 0.672000 0.131000 0.040000 0.022000
14 0.680000 0.108000 0.040000 0.020000
11 0.857000 0.030000 0.030000 0.060000
9 0.888000 0.011000 0.016000 0.022000
9 0.936000 0.014000 0.012000 0.028000
9 0.995000 0.012000 0.010000 0.024000
9 0.956000 0.011000 0.016000 0.022000
14 0.934000 0.068000 0.036000 0.016000
14 0.923000 0.101000 0.018000 0.030000
14 0.898000 0.101000 0.016000 0.030000
14 0.864000 0.112000 0.040000 0.016000