35 0.279000 0.464000 0.102000 0.120000
9 0.644000 0.006000 0.036000 0.012000
13 0.826000 0.279000 0.032000 0.038000
14 0.787000 0.185000 0.030000 0.034000
14 0.829000 0.243000 0.030000 0.034000
14 0.874000 0.301000 0.032000 0.034000
14 0.898000 0.327000 0.036000 0.038000
13 0.926000 0.371000 0.040000 0.046000
11 0.973000 0.433000 0.054000 0.054000
11 0.998000 0.472000 0.004000 0.008000
14 0.380000 0.070000 0.032000 0.032000
14 0.272000 0.174000 0.032000 0.032000
14 0.239000 0.175000 0.034000 0.030000
14 0.276000 0.054000 0.040000 0.036000
13 0.155000 0.091000 0.038000 0.034000
13 0.156000 0.004000 0.036000 0.008000
14 0.033000 0.003000 0.034000 0.006000
14 0.023000 0.058000 0.034000 0.032000
14 0.463000 0.295000 0.038000 0.034000
14 0.004000 0.043000 0.008000 0.030000
11 0.030000 0.308000 0.044000 0.048000
14 0.019000 0.245000 0.038000 0.038000
15 0.096000 0.327000 0.056000 0.054000
14 0.166000 0.387000 0.044000 0.030000
13 0.577000 0.608000 0.050000 0.040000
9 0.768000 0.923000 0.032000 0.022000
14 0.777000 0.607000 0.034000 0.034000
9 0.795000 0.794000 0.034000 0.036000
9 0.778000 0.788000 0.032000 0.036000
9 0.031000 0.664000 0.030000 0.040000
9 0.180000 0.643000 0.040000 0.026000
9 0.749000 0.769000 0.030000 0.034000
9 0.244000 0.838000 0.016000 0.028000
14 0.269000 0.843000 0.018000 0.030000
9 0.294000 0.848000 0.020000 0.032000
9 0.317000 0.853000 0.018000 0.026000
9 0.380000 0.875000 0.020000 0.030000
14 0.403000 0.883000 0.022000 0.030000
9 0.345000 0.951000 0.022000 0.030000
9 0.416000 0.989000 0.036000 0.018000
9 0.053000 0.098000 0.034000 0.032000