9 0.488000 0.953000 0.044000 0.018000
14 0.482000 0.869000 0.044000 0.014000
14 0.484000 0.849000 0.044000 0.014000
14 0.482000 0.830000 0.048000 0.016000
14 0.478000 0.786000 0.048000 0.016000
14 0.473000 0.765000 0.050000 0.022000
9 0.333000 0.729000 0.042000 0.010000
9 0.337000 0.706000 0.042000 0.012000
14 0.328000 0.746000 0.048000 0.016000
14 0.333000 0.769000 0.042000 0.014000
9 0.332000 0.787000 0.044000 0.014000
14 0.327000 0.807000 0.046000 0.018000
9 0.333000 0.831000 0.042000 0.018000
14 0.326000 0.848000 0.040000 0.016000
14 0.333000 0.889000 0.042000 0.018000
14 0.330000 0.931000 0.048000 0.014000
9 0.279000 0.909000 0.046000 0.018000
14 0.256000 0.949000 0.060000 0.018000
14 0.274000 0.889000 0.044000 0.018000
9 0.277000 0.869000 0.050000 0.022000
9 0.281000 0.850000 0.042000 0.016000
9 0.281000 0.787000 0.050000 0.022000
14 0.263000 0.742000 0.054000 0.020000
9 0.267000 0.721000 0.050000 0.014000
9 0.378000 0.647000 0.028000 0.026000
14 0.158000 0.744000 0.044000 0.020000
9 0.159000 0.769000 0.038000 0.018000
9 0.156000 0.789000 0.032000 0.014000
14 0.158000 0.861000 0.048000 0.034000
14 0.163000 0.885000 0.042000 0.030000
14 0.018000 0.693000 0.036000 0.014000
9 0.164000 0.723000 0.044000 0.014000
14 0.497000 0.649000 0.030000 0.030000
14 0.474000 0.652000 0.032000 0.032000
14 0.576000 0.650000 0.040000 0.040000
14 0.603000 0.653000 0.042000 0.042000
9 0.624000 0.649000 0.044000 0.042000
14 0.630000 0.588000 0.036000 0.032000
12 0.579000 0.587000 0.034000 0.034000
14 0.611000 0.585000 0.030000 0.030000
14 0.522000 0.586000 0.032000 0.032000
14 0.463000 0.587000 0.038000 0.038000
9 0.438000 0.586000 0.040000 0.040000
14 0.411000 0.583000 0.034000 0.038000
9 0.060000 0.546000 0.044000 0.032000
9 0.054000 0.506000 0.048000 0.036000
14 0.035000 0.420000 0.050000 0.016000
14 0.039000 0.400000 0.042000 0.016000
14 0.038000 0.365000 0.052000 0.018000
14 0.035000 0.343000 0.050000 0.014000
14 0.040000 0.325000 0.048000 0.022000
14 0.193000 0.448000 0.022000 0.032000
14 0.217000 0.450000 0.018000 0.028000
14 0.287000 0.443000 0.018000 0.034000
9 0.288000 0.403000 0.020000 0.034000
14 0.262000 0.402000 0.020000 0.032000
12 0.216000 0.410000 0.020000 0.040000
14 0.289000 0.318000 0.014000 0.028000
12 0.453000 0.211000 0.042000 0.014000
14 0.402000 0.213000 0.040000 0.014000
14 0.348000 0.213000 0.048000 0.014000
14 0.252000 0.214000 0.040000 0.020000
14 0.095000 0.212000 0.042000 0.012000
9 0.768000 0.131000 0.040000 0.018000
14 0.766000 0.112000 0.048000 0.020000
14 0.768000 0.094000 0.044000 0.016000
9 0.770000 0.075000 0.040000 0.014000
14 0.769000 0.058000 0.046000 0.016000
9 0.773000 0.039000 0.042000 0.014000
14 0.773000 0.020000 0.046000 0.016000
9 0.902000 0.020000 0.040000 0.012000
9 0.903000 0.038000 0.046000 0.016000
9 0.962000 0.006000 0.044000 0.012000
14 0.952000 0.037000 0.044000 0.018000
14 0.879000 0.055000 0.042000 0.022000
12 0.958000 0.056000 0.056000 0.024000
14 0.958000 0.075000 0.048000 0.018000
14 0.895000 0.074000 0.050000 0.016000
14 0.956000 0.097000 0.036000 0.014000
9 0.899000 0.114000 0.042000 0.016000
9 0.954000 0.151000 0.044000 0.014000
9 0.960000 0.112000 0.040000 0.016000