2 0.250000 0.033000 0.100000 0.062000
2 0.259000 0.046000 0.090000 0.056000
2 0.269000 0.062000 0.086000 0.056000
2 0.275000 0.077000 0.090000 0.062000
2 0.282000 0.093000 0.088000 0.058000
2 0.291000 0.108000 0.090000 0.060000
2 0.330000 0.044000 0.056000 0.088000
2 0.347000 0.039000 0.058000 0.078000
2 0.364000 0.036000 0.056000 0.072000
2 0.445000 0.089000 0.062000 0.098000
2 0.429000 0.098000 0.058000 0.096000
2 0.416000 0.113000 0.052000 0.090000
2 0.400000 0.124000 0.060000 0.100000
2 0.370000 0.155000 0.060000 0.094000
2 0.352000 0.164000 0.060000 0.088000
2 0.337000 0.173000 0.058000 0.094000
2 0.321000 0.201000 0.086000 0.078000
2 0.446000 0.226000 0.060000 0.092000
2 0.387000 0.231000 0.090000 0.058000
2 0.390000 0.248000 0.092000 0.056000
2 0.394000 0.267000 0.096000 0.058000
2 0.398000 0.285000 0.096000 0.058000
2 0.400000 0.301000 0.100000 0.058000
2 0.534000 0.314000 0.068000 0.108000
2 0.512000 0.325000 0.080000 0.126000
2 0.455000 0.353000 0.054000 0.086000
2 0.470000 0.348000 0.056000 0.084000
2 0.439000 0.362000 0.054000 0.084000
2 0.772000 0.986000 0.088000 0.028000
2 0.783000 0.994000 0.086000 0.012000