14 0.182000 0.952000 0.036000 0.020000
9 0.374000 0.012000 0.028000 0.024000
9 0.325000 0.014000 0.022000 0.028000
35 0.914000 0.934000 0.172000 0.132000
9 0.954000 0.992000 0.044000 0.012000
9 0.757000 0.866000 0.046000 0.020000
9 0.709000 0.861000 0.042000 0.018000
14 0.648000 0.859000 0.040000 0.014000
14 0.591000 0.862000 0.054000 0.016000
14 0.936000 0.028000 0.060000 0.024000
14 0.874000 0.032000 0.044000 0.028000
14 0.822000 0.044000 0.044000 0.024000
9 0.755000 0.055000 0.054000 0.022000
9 0.657000 0.011000 0.026000 0.022000
9 0.631000 0.015000 0.030000 0.030000
14 0.603000 0.014000 0.026000 0.028000
9 0.581000 0.015000 0.026000 0.030000
12 0.897000 0.656000 0.046000 0.048000
14 0.912000 0.591000 0.028000 0.042000
14 0.854000 0.624000 0.048000 0.024000
9 0.760000 0.582000 0.028000 0.044000
17 0.687000 0.621000 0.030000 0.066000
9 0.651000 0.756000 0.042000 0.020000
14 0.649000 0.740000 0.042000 0.016000
9 0.649000 0.723000 0.038000 0.018000
12 0.650000 0.688000 0.040000 0.016000
12 0.650000 0.706000 0.044000 0.016000
12 0.643000 0.672000 0.054000 0.016000
14 0.643000 0.654000 0.046000 0.016000
14 0.640000 0.638000 0.040000 0.016000
9 0.640000 0.620000 0.044000 0.020000
14 0.639000 0.603000 0.042000 0.014000
9 0.633000 0.567000 0.046000 0.018000
14 0.633000 0.586000 0.042000 0.016000
9 0.585000 0.647000 0.018000 0.038000
12 0.529000 0.770000 0.042000 0.016000
14 0.529000 0.753000 0.046000 0.018000
9 0.530000 0.736000 0.036000 0.016000
9 0.532000 0.721000 0.048000 0.014000
9 0.524000 0.683000 0.048000 0.018000
14 0.519000 0.602000 0.042000 0.016000
9 0.530000 0.636000 0.044000 0.016000
14 0.528000 0.621000 0.040000 0.018000
14 0.534000 0.654000 0.040000 0.016000
9 0.470000 0.621000 0.044000 0.018000
14 0.465000 0.605000 0.042000 0.018000
14 0.721000 0.249000 0.030000 0.046000
14 0.891000 0.426000 0.034000 0.044000
9 0.842000 0.433000 0.024000 0.042000
14 0.867000 0.431000 0.026000 0.038000
14 0.753000 0.441000 0.026000 0.038000
14 0.731000 0.455000 0.022000 0.034000
11 0.874000 0.278000 0.032000 0.044000
14 0.850000 0.281000 0.028000 0.038000
14 0.860000 0.226000 0.028000 0.040000
14 0.838000 0.237000 0.032000 0.038000
14 0.782000 0.238000 0.032000 0.040000
14 0.760000 0.279000 0.036000 0.046000
14 0.683000 0.366000 0.058000 0.020000
14 0.685000 0.344000 0.050000 0.020000
14 0.678000 0.326000 0.044000 0.016000
14 0.602000 0.358000 0.028000 0.036000
14 0.576000 0.356000 0.024000 0.036000
9 0.525000 0.361000 0.026000 0.034000
9 0.501000 0.360000 0.022000 0.036000
9 0.364000 0.260000 0.020000 0.036000
9 0.391000 0.260000 0.022000 0.040000
9 0.415000 0.257000 0.018000 0.030000
14 0.286000 0.356000 0.040000 0.048000
9 0.215000 0.353000 0.046000 0.050000
9 0.186000 0.357000 0.044000 0.050000
14 0.221000 0.312000 0.046000 0.016000
14 0.154000 0.317000 0.048000 0.018000
14 0.349000 0.013000 0.026000 0.026000
9 0.296000 0.015000 0.024000 0.030000
9 0.271000 0.016000 0.026000 0.032000
9 0.241000 0.017000 0.026000 0.034000
14 0.217000 0.018000 0.026000 0.036000
14 0.190000 0.023000 0.024000 0.038000
14 0.163000 0.024000 0.026000 0.040000
9 0.137000 0.026000 0.022000 0.040000
9 0.058000 0.033000 0.024000 0.038000
9 0.009000 0.047000 0.018000 0.038000
14 0.342000 0.901000 0.044000 0.014000
14 0.291000 0.881000 0.038000 0.014000
9 0.232000 0.882000 0.048000 0.016000
9 0.178000 0.887000 0.040000 0.018000
9 0.127000 0.889000 0.050000 0.018000
9 0.071000 0.894000 0.050000 0.016000
9 0.020000 0.896000 0.040000 0.020000