7 0.315000 0.497000 0.170000 0.198000
7 0.330000 0.560000 0.160000 0.192000
7 0.149000 0.696000 0.182000 0.196000
7 0.158000 0.771000 0.200000 0.234000
6 0.333000 0.829000 0.094000 0.122000
6 0.416000 0.706000 0.096000 0.136000
7 0.473000 0.704000 0.110000 0.136000
7 0.391000 0.837000 0.118000 0.154000
7 0.494000 0.583000 0.092000 0.130000
7 0.547000 0.581000 0.094000 0.114000
7 0.661000 0.693000 0.066000 0.134000
6 0.706000 0.577000 0.048000 0.094000
7 0.744000 0.592000 0.068000 0.120000
7 0.705000 0.716000 0.082000 0.128000
7 0.612000 0.823000 0.064000 0.118000
4 0.582000 0.925000 0.036000 0.066000
6 0.653000 0.847000 0.074000 0.138000
7 0.853000 0.919000 0.042000 0.114000
6 0.899000 0.935000 0.042000 0.082000
7 0.873000 0.797000 0.046000 0.134000
7 0.930000 0.762000 0.052000 0.140000
0 0.909000 0.550000 0.054000 0.124000
7 0.972000 0.519000 0.048000 0.110000
7 0.978000 0.634000 0.044000 0.128000
0 0.891000 0.671000 0.050000 0.122000
2 0.929000 0.443000 0.050000 0.102000
7 0.980000 0.413000 0.040000 0.102000
2 0.919000 0.364000 0.034000 0.056000
7 0.949000 0.346000 0.038000 0.076000
7 0.977000 0.143000 0.046000 0.130000
7 0.961000 0.249000 0.034000 0.086000
7 0.635000 0.681000 0.050000 0.074000
7 0.949000 0.629000 0.042000 0.118000
7 0.025000 0.237000 0.050000 0.110000