12 0.627000 0.619000 0.046000 0.026000
9 0.525000 0.691000 0.042000 0.026000
17 0.513000 0.752000 0.090000 0.052000
17 0.479000 0.768000 0.042000 0.036000
17 0.420000 0.751000 0.056000 0.038000
17 0.415000 0.771000 0.062000 0.042000
17 0.429000 0.805000 0.082000 0.050000
17 0.432000 0.834000 0.056000 0.040000
17 0.376000 0.818000 0.056000 0.040000
17 0.377000 0.845000 0.050000 0.034000
17 0.420000 0.859000 0.044000 0.034000
17 0.439000 0.701000 0.058000 0.038000
17 0.336000 0.734000 0.044000 0.052000
17 0.318000 0.778000 0.044000 0.048000
17 0.389000 0.684000 0.030000 0.040000
17 0.373000 0.733000 0.046000 0.058000
17 0.329000 0.825000 0.038000 0.046000
17 0.312000 0.866000 0.036000 0.044000
17 0.547000 0.829000 0.058000 0.078000
17 0.495000 0.985000 0.030000 0.030000