3 0.069334 0.596000 0.064000 0.045334
1 0.718666 0.619334 0.066666 0.033334
1 0.058000 0.418666 0.060000 0.034666
7 0.234000 0.593334 0.150666 0.072000
1 0.122000 0.309334 0.065334 0.037334
1 0.254000 0.241334 0.054666 0.037334
1 0.320000 0.266666 0.024000 0.029334
1 0.301334 0.234666 0.021334 0.026666
1 0.338000 0.217334 0.022666 0.029334
1 0.373334 0.241334 0.029334 0.037334
1 0.351334 0.204666 0.028000 0.036000
7 0.693334 0.333334 0.210666 0.130666
1 0.868000 0.157334 0.037334 0.021334
1 0.878000 0.202666 0.054666 0.032000
1 0.898000 0.067334 0.033334 0.046666
1 0.926000 0.112666 0.028000 0.033334
1 0.892666 0.122666 0.030666 0.042666
1 0.952000 0.166000 0.034666 0.052000
1 0.920000 0.156666 0.026666 0.020000
1 0.928000 0.188666 0.026666 0.041334
1 0.974000 0.210666 0.033334 0.048000
1 0.164666 0.922000 0.038666 0.025334
1 0.158000 0.914000 0.030666 0.020000
1 0.193334 0.902000 0.026666 0.017334
1 0.198000 0.910000 0.025334 0.017334
1 0.226666 0.899334 0.026666 0.017334
1 0.224000 0.892000 0.018666 0.010666
1 0.244000 0.881334 0.016000 0.010666
1 0.250666 0.888666 0.024000 0.017334