2 0.641000 0.098000 0.038000 0.092000
2 0.665000 0.096000 0.034000 0.104000
2 0.686000 0.097000 0.024000 0.078000
2 0.710000 0.108000 0.036000 0.112000
2 0.733000 0.103000 0.042000 0.102000
2 0.755000 0.104000 0.034000 0.084000
2 0.772000 0.094000 0.032000 0.072000
2 0.791000 0.091000 0.038000 0.074000
2 0.846000 0.319000 0.056000 0.102000
2 0.870000 0.311000 0.076000 0.134000
2 0.829000 0.329000 0.054000 0.082000
2 0.959000 0.601000 0.042000 0.090000
2 0.977000 0.602000 0.046000 0.088000
2 0.988000 0.612000 0.024000 0.128000
2 0.919000 0.997000 0.070000 0.006000