14 0.001000 0.304000 0.002000 0.036000
9 0.039000 0.309000 0.022000 0.038000
9 0.006000 0.218000 0.012000 0.036000
14 0.002000 0.142000 0.004000 0.012000
9 0.051000 0.216000 0.018000 0.032000
14 0.079000 0.214000 0.018000 0.032000
14 0.124000 0.214000 0.016000 0.032000
9 0.099000 0.179000 0.014000 0.030000
9 0.124000 0.178000 0.016000 0.028000
14 0.076000 0.091000 0.024000 0.034000
14 0.379000 0.299000 0.042000 0.014000
9 0.299000 0.213000 0.014000 0.030000
14 0.424000 0.211000 0.016000 0.034000
9 0.536000 0.295000 0.016000 0.030000
9 0.499000 0.205000 0.014000 0.026000
14 0.572000 0.202000 0.016000 0.032000
14 0.598000 0.204000 0.016000 0.032000
9 0.568000 0.166000 0.016000 0.032000
9 0.548000 0.168000 0.016000 0.032000
9 0.316000 0.017000 0.032000 0.034000
9 0.342000 0.013000 0.032000 0.026000
9 0.371000 0.015000 0.042000 0.030000
9 0.396000 0.012000 0.036000 0.024000
9 0.422000 0.010000 0.036000 0.020000
14 0.514000 0.013000 0.032000 0.026000
14 0.538000 0.012000 0.036000 0.024000
14 0.567000 0.012000 0.038000 0.024000
9 0.626000 0.011000 0.032000 0.022000
9 0.649000 0.078000 0.026000 0.036000
14 0.714000 0.009000 0.032000 0.018000
9 0.739000 0.007000 0.030000 0.014000
9 0.696000 0.079000 0.016000 0.030000
13 0.846000 0.066000 0.016000 0.024000
9 0.870000 0.067000 0.016000 0.030000
9 0.921000 0.071000 0.018000 0.034000
14 0.943000 0.067000 0.018000 0.030000
14 0.970000 0.065000 0.020000 0.030000
14 0.993000 0.068000 0.014000 0.032000
9 0.880000 0.007000 0.032000 0.014000
30 0.727000 0.611000 0.398000 0.314000