2 0.219000 0.767000 0.114000 0.046000
2 0.229000 0.789000 0.102000 0.038000
2 0.313000 0.747000 0.074000 0.022000
2 0.316000 0.759000 0.072000 0.030000
2 0.402000 0.771000 0.080000 0.034000
2 0.400000 0.752000 0.080000 0.032000
2 0.396000 0.732000 0.080000 0.040000
7 0.577000 0.649000 0.102000 0.122000
7 0.618000 0.598000 0.116000 0.028000
7 0.723000 0.634000 0.134000 0.052000
7 0.726000 0.662000 0.140000 0.056000
7 0.717000 0.684000 0.142000 0.052000
4 0.744000 0.702000 0.076000 0.032000
7 0.897000 0.650000 0.206000 0.080000
7 0.898000 0.693000 0.204000 0.086000
7 0.950000 0.565000 0.100000 0.018000
7 0.957000 0.583000 0.086000 0.018000