7 0.648000 0.228000 0.104000 0.100000
7 0.878000 0.593000 0.056000 0.102000
7 0.800000 0.505000 0.080000 0.130000
7 0.648000 0.797000 0.028000 0.134000
7 0.751000 0.705000 0.066000 0.110000
7 0.772000 0.705000 0.068000 0.126000
7 0.871000 0.634000 0.074000 0.144000
7 0.853000 0.654000 0.074000 0.128000
7 0.813000 0.684000 0.070000 0.120000
7 0.793000 0.696000 0.070000 0.124000
7 0.834000 0.673000 0.072000 0.130000
1 0.882000 0.814000 0.020000 0.052000
7 0.917000 0.956000 0.030000 0.088000
7 0.894000 0.960000 0.024000 0.080000
7 0.844000 0.953000 0.024000 0.094000
7 0.870000 0.955000 0.032000 0.090000
7 0.637000 0.246000 0.102000 0.100000
7 0.629000 0.268000 0.098000 0.092000
7 0.620000 0.291000 0.076000 0.074000
4 0.705000 0.246000 0.054000 0.052000
4 0.715000 0.236000 0.042000 0.044000
7 0.778000 0.514000 0.076000 0.128000
7 0.757000 0.524000 0.082000 0.132000
7 0.738000 0.538000 0.080000 0.132000
7 0.717000 0.549000 0.078000 0.130000
7 0.696000 0.559000 0.080000 0.130000
7 0.675000 0.570000 0.078000 0.132000