1 0.001667 0.541250 0.003334 0.017500
1 0.001667 0.523750 0.003333 0.017500
1 0.003333 0.502500 0.006666 0.020000
1 0.003333 0.483750 0.006666 0.017500
1 0.006667 0.442500 0.013333 0.020000
1 0.005000 0.422500 0.010001 0.020000
1 0.005000 0.402500 0.010000 0.020000
1 0.005000 0.383750 0.009999 0.017500
1 0.003333 0.365000 0.006666 0.020000
1 0.005000 0.343750 0.010000 0.017500
1 0.003333 0.325000 0.006666 0.015000
1 0.001667 0.306250 0.003333 0.017500
1 0.068334 0.541250 0.063334 0.017500
1 0.070000 0.522500 0.060000 0.020000
1 0.066666 0.502500 0.066666 0.020000
1 0.065000 0.482500 0.070000 0.020000
1 0.066666 0.463750 0.066666 0.017500
1 0.070000 0.443750 0.060000 0.022500
1 0.068334 0.422500 0.063334 0.020000
1 0.070000 0.403750 0.060000 0.017500
1 0.070000 0.386250 0.060000 0.017500
1 0.071666 0.365000 0.063334 0.015000
1 0.070000 0.346250 0.066666 0.022500
1 0.066666 0.325000 0.066666 0.020000
1 0.068334 0.305000 0.063334 0.020000
1 0.445000 0.556250 0.056666 0.022500
1 0.450000 0.536250 0.053334 0.022500
1 0.451666 0.518750 0.063334 0.022500
1 0.460000 0.498750 0.060000 0.022500
1 0.461666 0.477500 0.063334 0.020000
1 0.468334 0.437500 0.063334 0.015000
1 0.471666 0.418750 0.063334 0.017500
1 0.473334 0.397500 0.060000 0.020000
1 0.481666 0.340000 0.063334 0.020000
1 0.535000 0.561250 0.070000 0.022500
1 0.538334 0.540000 0.070000 0.025000
1 0.543334 0.521250 0.066666 0.022500
1 0.543334 0.501250 0.073334 0.022500
1 0.548334 0.482500 0.070000 0.025000
1 0.550000 0.462500 0.066666 0.020000
1 0.551666 0.443750 0.076666 0.022500
1 0.558334 0.425000 0.070000 0.025000
1 0.560000 0.405000 0.073334 0.025000
1 0.565000 0.383750 0.070000 0.022500
1 0.568334 0.363750 0.070000 0.022500
1 0.873334 0.696250 0.093334 0.022500
1 0.838334 0.521250 0.076666 0.017500
13 0.791666 0.268750 0.070000 0.032500
13 0.871666 0.311250 0.076666 0.057500