9 0.075000 0.001000 0.022000 0.002000
9 0.207000 0.072000 0.042000 0.012000
14 0.275000 0.076000 0.042000 0.020000
12 0.416000 0.091000 0.048000 0.018000
9 0.518000 0.097000 0.048000 0.018000
9 0.930000 0.558000 0.024000 0.032000
14 0.968000 0.339000 0.020000 0.034000
9 0.925000 0.386000 0.022000 0.036000
11 0.891000 0.780000 0.066000 0.028000
9 0.778000 0.767000 0.048000 0.018000
9 0.665000 0.750000 0.042000 0.020000
9 0.473000 0.724000 0.046000 0.020000
12 0.426000 0.278000 0.044000 0.016000
14 0.352000 0.275000 0.036000 0.010000
9 0.412000 0.254000 0.032000 0.036000
9 0.570000 0.259000 0.020000 0.034000
9 0.548000 0.262000 0.024000 0.040000
9 0.848000 0.541000 0.044000 0.034000
9 0.667000 0.565000 0.022000 0.038000
9 0.601000 0.554000 0.034000 0.016000
14 0.611000 0.533000 0.054000 0.022000
9 0.616000 0.513000 0.044000 0.018000
9 0.621000 0.493000 0.038000 0.030000
9 0.622000 0.457000 0.028000 0.026000
9 0.592000 0.320000 0.020000 0.032000
9 0.561000 0.494000 0.018000 0.036000
9 0.512000 0.488000 0.028000 0.040000
9 0.393000 0.533000 0.046000 0.014000
9 0.348000 0.477000 0.020000 0.030000
14 0.303000 0.476000 0.014000 0.028000
9 0.279000 0.474000 0.018000 0.040000
14 0.198000 0.515000 0.052000 0.018000
9 0.221000 0.466000 0.018000 0.032000
9 0.179000 0.465000 0.030000 0.030000
9 0.236000 0.394000 0.044000 0.028000
9 0.182000 0.367000 0.028000 0.030000
9 0.120000 0.365000 0.024000 0.038000
9 0.099000 0.360000 0.022000 0.040000
9 0.065000 0.436000 0.030000 0.016000
9 0.030000 0.420000 0.020000 0.036000
14 0.282000 0.698000 0.036000 0.016000
9 0.241000 0.694000 0.042000 0.020000
9 0.153000 0.680000 0.046000 0.016000
12 0.048000 0.663000 0.056000 0.022000
9 0.808000 0.993000 0.036000 0.014000
9 0.806000 0.965000 0.040000 0.014000
9 0.674000 0.979000 0.024000 0.034000
9 0.221000 0.900000 0.018000 0.032000
9 0.195000 0.898000 0.022000 0.032000
14 0.151000 0.926000 0.046000 0.016000
14 0.147000 0.947000 0.050000 0.014000
9 0.135000 0.981000 0.046000 0.018000