14 0.426250 0.956666 0.022500 0.046666
14 0.131250 0.870000 0.032500 0.046666
14 0.118750 0.898334 0.037500 0.050000
9 0.102500 0.931666 0.035000 0.056666
14 0.087500 0.961666 0.040000 0.056666
14 0.018750 0.586666 0.037500 0.060000
14 0.020000 0.426666 0.040000 0.040000
14 0.053750 0.303334 0.037500 0.073334
9 0.076250 0.346666 0.032500 0.066666
14 0.108750 0.345000 0.032500 0.063334
9 0.136250 0.391666 0.032500 0.070000
14 0.492500 0.226666 0.050000 0.046666
14 0.473750 0.281666 0.052500 0.050000
9 0.442500 0.306666 0.045000 0.040000
14 0.430000 0.335000 0.045000 0.043334
14 0.403750 0.395000 0.052500 0.043334
14 0.402500 0.061666 0.040000 0.063334
14 0.448750 0.083334 0.027500 0.053334
14 0.471250 0.106666 0.017500 0.033334
14 0.516250 0.115000 0.032500 0.063334
14 0.546250 0.126666 0.032500 0.060000
14 0.568750 0.133334 0.032500 0.060000
14 0.621250 0.146666 0.027500 0.046666
14 0.598750 0.135000 0.027500 0.050000
11 0.837500 0.725000 0.045000 0.090000
11 0.805000 0.680000 0.060000 0.153334
9 0.760000 0.708334 0.040000 0.076666
14 0.913750 0.028334 0.042500 0.030000
14 0.737500 0.095000 0.035000 0.063334
9 0.807500 0.283334 0.050000 0.026666
14 0.836250 0.216666 0.057500 0.040000
14 0.845000 0.155000 0.050000 0.023334
14 0.891250 0.088334 0.032500 0.023334
9 0.868750 0.123334 0.047500 0.026666
9 0.915000 0.003333 0.040000 0.006666
14 0.767500 0.003333 0.040000 0.006667