7 0.039000 0.040000 0.078000 0.080000
7 0.051000 0.302000 0.062000 0.084000
7 0.040000 0.286000 0.056000 0.076000
7 0.846000 0.316000 0.064000 0.076000
7 0.861000 0.325000 0.062000 0.074000
7 0.874000 0.334000 0.060000 0.072000
7 0.887000 0.344000 0.062000 0.072000
7 0.906000 0.348000 0.068000 0.084000
7 0.920000 0.359000 0.064000 0.078000
7 0.937000 0.368000 0.062000 0.076000
7 0.773000 0.445000 0.058000 0.074000
7 0.787000 0.453000 0.062000 0.078000
7 0.801000 0.463000 0.062000 0.078000
7 0.837000 0.421000 0.082000 0.062000
7 0.751000 0.520000 0.042000 0.056000
7 0.763000 0.526000 0.042000 0.056000
4 0.778000 0.543000 0.024000 0.034000
4 0.770000 0.539000 0.024000 0.034000
4 0.803000 0.489000 0.030000 0.038000
4 0.811000 0.495000 0.030000 0.038000
4 0.820000 0.500000 0.028000 0.036000
4 0.826000 0.453000 0.028000 0.034000
4 0.836000 0.459000 0.032000 0.038000
4 0.844000 0.465000 0.032000 0.038000
4 0.852000 0.468000 0.032000 0.036000
4 0.857000 0.473000 0.030000 0.038000