14 0.123000 0.088000 0.018000 0.028000
9 0.466000 0.250000 0.040000 0.016000
14 0.457000 0.356000 0.018000 0.032000
9 0.975000 0.862000 0.042000 0.016000
9 0.717000 0.862000 0.046000 0.016000
9 0.639000 0.861000 0.042000 0.014000
14 0.755000 0.909000 0.042000 0.014000
9 0.614000 0.908000 0.048000 0.016000
35 0.152000 0.274000 0.108000 0.108000
14 0.614000 0.401000 0.016000 0.030000
14 0.184000 0.683000 0.016000 0.026000
14 0.183000 0.093000 0.018000 0.030000
12 0.123000 0.923000 0.018000 0.038000
14 0.808000 0.908000 0.036000 0.012000
14 0.899000 0.908000 0.034000 0.012000