9 0.464000 0.103000 0.036000 0.042000
14 0.876000 0.095000 0.044000 0.034000
9 0.046000 0.182000 0.040000 0.016000
9 0.052000 0.202000 0.040000 0.012000
9 0.153000 0.453000 0.046000 0.030000
9 0.307000 0.395000 0.046000 0.034000
9 0.480000 0.323000 0.040000 0.030000
9 0.636000 0.253000 0.048000 0.034000
14 0.652000 0.212000 0.044000 0.036000
14 0.690000 0.253000 0.040000 0.034000
14 0.767000 0.183000 0.042000 0.038000
9 0.899000 0.174000 0.042000 0.032000
14 0.606000 0.503000 0.016000 0.034000
9 0.579000 0.505000 0.030000 0.038000
14 0.364000 0.992000 0.048000 0.016000
14 0.833000 0.932000 0.042000 0.012000
9 0.800000 0.948000 0.048000 0.016000