7 0.063334 0.965333 0.126666 0.069334
7 0.135334 0.858000 0.150666 0.081334
7 0.129334 0.906000 0.181334 0.100000
7 0.074666 0.934000 0.133334 0.076000
5 0.144666 0.801334 0.105334 0.064000
5 0.186000 0.768666 0.148000 0.097334
7 0.296666 0.606666 0.086666 0.050666
7 0.284000 0.634000 0.130666 0.081334
7 0.198666 0.727334 0.130666 0.086666
7 0.492000 0.678000 0.138666 0.076000
5 0.509334 0.641334 0.130666 0.080000
5 0.516666 0.597334 0.110666 0.069334
7 0.560000 0.450000 0.149334 0.097334
7 0.571334 0.533334 0.142666 0.082666
7 0.553334 0.570666 0.138666 0.077334
7 0.561334 0.192000 0.133334 0.074666
7 0.676000 0.188666 0.176000 0.092000
7 0.710000 0.243334 0.164000 0.089334
7 0.711334 0.287334 0.126666 0.062666
5 0.455334 0.350000 0.110666 0.070666
7 0.627334 0.118666 0.129334 0.085334
7 0.758000 0.174000 0.134666 0.073334
7 0.700666 0.025334 0.164000 0.050666
5 0.660000 0.035334 0.101334 0.057334
7 0.399334 0.422666 0.134666 0.090666
5 0.430666 0.389334 0.138666 0.093334
7 0.492666 0.302000 0.158666 0.110666
7 0.514000 0.265334 0.158666 0.104000
5 0.286000 0.680000 0.113334 0.080000
5 0.258000 0.710000 0.121334 0.089334
7 0.255334 0.848666 0.126666 0.084000
7 0.306000 0.971333 0.188000 0.057334
2 0.362666 0.978000 0.130666 0.044001
7 0.276666 0.994667 0.140000 0.010667
7 0.192000 0.992000 0.157334 0.016001
7 0.293334 0.826666 0.098666 0.085334
7 0.325334 0.800666 0.122666 0.108000
7 0.419334 0.700666 0.118666 0.100000
7 0.383334 0.721334 0.097334 0.082666
7 0.388000 0.768000 0.120000 0.101334
7 0.269334 0.893334 0.130666 0.066666
7 0.286666 0.932666 0.120000 0.065334
2 0.174000 0.980667 0.086666 0.038666
2 0.331334 0.765334 0.062666 0.053334
2 0.415334 0.829334 0.105334 0.090666
2 0.526000 0.882000 0.068000 0.078666
2 0.322000 0.474666 0.054666 0.034666
2 0.332000 0.496666 0.090666 0.057334
2 0.327334 0.512666 0.094666 0.062666
2 0.307334 0.524666 0.100000 0.065334
2 0.299334 0.542000 0.081334 0.054666
2 0.292666 0.560666 0.089334 0.054666
1 0.401334 0.500666 0.064000 0.036000
1 0.333334 0.469334 0.042666 0.026666
5 0.366666 0.453334 0.130666 0.090666
2 0.546000 0.407334 0.092000 0.052000
1 0.584000 0.494666 0.072000 0.042666
1 0.442666 0.315334 0.064000 0.041334
2 0.542000 0.359334 0.078666 0.054666
2 0.553334 0.388666 0.082666 0.046666
2 0.627334 0.056666 0.070666 0.044000
2 0.666000 0.060000 0.057334 0.032000
2 0.608000 0.070666 0.088000 0.053334
2 0.691334 0.112000 0.078666 0.042666
2 0.555334 0.121334 0.073334 0.061334
2 0.544000 0.142666 0.077334 0.064000
1 0.490666 0.746000 0.024000 0.062666