9 0.715000 0.943000 0.046000 0.018000
14 0.719000 0.961000 0.054000 0.018000
14 0.716000 0.780000 0.040000 0.036000
9 0.761000 0.817000 0.018000 0.034000
12 0.711000 0.816000 0.018000 0.040000
14 0.822000 0.767000 0.044000 0.018000
14 0.816000 0.806000 0.044000 0.016000
14 0.938000 0.908000 0.020000 0.036000
14 0.963000 0.909000 0.022000 0.038000
14 0.945000 0.778000 0.042000 0.020000
9 0.979000 0.566000 0.042000 0.016000
14 0.004000 0.032000 0.008000 0.016000
9 0.067000 0.868000 0.046000 0.024000
14 0.373000 0.813000 0.046000 0.014000
14 0.374000 0.756000 0.044000 0.016000
11 0.382000 0.832000 0.060000 0.024000
14 0.190000 0.821000 0.020000 0.042000
14 0.146000 0.672000 0.024000 0.032000
9 0.090000 0.611000 0.044000 0.014000
14 0.125000 0.305000 0.026000 0.030000
12 0.117000 0.376000 0.050000 0.020000
9 0.278000 0.345000 0.020000 0.026000
14 0.441000 0.540000 0.050000 0.016000
14 0.626000 0.518000 0.052000 0.016000
9 0.954000 0.305000 0.032000 0.038000
14 0.958000 0.148000 0.020000 0.036000
12 0.914000 0.155000 0.020000 0.034000
9 0.892000 0.156000 0.020000 0.032000
9 0.867000 0.150000 0.022000 0.032000
14 0.839000 0.287000 0.026000 0.034000
14 0.815000 0.283000 0.026000 0.038000
9 0.746000 0.111000 0.020000 0.038000
9 0.708000 0.161000 0.020000 0.034000
14 0.542000 0.281000 0.020000 0.034000
12 0.410000 0.273000 0.024000 0.042000
14 0.452000 0.316000 0.044000 0.016000
9 0.348000 0.319000 0.040000 0.018000
9 0.296000 0.270000 0.020000 0.032000
14 0.360000 0.131000 0.024000 0.038000