20 0.681250 0.027250 0.086500 0.054500
25 0.659500 0.074000 0.043000 0.041000
28 0.536250 0.150750 0.085500 0.085500
25 0.508000 0.199250 0.041000 0.037500
22 0.489750 0.259000 0.071500 0.066000
27 0.483000 0.422250 0.055000 0.058500
25 0.394500 0.471000 0.047000 0.046000
28 0.378000 0.528250 0.068000 0.059500
28 0.413750 0.585250 0.082500 0.077500
20 0.381750 0.716250 0.084500 0.087500
25 0.357500 0.779500 0.045000 0.043000
26 0.332000 0.834250 0.049000 0.043500
19 0.755250 0.982000 0.043500 0.036000
22 0.882250 0.711750 0.067500 0.067500
19 0.977500 0.839750 0.034000 0.033500
25 0.981500 0.903500 0.037000 0.035000
25 0.981500 0.617250 0.037000 0.042500
29 0.123750 0.673750 0.037500 0.039500