27 0.115000 0.010000 0.218000 0.020000
27 0.609000 0.117000 0.206000 0.206000
27 0.454000 0.069000 0.220000 0.138000
27 0.204000 0.927000 0.212000 0.146000
29 0.077000 0.876000 0.154000 0.232000
29 0.755000 0.053000 0.122000 0.106000
29 0.833000 0.078000 0.058000 0.080000
29 0.900000 0.123000 0.064000 0.066000
29 0.874000 0.194000 0.092000 0.088000
29 0.790000 0.346000 0.104000 0.100000
29 0.987000 0.215000 0.026000 0.114000
25 0.988000 0.426000 0.024000 0.128000
29 0.880000 0.497000 0.120000 0.118000
25 0.349000 0.365000 0.134000 0.134000
29 0.482000 0.419000 0.156000 0.158000
25 0.442000 0.898000 0.148000 0.152000
25 0.522000 0.822000 0.156000 0.156000
29 0.941000 0.578000 0.118000 0.116000
27 0.999000 0.084000 0.002000 0.168000