9 0.136000 0.992000 0.048000 0.016000
14 0.140000 0.852000 0.040000 0.016000
9 0.138000 0.830000 0.044000 0.012000
14 0.011000 0.836000 0.022000 0.012000
9 0.132000 0.804000 0.040000 0.012000
9 0.015000 0.798000 0.030000 0.012000
14 0.132000 0.760000 0.040000 0.012000
9 0.119000 0.282000 0.034000 0.016000
9 0.117000 0.124000 0.042000 0.016000
14 0.632000 0.803000 0.040000 0.014000
9 0.660000 0.668000 0.052000 0.012000
9 0.712000 0.668000 0.044000 0.012000
9 0.122000 0.174000 0.052000 0.016000
9 0.120000 0.193000 0.052000 0.018000
9 0.130000 0.909000 0.048000 0.018000
9 0.132000 0.873000 0.044000 0.018000
9 0.132000 0.784000 0.048000 0.016000
14 0.017000 0.853000 0.034000 0.018000
14 0.560000 0.215000 0.036000 0.014000
9 0.609000 0.460000 0.046000 0.020000
14 0.014000 0.907000 0.028000 0.018000