9 0.216250 0.575000 0.022500 0.056666
11 0.145000 0.813334 0.035000 0.080000
11 0.151250 0.970000 0.037500 0.060001
9 0.036250 0.416666 0.052500 0.026666
9 0.181250 0.418334 0.022500 0.056666
9 0.138750 0.291666 0.027500 0.056666
9 0.131250 0.125000 0.027500 0.056666
9 0.200000 0.090000 0.025000 0.060000
14 0.538750 0.623334 0.052500 0.033334
14 0.545000 0.570000 0.065000 0.033334
9 0.538750 0.511666 0.047500 0.030000
9 0.535000 0.483334 0.060000 0.026666
14 0.573750 0.061666 0.027500 0.056666
14 0.540000 0.076666 0.030000 0.060000
14 0.508750 0.110000 0.027500 0.060000
9 0.410000 0.205000 0.070000 0.030000
9 0.751250 0.168334 0.072500 0.036666
14 0.875000 0.048334 0.030000 0.056666
9 0.681250 0.246666 0.047500 0.033334
14 0.856250 0.346666 0.022500 0.053334
14 0.951250 0.478334 0.027500 0.056666
14 0.957500 0.533334 0.030000 0.060000
14 0.941250 0.211666 0.052500 0.030000
9 0.928750 0.295000 0.037500 0.070000