1 0.184000 0.803000 0.048000 0.058000
1 0.201000 0.816000 0.046000 0.056000
1 0.227000 0.832000 0.038000 0.048000
1 0.245000 0.839000 0.042000 0.050000
0 0.048000 0.679000 0.060000 0.066000
0 0.203000 0.541000 0.086000 0.058000
1 0.204000 0.482000 0.056000 0.044000
1 0.211000 0.452000 0.054000 0.040000
1 0.368000 0.497000 0.060000 0.042000
1 0.317000 0.544000 0.074000 0.052000
1 0.349000 0.527000 0.074000 0.054000
1 0.306000 0.464000 0.052000 0.036000
1 0.322000 0.442000 0.056000 0.040000
1 0.332000 0.430000 0.052000 0.036000
1 0.407000 0.453000 0.046000 0.034000
1 0.385000 0.475000 0.054000 0.038000
1 0.394000 0.463000 0.048000 0.034000
1 0.678000 0.376000 0.040000 0.052000
1 0.654000 0.343000 0.036000 0.050000
1 0.645000 0.314000 0.050000 0.060000
1 0.636000 0.296000 0.056000 0.068000
1 0.605000 0.277000 0.066000 0.066000
1 0.544000 0.246000 0.056000 0.064000
1 0.512000 0.231000 0.044000 0.054000
1 0.498000 0.212000 0.028000 0.032000
1 0.454000 0.266000 0.028000 0.032000