14 0.296500 0.012000 0.019000 0.020000
14 0.155500 0.017000 0.019000 0.006000
35 0.117500 0.064500 0.055000 0.051000
9 0.144000 0.128500 0.010000 0.015000
9 0.146500 0.146000 0.009000 0.014000
9 0.117500 0.184500 0.011000 0.021000
14 0.155000 0.195500 0.010000 0.017000
9 0.159000 0.234000 0.010000 0.018000
9 0.166500 0.289500 0.009000 0.015000
9 0.133500 0.307500 0.009000 0.017000
12 0.256500 0.255500 0.023000 0.017000
9 0.161000 0.255000 0.010000 0.016000
35 0.155000 0.350000 0.066000 0.044000
9 0.030500 0.484000 0.021000 0.008000
9 0.035500 0.370000 0.021000 0.008000
9 0.067000 0.343500 0.022000 0.009000
14 0.063500 0.368000 0.021000 0.008000
9 0.082000 0.367000 0.012000 0.006000
14 0.090000 0.342500 0.020000 0.009000
14 0.143000 0.345500 0.010000 0.015000
9 0.161500 0.515500 0.011000 0.017000
14 0.171000 0.575500 0.012000 0.019000
9 0.272000 0.329000 0.024000 0.008000
9 0.281000 0.352500 0.018000 0.007000
14 0.322000 0.325500 0.026000 0.009000
9 0.446000 0.340500 0.018000 0.007000
9 0.392000 0.344000 0.018000 0.008000
9 0.372000 0.322000 0.022000 0.010000
14 0.399000 0.319500 0.022000 0.009000
9 0.434000 0.317000 0.022000 0.008000
9 0.457500 0.316000 0.021000 0.008000
14 0.477000 0.338500 0.020000 0.009000
14 0.345000 0.128000 0.016000 0.018000
9 0.368500 0.111500 0.015000 0.017000
9 0.415500 0.119500 0.015000 0.019000
14 0.560500 0.170500 0.023000 0.015000
14 0.553500 0.163000 0.023000 0.014000
14 0.551000 0.154000 0.018000 0.012000
9 0.528500 0.123000 0.023000 0.016000
9 0.524500 0.115000 0.019000 0.012000
9 0.518000 0.107500 0.020000 0.013000
9 0.453500 0.104500 0.021000 0.015000
9 0.469500 0.126000 0.015000 0.010000
9 0.477000 0.142000 0.012000 0.010000
14 0.481000 0.151000 0.022000 0.016000
9 0.486500 0.159500 0.021000 0.013000
14 0.498000 0.175500 0.018000 0.013000
14 0.515500 0.197500 0.023000 0.015000
14 0.452500 0.217000 0.017000 0.018000
9 0.441000 0.159000 0.016000 0.018000
9 0.452500 0.174000 0.015000 0.018000
9 0.465500 0.193000 0.015000 0.018000
9 0.477000 0.209000 0.016000 0.020000
14 0.488000 0.226000 0.014000 0.016000
9 0.500000 0.243000 0.016000 0.018000
35 0.529000 0.317500 0.096000 0.099000
9 0.587500 0.371500 0.015000 0.017000
9 0.599500 0.389000 0.015000 0.018000
9 0.578000 0.422500 0.016000 0.019000
9 0.609500 0.405500 0.015000 0.017000
9 0.701500 0.539500 0.015000 0.019000
9 0.712000 0.556000 0.016000 0.018000
9 0.909500 0.581500 0.021000 0.009000
9 0.882500 0.586000 0.021000 0.010000
35 0.732000 0.619500 0.098000 0.095000
9 0.622500 0.629000 0.023000 0.008000
14 0.600500 0.653500 0.021000 0.007000
14 0.558000 0.657000 0.022000 0.008000
9 0.534000 0.658500 0.022000 0.009000
9 0.508000 0.661000 0.022000 0.008000
14 0.490500 0.639500 0.019000 0.007000
9 0.466000 0.641000 0.020000 0.006000
9 0.409000 0.646500 0.022000 0.009000
14 0.359000 0.672500 0.018000 0.007000
14 0.384000 0.648000 0.018000 0.008000
14 0.333000 0.675500 0.022000 0.007000
9 0.359500 0.650000 0.023000 0.008000
9 0.307500 0.677500 0.023000 0.009000
14 0.311000 0.654500 0.020000 0.007000
14 0.272000 0.680000 0.024000 0.010000
9 0.265000 0.657500 0.018000 0.007000
35 0.199500 0.672000 0.063000 0.052000
9 0.134500 0.608000 0.021000 0.008000
9 0.178000 0.619000 0.012000 0.018000
9 0.146000 0.666500 0.022000 0.007000
9 0.123500 0.668000 0.021000 0.006000
9 0.784000 0.662000 0.016000 0.018000
9 0.797500 0.681500 0.015000 0.017000
14 0.792500 0.696500 0.015000 0.017000
14 0.830500 0.729500 0.017000 0.021000
9 0.843500 0.750000 0.017000 0.020000
9 0.833000 0.763000 0.018000 0.022000
9 0.016500 0.870000 0.021000 0.008000
14 0.038500 0.868000 0.019000 0.008000
9 0.093000 0.863500 0.022000 0.009000
9 0.071500 0.904000 0.017000 0.018000
14 0.075500 0.914000 0.017000 0.016000
9 0.076500 0.925000 0.019000 0.018000
14 0.080000 0.950000 0.022000 0.018000
9 0.117500 0.930500 0.023000 0.011000
9 0.118000 0.939500 0.022000 0.009000
14 0.118500 0.950000 0.019000 0.010000
9 0.144000 0.951000 0.020000 0.006000
14 0.166000 0.952000 0.020000 0.008000
14 0.145500 0.858500 0.023000 0.009000
14 0.189500 0.951500 0.021000 0.009000
9 0.191500 0.732500 0.009000 0.017000
14 0.198500 0.783500 0.009000 0.017000
9 0.220000 0.763500 0.008000 0.017000
9 0.231000 0.837500 0.012000 0.019000
9 0.951500 0.992000 0.021000 0.008000
9 0.470000 0.136000 0.020000 0.012000