14 0.067500 0.352000 0.023000 0.012000
10 0.030500 0.313000 0.053000 0.018000
14 0.097000 0.313500 0.022000 0.013000
14 0.355000 0.330000 0.014000 0.020000
9 0.377500 0.335000 0.013000 0.020000
9 0.389500 0.337000 0.013000 0.018000
9 0.400500 0.339000 0.013000 0.018000
9 0.411500 0.341500 0.013000 0.019000
9 0.423000 0.345000 0.014000 0.020000
14 0.445000 0.351000 0.014000 0.018000
9 0.468000 0.353500 0.014000 0.019000
14 0.453000 0.259000 0.022000 0.012000
9 0.450000 0.268500 0.022000 0.013000
14 0.445500 0.277000 0.021000 0.008000
12 0.439000 0.294000 0.022000 0.008000
14 0.430500 0.301500 0.019000 0.011000
14 0.467000 0.299000 0.022000 0.012000
12 0.471500 0.281000 0.027000 0.012000
9 0.477000 0.264000 0.022000 0.010000
14 0.525000 0.230500 0.020000 0.011000
9 0.527000 0.274000 0.020000 0.010000
14 0.524500 0.284000 0.017000 0.008000
14 0.521500 0.301500 0.019000 0.009000
14 0.517000 0.310500 0.020000 0.011000
14 0.514000 0.320000 0.020000 0.010000
11 0.507000 0.328500 0.020000 0.009000
9 0.502000 0.344000 0.016000 0.010000
14 0.218000 0.300000 0.016000 0.022000
14 0.197000 0.362000 0.012000 0.016000
14 0.285000 0.370500 0.020000 0.011000
14 0.709500 0.338000 0.015000 0.022000
14 0.826500 0.307000 0.021000 0.010000
17 0.837000 0.319500 0.030000 0.017000
12 0.401000 0.782500 0.028000 0.013000
9 0.438500 0.759500 0.023000 0.013000
14 0.466500 0.765500 0.023000 0.013000
12 0.452000 0.812500 0.014000 0.019000
12 0.465000 0.815500 0.016000 0.021000
14 0.287500 0.846000 0.017000 0.008000
9 0.248500 0.836000 0.021000 0.014000
14 0.250000 0.850500 0.014000 0.013000
9 0.235000 0.868500 0.020000 0.017000
9 0.284500 0.869500 0.021000 0.009000
9 0.752500 0.927000 0.011000 0.014000
12 0.436000 0.981500 0.018000 0.027000
14 0.394000 0.970500 0.026000 0.019000
9 0.008500 0.736500 0.017000 0.013000
14 0.365500 0.740000 0.021000 0.012000
9 0.082000 0.657500 0.014000 0.019000
14 0.303500 0.604500 0.023000 0.013000
14 0.309500 0.586000 0.021000 0.012000
9 0.211000 0.583500 0.024000 0.013000
11 0.315500 0.537000 0.031000 0.018000
14 0.267500 0.533000 0.013000 0.016000
14 0.524500 0.506000 0.021000 0.012000
14 0.591500 0.535500 0.021000 0.015000
14 0.677500 0.508000 0.027000 0.018000
14 0.763000 0.494000 0.024000 0.012000
14 0.763500 0.474500 0.019000 0.009000
14 0.910500 0.634000 0.009000 0.016000
9 0.983000 0.634000 0.010000 0.018000
9 0.982000 0.895500 0.014000 0.009000
9 0.890000 0.928000 0.022000 0.010000
14 0.886500 0.937000 0.023000 0.012000
14 0.870500 0.982000 0.023000 0.014000
9 0.934500 0.989500 0.021000 0.011000
11 0.311000 0.317500 0.020000 0.031000
9 0.293000 0.293000 0.026000 0.014000
12 0.303500 0.265000 0.025000 0.014000
14 0.312500 0.248000 0.023000 0.012000
12 0.314500 0.238000 0.025000 0.012000
9 0.315000 0.229000 0.020000 0.010000
14 0.323000 0.222000 0.020000 0.012000
14 0.336000 0.196500 0.014000 0.011000
14 0.386000 0.192500 0.012000 0.017000
9 0.374500 0.189000 0.015000 0.020000
14 0.432500 0.201500 0.015000 0.019000
14 0.465500 0.210500 0.013000 0.019000
9 0.374000 0.243000 0.022000 0.010000
9 0.370000 0.251500 0.024000 0.013000
9 0.360000 0.277000 0.022000 0.012000
14 0.387500 0.274000 0.023000 0.012000
14 0.392500 0.265000 0.021000 0.010000
14 0.393000 0.255500 0.020000 0.011000
35 0.758500 0.844000 0.063000 0.062000
35 0.817000 0.671000 0.060000 0.042000
35 0.881000 0.507000 0.094000 0.090000
35 0.935000 0.332000 0.066000 0.048000
35 0.323500 0.028500 0.109000 0.057000
14 0.668000 0.076500 0.022000 0.011000
14 0.825500 0.139000 0.013000 0.010000
14 0.484000 0.069000 0.022000 0.010000
14 0.653000 0.104500 0.014000 0.009000
14 0.331000 0.327500 0.014000 0.015000
35 0.197500 0.359000 0.089000 0.086000
9 0.262500 0.118000 0.015000 0.022000
14 0.203500 0.010000 0.017000 0.010000
14 0.109500 0.180500 0.021000 0.011000
9 0.131000 0.117500 0.024000 0.011000
14 0.129500 0.107500 0.021000 0.011000
9 0.069500 0.125500 0.023000 0.011000
14 0.065000 0.133000 0.018000 0.010000
9 0.047000 0.075500 0.014000 0.019000
9 0.042500 0.128000 0.023000 0.014000
14 0.005000 0.081500 0.010000 0.009000
9 0.056000 0.204000 0.012000 0.018000
35 0.141000 0.529000 0.072000 0.050000
35 0.073000 0.699500 0.070000 0.069000
9 0.867500 0.997000 0.027000 0.006000