14 0.476667 0.838125 0.033333 0.018750
14 0.451667 0.806875 0.030000 0.018750
14 0.311667 0.731875 0.036667 0.028750
9 0.210833 0.903125 0.031667 0.023750
9 0.190000 0.908750 0.036667 0.027500
9 0.966667 0.986250 0.013333 0.020000
9 0.928333 0.991875 0.026667 0.016250
9 0.930000 0.970625 0.030000 0.026250
9 0.948333 0.610000 0.016667 0.020000
14 0.967500 0.608750 0.018333 0.020000
9 0.985000 0.605625 0.020000 0.023750
9 0.992500 0.581875 0.015000 0.023750
9 0.980000 0.583125 0.016667 0.023750
14 0.960833 0.588750 0.018333 0.022500
9 0.940833 0.588750 0.021667 0.025000
14 0.927500 0.661250 0.025000 0.025000
14 0.910000 0.665625 0.020000 0.018750
9 0.857500 0.642500 0.035000 0.012500
9 0.866667 0.626875 0.040000 0.016250
9 0.861667 0.615625 0.033333 0.013750
12 0.850000 0.606250 0.046667 0.017500
12 0.842500 0.591250 0.045000 0.015000
9 0.831667 0.578125 0.040000 0.013750
12 0.824167 0.558125 0.045000 0.018750
12 0.805833 0.546875 0.045000 0.016250
9 0.538333 0.775000 0.036667 0.020000
9 0.578333 0.811250 0.036667 0.017500
9 0.590000 0.822500 0.036667 0.017500
14 0.594167 0.834375 0.031667 0.016250
14 0.691667 0.929375 0.030000 0.016250
9 0.601667 0.974375 0.040000 0.021250
14 0.576667 0.947500 0.036667 0.020000
9 0.539167 0.898750 0.038333 0.020000
9 0.529167 0.891250 0.035000 0.017500
9 0.519167 0.882500 0.035000 0.020000
9 0.510833 0.871875 0.038333 0.021250
9 0.493333 0.852500 0.036667 0.022500
9 0.469167 0.826250 0.035000 0.020000