35 0.140000 0.823000 0.042000 0.030000
35 0.497500 0.752500 0.091000 0.073000
35 0.920000 0.975000 0.042000 0.036000
35 0.077000 0.443000 0.062000 0.060000
35 0.181500 0.275500 0.023000 0.023000
14 0.056000 0.833000 0.018000 0.010000
14 0.027500 0.521500 0.015000 0.015000
14 0.040000 0.678000 0.020000 0.018000
14 0.104000 0.660000 0.020000 0.020000
14 0.161000 0.754500 0.018000 0.017000
14 0.175500 0.741500 0.015000 0.015000
9 0.169500 0.748500 0.021000 0.019000
11 0.191000 0.729500 0.024000 0.023000
11 0.322000 0.786500 0.032000 0.017000
13 0.151500 0.921500 0.017000 0.029000
10 0.094500 0.443000 0.043000 0.034000
10 0.170000 0.528000 0.042000 0.036000
14 0.276500 0.924000 0.011000 0.020000
14 0.348000 0.928000 0.012000 0.014000
12 0.390500 0.906500 0.011000 0.025000
9 0.422000 0.939000 0.022000 0.012000
9 0.448500 0.940500 0.021000 0.011000
14 0.423500 0.911500 0.007000 0.015000
14 0.443000 0.913000 0.012000 0.016000
14 0.454500 0.915000 0.011000 0.018000
9 0.434500 0.913000 0.011000 0.018000
9 0.488500 0.936000 0.019000 0.008000
9 0.489000 0.944000 0.022000 0.008000
14 0.491000 0.912000 0.014000 0.006000
14 0.490500 0.920000 0.015000 0.006000
14 0.489000 0.928000 0.016000 0.006000
14 0.458500 0.791500 0.009000 0.015000
14 0.472000 0.791500 0.008000 0.015000
14 0.473500 0.847000 0.011000 0.018000
14 0.522000 0.836000 0.020000 0.014000
14 0.552500 0.838000 0.023000 0.016000
14 0.585000 0.805000 0.020000 0.016000
12 0.612000 0.819000 0.022000 0.018000
14 0.599000 0.840500 0.016000 0.011000
11 0.580500 0.870000 0.017000 0.014000
14 0.648000 0.839500 0.018000 0.015000
9 0.675500 0.854000 0.023000 0.016000
11 0.709000 0.870000 0.028000 0.020000
14 0.014500 0.390500 0.019000 0.017000
15 0.314500 0.623500 0.023000 0.023000
14 0.240500 0.563000 0.017000 0.016000
14 0.258000 0.578000 0.016000 0.016000
14 0.288000 0.602000 0.016000 0.016000
15 0.399000 0.684500 0.020000 0.019000
12 0.018000 0.085000 0.022000 0.024000
14 0.205000 0.260000 0.018000 0.018000
14 0.238500 0.251000 0.019000 0.010000
9 0.228500 0.265500 0.013000 0.021000
14 0.235000 0.182000 0.020000 0.018000
14 0.241500 0.174000 0.015000 0.012000
14 0.323000 0.280000 0.014000 0.016000
14 0.345000 0.287000 0.016000 0.020000
12 0.357000 0.399500 0.016000 0.011000
15 0.402500 0.562000 0.037000 0.050000
14 0.389000 0.283500 0.016000 0.013000
14 0.386500 0.290000 0.017000 0.010000
14 0.383000 0.297500 0.016000 0.011000
14 0.466000 0.255500 0.016000 0.015000
14 0.431000 0.317500 0.012000 0.015000
14 0.471000 0.327000 0.012000 0.014000
14 0.480000 0.331500 0.014000 0.019000
12 0.461500 0.324500 0.013000 0.017000
12 0.499000 0.339000 0.014000 0.016000
9 0.490500 0.335000 0.015000 0.018000
9 0.515000 0.391500 0.020000 0.021000
14 0.515000 0.350000 0.018000 0.018000
14 0.527500 0.355500 0.015000 0.015000
14 0.595000 0.350500 0.018000 0.017000
14 0.675000 0.411000 0.018000 0.016000
14 0.469000 0.677000 0.020000 0.014000
14 0.461500 0.684500 0.021000 0.017000
14 0.515500 0.718500 0.017000 0.013000
10 0.602000 0.740000 0.044000 0.014000
14 0.816000 0.815000 0.020000 0.016000
10 0.982000 0.694500 0.032000 0.011000
14 0.987500 0.685000 0.021000 0.010000
13 0.922500 0.631000 0.015000 0.020000
14 0.970500 0.591000 0.023000 0.008000
14 0.967500 0.581500 0.019000 0.009000
9 0.988000 0.570500 0.018000 0.023000
14 0.687500 0.717500 0.017000 0.017000
14 0.683500 0.698500 0.015000 0.015000
14 0.739000 0.671000 0.016000 0.012000
14 0.689000 0.667000 0.012000 0.014000
14 0.678500 0.671500 0.015000 0.019000
14 0.655000 0.640500 0.014000 0.019000
14 0.685000 0.632000 0.016000 0.020000
14 0.488500 0.154500 0.017000 0.009000
14 0.563000 0.190500 0.018000 0.017000
14 0.611000 0.226000 0.016000 0.016000
14 0.625000 0.239000 0.016000 0.016000
14 0.633000 0.243500 0.018000 0.017000
14 0.668000 0.213000 0.020000 0.020000
14 0.694000 0.289000 0.018000 0.016000
14 0.732500 0.254500 0.017000 0.017000
11 0.763500 0.164500 0.023000 0.019000
14 0.637000 0.189500 0.020000 0.019000
14 0.692000 0.155500 0.016000 0.015000
14 0.699000 0.146500 0.018000 0.017000
14 0.700500 0.192000 0.019000 0.016000
14 0.715500 0.180000 0.021000 0.018000
14 0.723500 0.174000 0.017000 0.016000
14 0.729500 0.168000 0.019000 0.018000
14 0.767500 0.179500 0.021000 0.017000
9 0.834000 0.274000 0.020000 0.018000
14 0.851500 0.260000 0.015000 0.014000
14 0.769500 0.282500 0.019000 0.017000
14 0.792500 0.300500 0.017000 0.017000
9 0.776000 0.289000 0.014000 0.014000
14 0.786000 0.295500 0.014000 0.013000
14 0.221500 0.013500 0.017000 0.017000
14 0.236000 0.005500 0.020000 0.011000
9 0.772500 0.008500 0.021000 0.017000