30 0.335500 0.066500 0.181000 0.133000
36 0.081000 0.262500 0.162000 0.093000
36 0.090500 0.316000 0.181000 0.102000
9 0.447500 0.643000 0.015000 0.018000
9 0.460500 0.641500 0.013000 0.015000
9 0.472500 0.639500 0.015000 0.017000
9 0.483500 0.637500 0.017000 0.017000
9 0.571000 0.622000 0.016000 0.016000
9 0.613500 0.611000 0.017000 0.014000
9 0.501500 0.601500 0.013000 0.015000
14 0.631000 0.583000 0.016000 0.018000
9 0.623000 0.579500 0.008000 0.013000
14 0.979500 0.817500 0.015000 0.017000
14 0.980000 0.526000 0.020000 0.012000
9 0.962500 0.679500 0.013000 0.017000
9 0.950500 0.649500 0.013000 0.017000
14 0.851000 0.542500 0.012000 0.017000
14 0.859500 0.461000 0.017000 0.018000
14 0.888500 0.440500 0.017000 0.017000
14 0.945000 0.406000 0.012000 0.012000
14 0.950000 0.397000 0.016000 0.016000
9 0.958000 0.390000 0.018000 0.018000
14 0.841500 0.287500 0.021000 0.021000
14 0.849500 0.281500 0.017000 0.017000
14 0.857500 0.276500 0.015000 0.015000
14 0.865500 0.270500 0.017000 0.017000
14 0.873000 0.266000 0.016000 0.016000
9 0.796500 0.183000 0.015000 0.018000
14 0.804500 0.178000 0.013000 0.016000
14 0.787500 0.187500 0.013000 0.015000
14 0.779000 0.191500 0.014000 0.017000
9 0.872500 0.232500 0.019000 0.015000
14 0.827500 0.194000 0.019000 0.016000
14 0.763000 0.226500 0.018000 0.015000
14 0.985000 0.055000 0.016000 0.010000
14 0.872000 0.154500 0.018000 0.017000
14 0.918500 0.221500 0.015000 0.013000
14 0.927000 0.227500 0.014000 0.013000
14 0.934500 0.236500 0.023000 0.019000
9 0.942000 0.244000 0.016000 0.014000
9 0.947500 0.251000 0.013000 0.012000
9 0.987500 0.243500 0.015000 0.017000