35 0.843000 0.513500 0.064000 0.045000
35 0.394000 0.517500 0.068000 0.051000
35 0.845500 0.192500 0.087000 0.051000
35 0.391500 0.189000 0.055000 0.046000
35 0.397000 0.357500 0.070000 0.083000
35 0.398500 0.681500 0.065000 0.053000
35 0.842500 0.685500 0.077000 0.049000
35 0.845000 0.351500 0.074000 0.083000
35 0.842000 0.029000 0.072000 0.058000
11 0.978000 0.859500 0.026000 0.007000
14 0.987500 0.039500 0.025000 0.007000
9 0.918000 0.015000 0.026000 0.008000
9 0.823000 0.892000 0.010000 0.018000
9 0.860500 0.924500 0.009000 0.017000
9 0.826500 0.963500 0.011000 0.017000
14 0.855500 0.983000 0.011000 0.016000
14 0.587500 0.741500 0.009000 0.019000
14 0.705000 0.670500 0.024000 0.007000
9 0.772000 0.671500 0.026000 0.007000
9 0.861000 0.652000 0.010000 0.014000
14 0.861500 0.615500 0.009000 0.015000
9 0.861500 0.562000 0.007000 0.014000
14 0.862000 0.538000 0.008000 0.016000
9 0.861500 0.499000 0.011000 0.014000
14 0.861500 0.471500 0.009000 0.017000
14 0.861500 0.451000 0.009000 0.018000
14 0.861500 0.411500 0.009000 0.017000
9 0.600500 0.546000 0.009000 0.020000
11 0.616000 0.511500 0.030000 0.011000
14 0.675500 0.482500 0.021000 0.011000
14 0.746000 0.334000 0.024000 0.006000
9 0.657500 0.376000 0.025000 0.008000
14 0.575500 0.375500 0.025000 0.007000
14 0.574500 0.332500 0.029000 0.009000
14 0.543500 0.332500 0.023000 0.007000
14 0.511500 0.333000 0.025000 0.008000
12 0.674500 0.245500 0.009000 0.019000
11 0.773500 0.193000 0.053000 0.012000
9 0.860500 0.272500 0.009000 0.019000
12 0.859000 0.245500 0.012000 0.023000
9 0.860000 0.162500 0.010000 0.019000
9 0.860500 0.142000 0.009000 0.018000
9 0.826000 0.171000 0.010000 0.018000
9 0.826500 0.148500 0.011000 0.015000
12 0.861000 0.084500 0.010000 0.021000
14 0.825500 0.082500 0.009000 0.017000
12 0.597000 0.178500 0.028000 0.011000
9 0.516500 0.131000 0.023000 0.010000
14 0.710500 0.089000 0.011000 0.018000
14 0.625500 0.038500 0.023000 0.007000
14 0.510000 0.037000 0.024000 0.008000
12 0.420500 0.897000 0.011000 0.020000
9 0.384000 0.958500 0.010000 0.019000
9 0.340500 0.985500 0.023000 0.009000
12 0.338500 0.864000 0.023000 0.008000
14 0.420000 0.788500 0.010000 0.021000
9 0.382000 0.813500 0.008000 0.015000
14 0.382000 0.794000 0.010000 0.016000
9 0.269500 0.726000 0.009000 0.022000
14 0.046000 0.035000 0.022000 0.008000
14 0.193500 0.035500 0.027000 0.007000
9 0.248500 0.036500 0.023000 0.007000
14 0.377500 0.014500 0.025000 0.009000
14 0.452000 0.013500 0.024000 0.007000
14 0.011500 0.081500 0.009000 0.017000
9 0.085500 0.073000 0.009000 0.020000
12 0.222000 0.170000 0.010000 0.016000
14 0.374500 0.164000 0.009000 0.018000
9 0.374500 0.213000 0.009000 0.016000
14 0.372000 0.275500 0.008000 0.017000
14 0.412500 0.253000 0.011000 0.016000
9 0.412000 0.271500 0.010000 0.017000
14 0.412000 0.293500 0.010000 0.017000
14 0.185000 0.232500 0.012000 0.017000
14 0.073500 0.222500 0.011000 0.019000
14 0.044000 0.203000 0.018000 0.018000
9 0.070500 0.306000 0.009000 0.018000
9 0.010500 0.309500 0.009000 0.017000
14 0.006500 0.361000 0.013000 0.008000
14 0.081500 0.373000 0.023000 0.006000
9 0.107000 0.331000 0.020000 0.008000
14 0.184500 0.331000 0.025000 0.006000
14 0.218500 0.331500 0.023000 0.007000
14 0.222500 0.343000 0.023000 0.006000
14 0.377000 0.418500 0.010000 0.019000
9 0.413500 0.426500 0.009000 0.015000
9 0.243000 0.500500 0.018000 0.019000
11 0.286500 0.670500 0.035000 0.013000
14 0.950000 0.234000 0.010000 0.018000
14 0.974000 0.237500 0.010000 0.017000
12 0.912500 0.270500 0.027000 0.007000
14 0.978000 0.333500 0.022000 0.007000
14 0.915000 0.378500 0.026000 0.007000
14 0.942500 0.378500 0.021000 0.007000
9 0.987000 0.379500 0.018000 0.007000
14 0.889000 0.425000 0.020000 0.012000
9 0.941500 0.500500 0.017000 0.017000
14 0.955500 0.502500 0.017000 0.017000
14 0.984500 0.508000 0.023000 0.008000
14 0.908500 0.672000 0.027000 0.008000
9 0.942000 0.673000 0.022000 0.006000
14 0.982500 0.673500 0.021000 0.007000
14 0.897500 0.697500 0.023000 0.007000
14 0.925500 0.698500 0.021000 0.007000
35 0.842000 0.849500 0.050000 0.029000