12 0.750000 0.964000 0.016000 0.024000
11 0.746500 0.929000 0.017000 0.042000
12 0.884000 0.856000 0.026000 0.022000
12 0.872000 0.862500 0.022000 0.017000
12 0.877000 0.739000 0.036000 0.014000
9 0.991500 0.623500 0.017000 0.017000
12 0.984000 0.617500 0.022000 0.017000
9 0.981500 0.607500 0.021000 0.015000
14 0.972500 0.600500 0.023000 0.015000
9 0.969000 0.590500 0.020000 0.013000
12 0.960500 0.575000 0.027000 0.016000
12 0.955500 0.564000 0.025000 0.016000
14 0.947000 0.556500 0.024000 0.017000
9 0.936000 0.548500 0.022000 0.015000
14 0.934500 0.534500 0.023000 0.017000
16 0.624000 0.533500 0.022000 0.035000
12 0.538000 0.515500 0.044000 0.035000
16 0.813500 0.327000 0.029000 0.020000
12 0.772500 0.350000 0.025000 0.030000
12 0.760500 0.359500 0.019000 0.023000
12 0.747000 0.367500 0.022000 0.027000
12 0.547500 0.355500 0.027000 0.021000
11 0.453000 0.395500 0.038000 0.027000
14 0.529500 0.337000 0.025000 0.018000
12 0.410000 0.384500 0.016000 0.021000
16 0.514000 0.295000 0.060000 0.044000
17 0.597500 0.252000 0.023000 0.026000
12 0.494000 0.286500 0.026000 0.019000
12 0.678000 0.222000 0.022000 0.026000
16 0.047000 0.513000 0.036000 0.040000
12 0.077000 0.423500 0.024000 0.033000
12 0.285000 0.219000 0.034000 0.020000
12 0.321000 0.207500 0.038000 0.015000
12 0.304000 0.192500 0.034000 0.013000
12 0.403000 0.263000 0.024000 0.030000
11 0.486000 0.224000 0.022000 0.028000
11 0.490500 0.208500 0.039000 0.049000
12 0.511500 0.150000 0.023000 0.028000
12 0.577000 0.119000 0.026000 0.028000
12 0.560500 0.076500 0.025000 0.029000
12 0.583000 0.106000 0.028000 0.028000
16 0.328000 0.048500 0.010000 0.017000
14 0.357000 0.030500 0.016000 0.007000
9 0.816000 0.024500 0.018000 0.021000