35 0.621667 0.569375 0.170000 0.128750
9 0.970833 0.476875 0.028333 0.021250
14 0.730833 0.628125 0.028333 0.023750
9 0.520000 0.824375 0.033333 0.021250
14 0.534167 0.834375 0.031667 0.018750
9 0.565000 0.863750 0.030000 0.020000
9 0.450000 0.858125 0.030000 0.021250
9 0.304167 0.826875 0.035000 0.021250
12 0.330833 0.845000 0.035000 0.020000
14 0.259167 0.876250 0.028333 0.020000
12 0.162500 0.853125 0.041667 0.026250
14 0.180000 0.868125 0.033333 0.021250
9 0.207500 0.886250 0.025000 0.017500
9 0.843333 0.426875 0.030000 0.023750
14 0.787500 0.532500 0.031667 0.020000
14 0.758333 0.544375 0.030000 0.018750
9 0.500833 0.608125 0.031667 0.021250
12 0.179167 0.804375 0.031667 0.021250
14 0.148333 0.817500 0.033333 0.022500
9 0.720833 0.175625 0.031667 0.023750
9 0.635833 0.116875 0.031667 0.021250
9 0.545833 0.201875 0.035000 0.021250
14 0.505000 0.206250 0.040000 0.025000
9 0.370000 0.244375 0.023333 0.023750
14 0.357500 0.255625 0.021667 0.023750
9 0.031667 0.511875 0.036667 0.016250
12 0.078333 0.378125 0.040000 0.023750
14 0.035000 0.366250 0.036667 0.020000
14 0.010000 0.413750 0.013333 0.020000
14 0.032500 0.425000 0.015000 0.020000
9 0.040833 0.449375 0.041667 0.026250
9 0.033333 0.271875 0.033333 0.016250