35 0.130000 0.213333 0.125000 0.166667
14 0.007500 0.279167 0.015000 0.011667
14 0.200625 0.428333 0.021250 0.023333
14 0.952500 0.548333 0.022500 0.030000
14 0.193125 0.890833 0.016250 0.021667
9 0.713750 0.972500 0.022500 0.031667
14 0.743750 0.979167 0.020000 0.025000
14 0.626250 0.975833 0.025000 0.028333
9 0.742500 0.924167 0.027500 0.021667
14 0.705000 0.908333 0.025000 0.023333
9 0.602500 0.927500 0.025000 0.028333
14 0.365625 0.955833 0.021250 0.028333
9 0.242500 0.970833 0.020000 0.035000
9 0.234375 0.952500 0.021250 0.031667
9 0.043750 0.966667 0.022500 0.023333
14 0.036250 0.954167 0.022500 0.025000
9 0.029375 0.941667 0.023750 0.023333
9 0.008750 0.903333 0.017500 0.020000
9 0.035000 0.824167 0.020000 0.031667
9 0.056875 0.810000 0.021250 0.033333
14 0.094375 0.789167 0.016250 0.028333
14 0.143125 0.836667 0.016250 0.026667
14 0.129375 0.814167 0.018750 0.028333
9 0.033125 0.758333 0.023750 0.026667
14 0.065625 0.732500 0.021250 0.021667
12 0.055000 0.673333 0.022500 0.033333
9 0.383750 0.610833 0.022500 0.028333
9 0.335625 0.622500 0.021250 0.028333
14 0.313750 0.584167 0.020000 0.011667
14 0.276250 0.614167 0.022500 0.028333
12 0.180000 0.610833 0.017500 0.031667
12 0.259375 0.578333 0.028750 0.030000
14 0.286875 0.554167 0.021250 0.025000
14 0.309375 0.529167 0.023750 0.028333
9 0.015625 0.248333 0.026250 0.016667
9 0.963750 0.905000 0.022500 0.013333
14 0.880625 0.898333 0.021250 0.016667
9 0.826875 0.910000 0.023750 0.013333
9 0.816875 0.887500 0.023750 0.011667
9 0.737500 0.850000 0.022500 0.016667
14 0.921875 0.874167 0.021250 0.031667
14 0.890000 0.749167 0.020000 0.028333
14 0.854375 0.741667 0.023750 0.030000
9 0.863125 0.785000 0.021250 0.026667
14 0.834375 0.818333 0.026250 0.033333
9 0.822500 0.804167 0.025000 0.031667
9 0.802500 0.799167 0.022500 0.028333
9 0.870000 0.656667 0.020000 0.026667
14 0.889375 0.631667 0.018750 0.023333
14 0.906875 0.610833 0.021250 0.028333
14 0.926250 0.583333 0.020000 0.026667
14 0.947500 0.512500 0.022500 0.028333
9 0.973750 0.521667 0.020000 0.026667
14 0.726875 0.755000 0.021250 0.026667
14 0.783750 0.615000 0.025000 0.033333
14 0.751250 0.624167 0.020000 0.025000
9 0.741250 0.635000 0.022500 0.030000
14 0.719375 0.657500 0.021250 0.028333
14 0.709375 0.666667 0.021250 0.026667
9 0.691875 0.693333 0.021250 0.026667
9 0.681250 0.706667 0.022500 0.030000
9 0.652500 0.736667 0.022500 0.030000
9 0.835000 0.443333 0.025000 0.030000
9 0.790000 0.445833 0.020000 0.028333
14 0.563750 0.444167 0.020000 0.025000
14 0.576250 0.429167 0.022500 0.031667
9 0.557500 0.345833 0.022500 0.028333
9 0.609375 0.220000 0.021250 0.026667
9 0.625625 0.196667 0.021250 0.030000
9 0.669375 0.133333 0.021250 0.030000
14 0.654375 0.156667 0.018750 0.026667
14 0.636250 0.832500 0.025000 0.031667
9 0.615625 0.806667 0.021250 0.026667
9 0.635000 0.800833 0.025000 0.028333
9 0.583750 0.769167 0.020000 0.028333
9 0.558125 0.740000 0.021250 0.030000
9 0.583750 0.718333 0.022500 0.030000
14 0.560625 0.690833 0.018750 0.025000
14 0.543750 0.670000 0.020000 0.026667
12 0.528750 0.702500 0.027500 0.038333
9 0.503750 0.670833 0.022500 0.031667
9 0.481875 0.648333 0.023750 0.033333
14 0.435000 0.613333 0.022500 0.030000
9 0.456250 0.615000 0.022500 0.030000
14 0.432500 0.583333 0.022500 0.030000
14 0.488750 0.605000 0.022500 0.026667
14 0.466250 0.577500 0.020000 0.025000
9 0.449375 0.557500 0.018750 0.025000
9 0.407500 0.508333 0.020000 0.026667
9 0.361250 0.450833 0.022500 0.028333
14 0.333125 0.417500 0.021250 0.028333
14 0.265625 0.410000 0.021250 0.030000
9 0.232500 0.373333 0.020000 0.030000
9 0.214375 0.350833 0.018750 0.025000
9 0.271250 0.342500 0.022500 0.028333
9 0.251875 0.319167 0.018750 0.025000
14 0.284375 0.155833 0.023750 0.028333
9 0.316875 0.183333 0.021250 0.036667
9 0.338125 0.190000 0.018750 0.026667
9 0.208750 0.170000 0.022500 0.026667
14 0.277500 0.092500 0.022500 0.031667
9 0.298125 0.062500 0.021250 0.028333
9 0.338750 0.011667 0.017500 0.023333
14 0.317500 0.038333 0.022500 0.030000
9 0.235000 0.067500 0.022500 0.028333
14 0.193125 0.118333 0.021250 0.030000
12 0.023750 0.121667 0.025000 0.036667
14 0.092500 0.128333 0.020000 0.026667
14 0.076250 0.108333 0.020000 0.023333
9 0.028750 0.053333 0.022500 0.030000