1 0.126250 0.176667 0.020000 0.036667
4 0.033750 0.247500 0.045000 0.085000
1 0.043125 0.213333 0.026250 0.053333
1 0.069375 0.215833 0.028750 0.055000
1 0.092500 0.200000 0.030000 0.056667
1 0.113750 0.190833 0.037500 0.075000
1 0.133750 0.165833 0.017500 0.031667
1 0.140000 0.213333 0.022500 0.050000
2 0.141875 0.144167 0.021250 0.058333
1 0.160000 0.202500 0.020000 0.045000
1 0.975625 0.375000 0.018750 0.046667
1 0.908750 0.385833 0.022500 0.058333
1 0.892500 0.401667 0.017500 0.033333
1 0.872500 0.397500 0.020000 0.048333
7 0.821875 0.373333 0.051250 0.120000
0 0.778125 0.387500 0.043750 0.085000
0 0.765625 0.423333 0.031250 0.070000
0 0.740625 0.425000 0.041250 0.080000
5 0.721875 0.446667 0.048750 0.096667
1 0.810000 0.451667 0.022500 0.023333
1 0.957500 0.383333 0.017500 0.040000
5 0.709375 0.459167 0.028750 0.061667
1 0.941875 0.387500 0.013750 0.028333