35 0.600500 0.428500 0.103000 0.111000
15 0.074000 0.653500 0.050000 0.033000
15 0.163000 0.702000 0.050000 0.028000
15 0.203500 0.591500 0.049000 0.033000
15 0.303000 0.544000 0.048000 0.032000
11 0.738500 0.331500 0.039000 0.029000
14 0.969500 0.221000 0.019000 0.014000
11 0.821500 0.343000 0.035000 0.024000
14 0.724500 0.392500 0.017000 0.013000
11 0.320500 0.572500 0.037000 0.027000
12 0.241500 0.626500 0.029000 0.023000
14 0.008500 0.723500 0.017000 0.015000
14 0.743500 0.418500 0.015000 0.019000
14 0.844500 0.375000 0.015000 0.018000
14 0.861500 0.369000 0.013000 0.016000
14 0.871000 0.365000 0.012000 0.016000
14 0.880500 0.361500 0.013000 0.015000
14 0.898500 0.353500 0.015000 0.019000
14 0.908500 0.350000 0.015000 0.018000
14 0.918500 0.346000 0.013000 0.016000
14 0.926500 0.342000 0.015000 0.020000
14 0.937000 0.338500 0.014000 0.017000
15 0.020500 0.868000 0.035000 0.046000
15 0.090500 0.980000 0.035000 0.040000
15 0.045000 0.988500 0.028000 0.023000
11 0.335000 0.630000 0.040000 0.026000
11 0.273500 0.656000 0.039000 0.024000
10 0.393500 0.607000 0.031000 0.020000
14 0.431500 0.601500 0.015000 0.017000
11 0.437000 0.552500 0.026000 0.037000
15 0.765500 0.641000 0.035000 0.044000
11 0.716000 0.557500 0.026000 0.033000
11 0.855000 0.838500 0.030000 0.047000
11 0.872500 0.869000 0.029000 0.046000
14 0.836500 0.771500 0.009000 0.015000
11 0.937500 0.969500 0.023000 0.033000
11 0.946500 0.984000 0.023000 0.032000
14 0.792500 0.851000 0.019000 0.014000
14 0.797000 0.859500 0.020000 0.015000
9 0.812500 0.886500 0.021000 0.015000
14 0.804500 0.872500 0.021000 0.015000
9 0.825500 0.908000 0.019000 0.012000
14 0.847000 0.941000 0.020000 0.014000
14 0.855000 0.956000 0.016000 0.012000
9 0.864500 0.969500 0.023000 0.017000
14 0.850500 0.949000 0.021000 0.016000
14 0.858500 0.963000 0.019000 0.014000
14 0.868500 0.977000 0.021000 0.014000
11 0.971000 0.719500 0.034000 0.021000
11 0.951500 0.715000 0.035000 0.022000
11 0.987000 0.467000 0.026000 0.020000
15 0.983000 0.453500 0.034000 0.023000
11 0.976000 0.429000 0.040000 0.026000
11 0.961500 0.421000 0.029000 0.020000
11 0.972000 0.445500 0.020000 0.015000
14 0.120000 0.541500 0.014000 0.017000
14 0.130500 0.537500 0.015000 0.017000
14 0.147000 0.527500 0.014000 0.017000
14 0.156500 0.522000 0.015000 0.018000
14 0.191000 0.506000 0.012000 0.014000
9 0.209000 0.498000 0.014000 0.018000
14 0.227000 0.489000 0.014000 0.018000
14 0.236500 0.485000 0.015000 0.018000
14 0.297500 0.454000 0.015000 0.018000
14 0.314500 0.447000 0.015000 0.018000
9 0.333500 0.437000 0.015000 0.020000
14 0.342500 0.433000 0.017000 0.020000
14 0.350000 0.428500 0.016000 0.019000
14 0.366000 0.419500 0.016000 0.019000
14 0.377500 0.416500 0.015000 0.019000
14 0.395000 0.408500 0.016000 0.019000
9 0.403500 0.403500 0.015000 0.019000
14 0.421000 0.394500 0.016000 0.019000
14 0.437000 0.383500 0.016000 0.019000
9 0.444500 0.376500 0.017000 0.021000
14 0.465500 0.357000 0.017000 0.020000
14 0.472500 0.351000 0.013000 0.016000
14 0.479500 0.344000 0.015000 0.018000
11 0.496000 0.330000 0.020000 0.026000
11 0.416000 0.192500 0.026000 0.033000
9 0.431000 0.215500 0.016000 0.019000
13 0.056000 0.100500 0.022000 0.017000
13 0.050000 0.093500 0.024000 0.017000
13 0.044000 0.085500 0.020000 0.015000
13 0.025000 0.055000 0.024000 0.018000
13 0.029500 0.065000 0.023000 0.016000
13 0.034500 0.071500 0.023000 0.017000
13 0.040500 0.078500 0.023000 0.017000
14 0.179500 0.190500 0.019000 0.021000
9 0.147000 0.013000 0.016000 0.018000
14 0.155500 0.029000 0.013000 0.014000
9 0.167000 0.043500 0.014000 0.017000
9 0.233000 0.135000 0.016000 0.018000
14 0.247500 0.142000 0.013000 0.014000
11 0.826500 0.028500 0.027000 0.031000
11 0.837000 0.022000 0.026000 0.030000
14 0.851500 0.021000 0.017000 0.020000
14 0.443000 0.141000 0.018000 0.022000
14 0.457000 0.121000 0.012000 0.014000
15 0.473500 0.120000 0.033000 0.038000
14 0.477000 0.105000 0.012000 0.014000
14 0.490000 0.103500 0.014000 0.017000
14 0.502000 0.100000 0.014000 0.016000
14 0.525500 0.093000 0.013000 0.016000
14 0.538500 0.081500 0.015000 0.019000
9 0.560000 0.094500 0.014000 0.017000
9 0.551000 0.080500 0.012000 0.013000
15 0.508500 0.226500 0.041000 0.055000
14 0.516000 0.217500 0.016000 0.019000
15 0.568500 0.185000 0.033000 0.042000
15 0.597500 0.165000 0.035000 0.044000
10 0.631000 0.150000 0.028000 0.034000
11 0.705500 0.085500 0.023000 0.027000
12 0.697000 0.094000 0.032000 0.040000
12 0.687500 0.104500 0.031000 0.039000
11 0.682000 0.119500 0.018000 0.023000
14 0.670000 0.101500 0.016000 0.019000
13 0.663500 0.133500 0.019000 0.021000
9 0.742500 0.074500 0.015000 0.017000
14 0.720000 0.077000 0.012000 0.014000
9 0.702500 0.033000 0.023000 0.016000
14 0.705000 0.052500 0.018000 0.013000
14 0.723500 0.046000 0.015000 0.012000
14 0.698500 0.023500 0.017000 0.013000
12 0.686500 0.008500 0.037000 0.017000
14 0.564000 0.258500 0.018000 0.017000
14 0.573500 0.252500 0.019000 0.017000
14 0.580000 0.245000 0.020000 0.016000
14 0.653500 0.294000 0.015000 0.016000
14 0.706000 0.266000 0.014000 0.014000
12 0.748000 0.238000 0.022000 0.024000
14 0.737500 0.241500 0.017000 0.019000
14 0.729000 0.245500 0.018000 0.019000
13 0.709000 0.211000 0.020000 0.018000
13 0.767000 0.226000 0.024000 0.022000
13 0.777500 0.220000 0.021000 0.020000
13 0.816000 0.194500 0.024000 0.023000
13 0.809500 0.203000 0.021000 0.018000
13 0.796500 0.207000 0.021000 0.024000
12 0.789000 0.215000 0.020000 0.022000
13 0.851000 0.164000 0.028000 0.030000
17 0.945000 0.030000 0.030000 0.038000
17 0.955500 0.023000 0.027000 0.032000
17 0.969500 0.016000 0.027000 0.032000
17 0.982500 0.011500 0.025000 0.023000