12 0.322500 0.495000 0.027000 0.008000
12 0.316000 0.505000 0.028000 0.008000
9 0.305000 0.422000 0.018000 0.006000
14 0.330000 0.406000 0.020000 0.008000
14 0.457000 0.368000 0.020000 0.006000
11 0.466000 0.439500 0.030000 0.029000
17 0.466500 0.459500 0.031000 0.033000
11 0.664000 0.807000 0.018000 0.026000
14 0.734500 0.928500 0.019000 0.007000
9 0.735500 0.918500 0.019000 0.005000
9 0.785000 0.895000 0.020000 0.006000
14 0.806500 0.886500 0.017000 0.005000
14 0.857500 0.829500 0.017000 0.007000
14 0.884500 0.846000 0.019000 0.006000
12 0.882500 0.863000 0.023000 0.008000
14 0.885500 0.879000 0.019000 0.006000
9 0.861000 0.887000 0.020000 0.006000
9 0.884000 0.895500 0.018000 0.007000
14 0.883000 0.942500 0.022000 0.007000
9 0.863000 0.952000 0.018000 0.006000
9 0.887000 0.959500 0.020000 0.007000
9 0.862500 0.960000 0.017000 0.006000
9 0.862000 0.970000 0.022000 0.008000
14 0.887000 0.977000 0.020000 0.006000
14 0.806500 0.953500 0.019000 0.007000
14 0.945500 0.521500 0.019000 0.005000
9 0.968500 0.436500 0.021000 0.007000
9 0.784000 0.339000 0.018000 0.006000
14 0.788000 0.323000 0.018000 0.006000
14 0.946000 0.295000 0.022000 0.006000
9 0.732000 0.123000 0.014000 0.006000
14 0.734500 0.065500 0.019000 0.007000
14 0.963000 0.133000 0.020000 0.006000
12 0.959000 0.118000 0.024000 0.008000
9 0.958000 0.108500 0.020000 0.009000
14 0.965000 0.093000 0.022000 0.006000
14 0.965500 0.084000 0.021000 0.006000
14 0.966000 0.068000 0.020000 0.006000
14 0.967000 0.052500 0.022000 0.007000
12 0.965500 0.043500 0.025000 0.007000
12 0.947000 0.034500 0.024000 0.007000
14 0.858500 0.870500 0.019000 0.005000
9 0.077000 0.438000 0.016000 0.008000
9 0.076000 0.447000 0.014000 0.008000