30 0.435000 0.372500 0.190000 0.181000
30 0.506000 0.814000 0.182000 0.148000
12 0.517000 0.903000 0.034000 0.012000
14 0.719500 0.932500 0.027000 0.011000
9 0.971000 0.292000 0.020000 0.016000
9 0.978000 0.283500 0.022000 0.019000
9 0.991000 0.269500 0.018000 0.019000
14 0.939000 0.250500 0.020000 0.015000
14 0.933500 0.258000 0.023000 0.020000
9 0.955000 0.236000 0.018000 0.016000
12 0.964500 0.229500 0.021000 0.019000
9 0.974000 0.221500 0.024000 0.017000
9 0.986000 0.211500 0.022000 0.019000
9 0.964500 0.051500 0.021000 0.019000
9 0.884000 0.012000 0.020000 0.018000
9 0.679500 0.009000 0.015000 0.018000
9 0.730500 0.126000 0.019000 0.008000
12 0.743500 0.109000 0.025000 0.010000
9 0.769500 0.086000 0.017000 0.010000
14 0.813000 0.048000 0.022000 0.010000
9 0.661000 0.058500 0.018000 0.015000
14 0.732000 0.062500 0.018000 0.019000
9 0.715000 0.077000 0.020000 0.020000
14 0.695500 0.096000 0.019000 0.018000
9 0.649000 0.087500 0.020000 0.019000
9 0.650000 0.063000 0.022000 0.020000
14 0.603500 0.018000 0.021000 0.012000
14 0.586000 0.033000 0.020000 0.010000
14 0.612000 0.010500 0.028000 0.015000