4 0.543500 0.647000 0.081000 0.046000
4 0.610000 0.626000 0.060000 0.038000
4 0.666000 0.603500 0.048000 0.031000
8 0.799500 0.560500 0.163000 0.061000
7 0.941500 0.844500 0.069000 0.029000
7 0.948500 0.854500 0.063000 0.027000
6 0.941000 0.871500 0.092000 0.041000
7 0.947500 0.892000 0.097000 0.048000
7 0.705000 0.917000 0.064000 0.040000
7 0.696000 0.927500 0.064000 0.041000
7 0.695000 0.941000 0.066000 0.042000
7 0.687000 0.950500 0.060000 0.037000
7 0.685000 0.962500 0.068000 0.043000
7 0.673000 0.972500 0.072000 0.039000
7 0.665500 0.980500 0.065000 0.035000
7 0.660500 0.987000 0.065000 0.026000