7 0.376000 0.346500 0.300000 0.341000
7 0.224000 0.306500 0.214000 0.353000
11 0.694000 0.467500 0.022000 0.023000
11 0.655500 0.516000 0.029000 0.032000
15 0.628000 0.553500 0.028000 0.031000
11 0.598500 0.590000 0.029000 0.032000
12 0.516500 0.698500 0.029000 0.033000
11 0.486500 0.734500 0.027000 0.033000
12 0.442000 0.799500 0.036000 0.031000
11 0.406000 0.781500 0.036000 0.025000
9 0.476500 0.719500 0.019000 0.017000
9 0.489500 0.705000 0.017000 0.014000
9 0.502500 0.687500 0.017000 0.013000
9 0.508500 0.678500 0.015000 0.013000
9 0.538000 0.642000 0.018000 0.014000
9 0.543500 0.631500 0.015000 0.013000
9 0.552500 0.623500 0.019000 0.015000
9 0.560500 0.614000 0.021000 0.018000
9 0.530000 0.660000 0.012000 0.012000
9 0.582000 0.586500 0.016000 0.013000
9 0.587000 0.578000 0.018000 0.016000
9 0.593500 0.571000 0.015000 0.012000
9 0.530000 0.649000 0.016000 0.014000
9 0.599500 0.563500 0.019000 0.015000
9 0.518000 0.760500 0.020000 0.017000
9 0.563500 0.819000 0.017000 0.018000
9 0.554500 0.813000 0.015000 0.016000
9 0.545500 0.808000 0.017000 0.018000
9 0.537000 0.804500 0.018000 0.019000
9 0.529000 0.798500 0.016000 0.017000
9 0.520500 0.795000 0.013000 0.014000
9 0.511000 0.790500 0.016000 0.017000
9 0.582500 0.829500 0.015000 0.017000
9 0.456000 0.763500 0.012000 0.013000
14 0.445500 0.777000 0.013000 0.014000
14 0.441500 0.759000 0.017000 0.018000
14 0.431000 0.755500 0.014000 0.015000
14 0.425000 0.746500 0.016000 0.017000
12 0.412500 0.763500 0.021000 0.025000
14 0.598000 0.873000 0.018000 0.014000
9 0.580500 0.943500 0.017000 0.013000
14 0.654500 0.981500 0.013000 0.013000
14 0.671500 0.967000 0.023000 0.026000
9 0.565000 0.210000 0.018000 0.018000
9 0.567000 0.226500 0.020000 0.023000
9 0.395500 0.441500 0.019000 0.021000
15 0.297000 0.555500 0.046000 0.055000
11 0.613000 0.864500 0.048000 0.033000
11 0.525000 0.825500 0.050000 0.035000