14 0.633000 0.818000 0.016000 0.022000
14 0.624500 0.813500 0.013000 0.019000
14 0.681000 0.736500 0.018000 0.017000
14 0.682500 0.748500 0.009000 0.007000
35 0.104000 0.128000 0.100000 0.100000
14 0.006000 0.167500 0.012000 0.007000
14 0.160500 0.257000 0.017000 0.014000
14 0.762000 0.329000 0.018000 0.018000
14 0.154500 0.534500 0.013000 0.013000
35 0.641000 0.523500 0.244000 0.233000
14 0.987500 0.644500 0.025000 0.011000
9 0.959000 0.639000 0.020000 0.010000
14 0.921500 0.632000 0.021000 0.012000
9 0.895000 0.627000 0.020000 0.010000
14 0.858500 0.619500 0.019000 0.011000
14 0.905500 0.902500 0.019000 0.011000
14 0.854000 0.892500 0.016000 0.009000
14 0.825000 0.887000 0.016000 0.008000
9 0.820500 0.906500 0.021000 0.011000
14 0.765500 0.876000 0.019000 0.010000
9 0.638500 0.850500 0.019000 0.009000
9 0.589000 0.842000 0.020000 0.010000
9 0.567000 0.837000 0.018000 0.010000
14 0.521500 0.838500 0.015000 0.009000
9 0.534000 0.831000 0.020000 0.010000
14 0.506500 0.824500 0.019000 0.013000
9 0.957000 0.857000 0.018000 0.010000
9 0.961000 0.840500 0.020000 0.009000
9 0.963500 0.831500 0.019000 0.009000
9 0.965000 0.822000 0.020000 0.010000
9 0.968000 0.813000 0.020000 0.010000
14 0.969500 0.804000 0.019000 0.010000
9 0.972500 0.795000 0.019000 0.010000
14 0.980500 0.774500 0.017000 0.009000
9 0.982500 0.758000 0.021000 0.010000
9 0.990000 0.723500 0.012000 0.017000
9 0.980000 0.721000 0.012000 0.016000
9 0.969000 0.718000 0.010000 0.016000
14 0.959500 0.717000 0.011000 0.016000
14 0.947000 0.715500 0.012000 0.017000
14 0.936500 0.712000 0.013000 0.018000
9 0.925000 0.707500 0.010000 0.019000
9 0.915500 0.706500 0.013000 0.019000
9 0.831000 0.690000 0.012000 0.018000
14 0.852000 0.694500 0.012000 0.017000
9 0.861500 0.697500 0.013000 0.019000
9 0.932000 0.687500 0.024000 0.011000
14 0.985000 0.676000 0.010000 0.018000
9 0.975000 0.673500 0.010000 0.017000
9 0.965000 0.671500 0.010000 0.017000
9 0.955500 0.667000 0.009000 0.016000
14 0.944500 0.665000 0.009000 0.014000
9 0.925500 0.662500 0.009000 0.017000
9 0.905000 0.658000 0.010000 0.016000
14 0.895000 0.656000 0.010000 0.016000
9 0.885000 0.655000 0.012000 0.016000
9 0.865000 0.651500 0.010000 0.017000
9 0.844500 0.647500 0.011000 0.017000
9 0.835000 0.644500 0.010000 0.015000
14 0.825500 0.641000 0.011000 0.018000
14 0.796500 0.635500 0.009000 0.015000
9 0.706500 0.802500 0.017000 0.009000
14 0.713000 0.781500 0.018000 0.009000
9 0.717000 0.769500 0.018000 0.009000
14 0.718000 0.760500 0.018000 0.009000
9 0.674500 0.771000 0.017000 0.010000
9 0.673000 0.761500 0.020000 0.011000
9 0.640000 0.763500 0.016000 0.009000
9 0.653500 0.759500 0.019000 0.011000
9 0.670500 0.733000 0.015000 0.016000
9 0.660000 0.731000 0.016000 0.016000
14 0.635000 0.728500 0.012000 0.017000
14 0.625000 0.725500 0.012000 0.015000
9 0.615500 0.694000 0.017000 0.018000
14 0.636500 0.678000 0.015000 0.016000
9 0.683000 0.652000 0.018000 0.018000
14 0.715000 0.614000 0.016000 0.008000
14 0.751000 0.634000 0.018000 0.008000
14 0.760000 0.623500 0.016000 0.017000
9 0.746500 0.610000 0.017000 0.008000
9 0.974000 0.614500 0.018000 0.011000
9 0.880500 0.992000 0.021000 0.010000
9 0.874000 0.971500 0.018000 0.011000
14 0.879000 0.982500 0.020000 0.011000
9 0.871000 0.962000 0.018000 0.010000
14 0.868500 0.953000 0.019000 0.010000
9 0.777500 0.944500 0.017000 0.017000
9 0.780000 0.958000 0.016000 0.016000
14 0.725000 0.994000 0.020000 0.012000
14 0.725000 0.964500 0.016000 0.011000
14 0.725000 0.954500 0.018000 0.013000
9 0.726000 0.945000 0.018000 0.014000
14 0.727000 0.934000 0.020000 0.014000
14 0.521500 0.993000 0.017000 0.014000
14 0.513000 0.987500 0.016000 0.013000
9 0.502500 0.972000 0.019000 0.014000
14 0.484000 0.982000 0.018000 0.014000
9 0.489500 0.988500 0.021000 0.015000
9 0.442500 0.983000 0.013000 0.018000
9 0.421500 0.992000 0.017000 0.016000
14 0.526000 0.943500 0.020000 0.015000
12 0.543000 0.932000 0.014000 0.022000
14 0.552500 0.929000 0.013000 0.018000
9 0.559000 0.922500 0.016000 0.019000
9 0.519500 0.895500 0.015000 0.017000
9 0.511000 0.901000 0.014000 0.016000
9 0.501500 0.908000 0.015000 0.018000
9 0.481000 0.918000 0.014000 0.018000
14 0.470000 0.921500 0.014000 0.015000
9 0.462000 0.926500 0.014000 0.017000
14 0.452500 0.930500 0.013000 0.015000
12 0.441000 0.936000 0.016000 0.020000
9 0.421000 0.945500 0.014000 0.017000
9 0.400000 0.955000 0.014000 0.016000
14 0.425500 0.919500 0.015000 0.017000
9 0.434500 0.913500 0.015000 0.019000
14 0.445500 0.909500 0.013000 0.017000
14 0.454000 0.904000 0.016000 0.018000
9 0.464500 0.900500 0.015000 0.017000
14 0.474000 0.895500 0.014000 0.017000
9 0.485000 0.889500 0.016000 0.019000
14 0.450500 0.859000 0.013000 0.014000
14 0.440500 0.865500 0.013000 0.015000
14 0.425000 0.872000 0.014000 0.016000
14 0.407000 0.877500 0.016000 0.019000
9 0.381000 0.894500 0.016000 0.019000
9 0.360000 0.901500 0.018000 0.019000
14 0.309000 0.977000 0.010000 0.018000
9 0.267000 0.989000 0.014000 0.016000
9 0.298000 0.971500 0.014000 0.017000
9 0.287500 0.959000 0.015000 0.016000
14 0.285500 0.969000 0.015000 0.018000
14 0.276500 0.970500 0.015000 0.017000
9 0.267000 0.972000 0.014000 0.014000
9 0.257000 0.976000 0.014000 0.016000
14 0.278000 0.948000 0.012000 0.014000
14 0.287000 0.946500 0.014000 0.015000
9 0.274500 0.955500 0.015000 0.017000
9 0.266000 0.958000 0.016000 0.018000
9 0.256000 0.959000 0.014000 0.016000
9 0.246500 0.961000 0.015000 0.016000
14 0.237000 0.948000 0.014000 0.016000
14 0.608000 0.595500 0.018000 0.015000
9 0.571000 0.583500 0.018000 0.019000
14 0.595000 0.587500 0.016000 0.015000
14 0.574000 0.605500 0.016000 0.015000
14 0.586000 0.610500 0.018000 0.017000
9 0.567000 0.627500 0.018000 0.017000
9 0.533000 0.685000 0.020000 0.018000
14 0.516000 0.697500 0.016000 0.015000
9 0.467000 0.728500 0.022000 0.019000
14 0.346000 0.801000 0.018000 0.016000
14 0.323000 0.813500 0.020000 0.015000
14 0.304500 0.824000 0.019000 0.016000
14 0.269000 0.842000 0.018000 0.014000
14 0.247000 0.853000 0.018000 0.014000
9 0.204500 0.874000 0.021000 0.014000
14 0.072000 0.920000 0.016000 0.012000
9 0.036000 0.922500 0.020000 0.015000
14 0.013000 0.922500 0.020000 0.015000
12 0.076000 0.872000 0.048000 0.030000
14 0.432000 0.647000 0.020000 0.016000
14 0.501000 0.585500 0.020000 0.017000
9 0.594000 0.554500 0.022000 0.013000
14 0.564000 0.545000 0.020000 0.014000
9 0.482000 0.556500 0.020000 0.017000
10 0.418500 0.605000 0.053000 0.034000
9 0.286500 0.683500 0.019000 0.015000
14 0.216000 0.722500 0.016000 0.015000
9 0.193500 0.733000 0.021000 0.016000
9 0.102000 0.779500 0.020000 0.015000
14 0.081000 0.788500 0.016000 0.013000
14 0.063000 0.798500 0.018000 0.015000
12 0.051500 0.836500 0.019000 0.015000
14 0.316000 0.632500 0.016000 0.017000
14 0.291000 0.646000 0.016000 0.018000
14 0.292500 0.573500 0.017000 0.017000
9 0.205000 0.599000 0.022000 0.016000
9 0.213500 0.608500 0.013000 0.019000
9 0.194000 0.582500 0.016000 0.021000
9 0.187500 0.571500 0.017000 0.019000
9 0.108500 0.676500 0.017000 0.009000
9 0.090000 0.657000 0.018000 0.014000
9 0.085500 0.649000 0.019000 0.016000
12 0.073500 0.633500 0.021000 0.015000
9 0.053500 0.686500 0.019000 0.015000
14 0.048500 0.679000 0.019000 0.016000
9 0.041500 0.671000 0.021000 0.016000
9 0.037500 0.663500 0.019000 0.015000
9 0.011000 0.628000 0.018000 0.014000
14 0.059500 0.610000 0.017000 0.014000
9 0.052000 0.604000 0.020000 0.016000
14 0.047000 0.596000 0.018000 0.014000
9 0.035000 0.580000 0.018000 0.014000
14 0.029000 0.572500 0.018000 0.015000
9 0.023500 0.565000 0.019000 0.014000
9 0.007000 0.542000 0.014000 0.012000
9 0.028000 0.494500 0.016000 0.019000
9 0.045500 0.486000 0.017000 0.020000
14 0.075500 0.473500 0.013000 0.017000
14 0.114500 0.502000 0.013000 0.016000
14 0.103500 0.488500 0.015000 0.017000
9 0.026500 0.455000 0.019000 0.016000
14 0.052500 0.439500 0.017000 0.013000
12 0.044000 0.404000 0.018000 0.020000
9 0.307000 0.366500 0.018000 0.017000
9 0.268500 0.373500 0.017000 0.017000
14 0.251000 0.350500 0.016000 0.007000
14 0.221000 0.368500 0.018000 0.017000
12 0.144000 0.366500 0.014000 0.019000
12 0.207500 0.347000 0.023000 0.018000
14 0.229500 0.332500 0.017000 0.015000
14 0.247500 0.317500 0.019000 0.017000
9 0.012500 0.149000 0.021000 0.010000
9 0.994000 0.548500 0.008000 0.017000
9 0.958500 0.547000 0.019000 0.016000
9 0.952000 0.541500 0.020000 0.017000
9 0.946000 0.535500 0.018000 0.015000
9 0.972000 0.594500 0.020000 0.011000
9 0.938000 0.575000 0.020000 0.012000
14 0.895500 0.566000 0.021000 0.012000
9 0.810000 0.582500 0.020000 0.011000
9 0.836500 0.555500 0.023000 0.011000
9 0.771000 0.543000 0.018000 0.008000
14 0.704500 0.539000 0.017000 0.010000
9 0.661500 0.546000 0.019000 0.008000
9 0.653500 0.532500 0.019000 0.007000
9 0.590000 0.510000 0.018000 0.010000
9 0.991000 0.459000 0.018000 0.012000
14 0.972000 0.464500 0.020000 0.013000
9 0.949500 0.472000 0.021000 0.014000
14 0.917000 0.444500 0.018000 0.009000
14 0.908000 0.397500 0.020000 0.017000
9 0.937500 0.424000 0.021000 0.008000
14 0.928000 0.433500 0.018000 0.007000
9 0.902000 0.433500 0.018000 0.007000
9 0.881500 0.423500 0.019000 0.007000
9 0.890500 0.414500 0.019000 0.007000
9 0.909500 0.422500 0.021000 0.009000
14 0.915000 0.411000 0.014000 0.006000
9 0.895000 0.406500 0.016000 0.007000
9 0.986500 0.261000 0.017000 0.018000
14 0.958000 0.294500 0.020000 0.021000
12 0.939000 0.316000 0.018000 0.018000
9 0.838000 0.419500 0.022000 0.021000
14 0.737500 0.524500 0.017000 0.019000
14 0.712000 0.449500 0.016000 0.017000
14 0.683500 0.445000 0.019000 0.018000
9 0.690500 0.471000 0.017000 0.016000
14 0.667500 0.491000 0.021000 0.020000
9 0.658000 0.482500 0.020000 0.019000
9 0.642000 0.479500 0.018000 0.017000
9 0.696000 0.394000 0.016000 0.016000
14 0.711500 0.379000 0.015000 0.014000
14 0.725500 0.366500 0.017000 0.017000
14 0.741000 0.350000 0.016000 0.016000
14 0.758000 0.307500 0.018000 0.017000
9 0.779000 0.313000 0.016000 0.016000
9 0.819000 0.269000 0.018000 0.018000
9 0.819000 0.227500 0.018000 0.015000
14 0.859500 0.223500 0.017000 0.019000
14 0.874500 0.218000 0.017000 0.018000
14 0.873000 0.206500 0.016000 0.017000
9 0.885000 0.192500 0.014000 0.015000
9 0.895000 0.180500 0.016000 0.017000
14 0.907500 0.165000 0.015000 0.018000
9 0.941500 0.123000 0.017000 0.018000
9 0.954000 0.108000 0.018000 0.018000
14 0.967000 0.093000 0.016000 0.018000
14 0.980000 0.076500 0.016000 0.019000
14 0.993000 0.056500 0.014000 0.019000
14 0.581500 0.453000 0.017000 0.016000
14 0.627000 0.369000 0.020000 0.020000
14 0.601000 0.374500 0.016000 0.015000
9 0.593000 0.381000 0.018000 0.018000
14 0.575500 0.394500 0.017000 0.017000
14 0.567500 0.400000 0.017000 0.016000
9 0.553500 0.416000 0.017000 0.016000
9 0.545000 0.424000 0.018000 0.018000
9 0.522000 0.442000 0.018000 0.018000
9 0.668000 0.266000 0.020000 0.018000
9 0.632000 0.267500 0.016000 0.017000
14 0.451000 0.266500 0.016000 0.015000
14 0.461000 0.257500 0.018000 0.019000
9 0.446000 0.207500 0.018000 0.017000
9 0.487500 0.132000 0.017000 0.016000
9 0.500500 0.118000 0.017000 0.018000
9 0.535500 0.080000 0.017000 0.018000
14 0.523500 0.094000 0.015000 0.016000
14 0.509000 0.499500 0.020000 0.019000
9 0.492500 0.484000 0.017000 0.016000
9 0.508000 0.480500 0.020000 0.017000
9 0.467000 0.461500 0.016000 0.017000
9 0.446500 0.444000 0.017000 0.018000
9 0.467000 0.431000 0.018000 0.018000
14 0.448500 0.414500 0.015000 0.015000
14 0.435000 0.402000 0.016000 0.016000
12 0.423000 0.421500 0.022000 0.023000
9 0.403000 0.402500 0.018000 0.019000
9 0.385500 0.389000 0.019000 0.020000
14 0.348000 0.368000 0.018000 0.018000
9 0.365000 0.369000 0.018000 0.018000
14 0.346000 0.350000 0.018000 0.018000
14 0.391000 0.363000 0.018000 0.016000
14 0.373000 0.346500 0.016000 0.015000
9 0.359500 0.334500 0.015000 0.015000
9 0.326000 0.305000 0.016000 0.016000
9 0.289000 0.270500 0.018000 0.017000
14 0.266500 0.250500 0.017000 0.017000
14 0.212500 0.246000 0.017000 0.018000
9 0.186000 0.224000 0.016000 0.018000
9 0.171500 0.210500 0.015000 0.015000
9 0.217000 0.205500 0.018000 0.017000
9 0.201500 0.191500 0.015000 0.015000
14 0.227500 0.093500 0.019000 0.017000
9 0.253500 0.110000 0.017000 0.022000
9 0.270500 0.114000 0.015000 0.016000
9 0.167000 0.102000 0.018000 0.016000
14 0.222000 0.055500 0.018000 0.019000
9 0.238500 0.037500 0.017000 0.017000
9 0.271000 0.007000 0.014000 0.014000
14 0.254000 0.023000 0.018000 0.018000
14 0.222500 0.008000 0.017000 0.016000
9 0.188000 0.040500 0.018000 0.017000
14 0.154500 0.071000 0.017000 0.018000
12 0.019000 0.073000 0.020000 0.022000
14 0.074000 0.077000 0.016000 0.016000
14 0.061000 0.065000 0.016000 0.014000
9 0.023000 0.032000 0.018000 0.018000