32 0.271000 0.611000 0.238000 0.382000
30 0.607000 0.157000 0.136000 0.104000
35 0.818000 0.287500 0.052000 0.033000
14 0.966500 0.316000 0.009000 0.018000
14 0.993500 0.317000 0.007000 0.014000
9 0.981000 0.317000 0.010000 0.018000
14 0.967500 0.335000 0.011000 0.018000
14 0.981500 0.336500 0.009000 0.019000
9 0.994500 0.335500 0.009000 0.015000
14 0.947000 0.377500 0.008000 0.015000
14 0.958500 0.377500 0.007000 0.017000
14 0.969500 0.376500 0.007000 0.017000
14 0.982500 0.375500 0.011000 0.019000
9 0.784000 0.650500 0.008000 0.017000
9 0.782500 0.671500 0.009000 0.021000
12 0.786000 0.576000 0.010000 0.020000
14 0.781000 0.594000 0.012000 0.016000
12 0.761500 0.575500 0.011000 0.019000
11 0.491500 0.332500 0.019000 0.037000
12 0.499000 0.382000 0.012000 0.020000
11 0.690500 0.560500 0.037000 0.011000
14 0.632500 0.531500 0.019000 0.023000
14 0.628500 0.568000 0.023000 0.026000
12 0.577000 0.584000 0.026000 0.022000
12 0.577000 0.572000 0.026000 0.022000
12 0.576500 0.541000 0.029000 0.018000
14 0.578500 0.531500 0.027000 0.017000
14 0.579500 0.454000 0.025000 0.020000
14 0.578500 0.510000 0.027000 0.020000
14 0.575000 0.466000 0.022000 0.016000
14 0.616000 0.496000 0.010000 0.014000
9 0.752500 0.401000 0.025000 0.010000
9 0.754000 0.411000 0.022000 0.006000
14 0.755000 0.419000 0.022000 0.008000
9 0.751500 0.428000 0.027000 0.010000
9 0.753500 0.438000 0.023000 0.008000
9 0.750000 0.475000 0.020000 0.006000
9 0.751000 0.465500 0.020000 0.007000
14 0.752000 0.456000 0.026000 0.008000
12 0.750500 0.392500 0.025000 0.009000
14 0.751500 0.372500 0.023000 0.007000
14 0.752000 0.382500 0.024000 0.007000
14 0.754000 0.363000 0.024000 0.008000
12 0.753500 0.355000 0.025000 0.008000
9 0.670000 0.374500 0.022000 0.009000
14 0.670000 0.383000 0.020000 0.006000
14 0.667500 0.391500 0.021000 0.007000
14 0.668000 0.402000 0.024000 0.006000
12 0.666000 0.410500 0.028000 0.009000
18 0.667000 0.420000 0.026000 0.008000
9 0.670000 0.429000 0.020000 0.006000
14 0.670000 0.438500 0.022000 0.007000
14 0.663500 0.447000 0.029000 0.010000
9 0.671500 0.476000 0.015000 0.006000
14 0.666500 0.457000 0.023000 0.010000
9 0.670500 0.494000 0.021000 0.006000
14 0.669000 0.484000 0.022000 0.008000
9 0.694000 0.485500 0.022000 0.007000
14 0.694500 0.494500 0.023000 0.007000
9 0.694000 0.475000 0.022000 0.008000
12 0.692500 0.457500 0.029000 0.007000
14 0.694000 0.428000 0.022000 0.008000
9 0.692000 0.438500 0.016000 0.007000
14 0.693000 0.419500 0.020000 0.007000
14 0.692000 0.410000 0.022000 0.008000
14 0.692000 0.401500 0.022000 0.007000
9 0.694000 0.392500 0.020000 0.007000
9 0.694000 0.382500 0.022000 0.009000
9 0.695500 0.372500 0.021000 0.009000
14 0.691000 0.361500 0.028000 0.011000
14 0.752500 0.447000 0.025000 0.008000
9 0.692000 0.467000 0.022000 0.008000
14 0.801500 0.979500 0.023000 0.009000
9 0.660500 0.982500 0.023000 0.009000
14 0.406000 0.983500 0.022000 0.007000
9 0.124500 0.985500 0.023000 0.009000
14 0.236000 0.985000 0.024000 0.008000
9 0.604500 0.586000 0.009000 0.016000
9 0.820500 0.831500 0.009000 0.017000
10 0.934500 0.954500 0.049000 0.009000
10 0.981000 0.955000 0.038000 0.010000
14 0.967000 0.982000 0.028000 0.008000
9 0.980500 0.968000 0.019000 0.008000
14 0.828500 0.243500 0.009000 0.013000
14 0.829500 0.221000 0.009000 0.016000
9 0.830500 0.202000 0.011000 0.018000
9 0.828000 0.260500 0.010000 0.019000
9 0.833500 0.047500 0.009000 0.017000
9 0.832500 0.067000 0.011000 0.016000
9 0.832500 0.088000 0.009000 0.016000
14 0.832000 0.105500 0.010000 0.015000
14 0.831000 0.125000 0.012000 0.016000
9 0.830500 0.172500 0.009000 0.017000
14 0.832000 0.145500 0.008000 0.013000
14 0.831500 0.022000 0.011000 0.016000
35 0.825000 0.968500 0.074000 0.055000
9 0.990000 0.415000 0.020000 0.008000