13 0.183000 0.337000 0.018000 0.028000
14 0.154500 0.405000 0.015000 0.018000
9 0.186000 0.385000 0.024000 0.014000
9 0.182500 0.397000 0.023000 0.010000
9 0.182500 0.405000 0.027000 0.014000
9 0.180000 0.417000 0.026000 0.014000
9 0.173500 0.429000 0.023000 0.012000
9 0.177000 0.437000 0.020000 0.012000
11 0.169500 0.449500 0.033000 0.017000
14 0.168500 0.461000 0.027000 0.014000
9 0.169000 0.470500 0.022000 0.013000
14 0.167500 0.481000 0.019000 0.012000
1 0.164500 0.497500 0.023000 0.011000
1 0.163500 0.504500 0.023000 0.009000
1 0.160500 0.510500 0.023000 0.009000
1 0.160000 0.518000 0.022000 0.008000
1 0.158000 0.524500 0.022000 0.007000
1 0.157000 0.530500 0.024000 0.009000
1 0.155000 0.538000 0.024000 0.008000
1 0.154000 0.544000 0.024000 0.008000
12 0.151000 0.555500 0.024000 0.015000
1 0.120500 0.658500 0.019000 0.029000
1 0.011500 0.788500 0.023000 0.031000
1 0.024000 0.811500 0.028000 0.047000
9 0.036000 0.908000 0.010000 0.014000
12 0.036500 0.958000 0.013000 0.022000
13 0.064000 0.970500 0.010000 0.021000
1 0.076000 0.957000 0.014000 0.030000
13 0.087500 0.960500 0.013000 0.025000
1 0.078500 0.983500 0.015000 0.025000
1 0.277000 0.896000 0.054000 0.034000
1 0.261000 0.875000 0.058000 0.034000
1 0.192000 0.885000 0.060000 0.036000
1 0.128500 0.906000 0.039000 0.014000
17 0.080000 0.870500 0.022000 0.033000
1 0.075000 0.834000 0.012000 0.022000
1 0.107000 0.808500 0.038000 0.015000
1 0.106000 0.793500 0.038000 0.011000
1 0.112000 0.777000 0.032000 0.014000
1 0.110000 0.766000 0.042000 0.020000
1 0.114500 0.752000 0.039000 0.010000
1 0.116500 0.743000 0.039000 0.010000
1 0.117000 0.733000 0.040000 0.012000
1 0.121000 0.724000 0.038000 0.014000
1 0.200500 0.780000 0.059000 0.020000
1 0.202500 0.756000 0.061000 0.024000
1 0.288500 0.790000 0.065000 0.020000
1 0.290000 0.765500 0.062000 0.019000
1 0.368500 0.800500 0.061000 0.025000
1 0.374000 0.777000 0.060000 0.024000
1 0.218000 0.630000 0.034000 0.014000
1 0.286000 0.638000 0.034000 0.014000
1 0.506500 0.470500 0.033000 0.011000
1 0.501500 0.452000 0.035000 0.012000
1 0.493500 0.422500 0.033000 0.013000
1 0.536500 0.354500 0.029000 0.013000
1 0.545000 0.417500 0.034000 0.009000
1 0.551500 0.434500 0.033000 0.009000
1 0.553500 0.446500 0.033000 0.009000
1 0.557500 0.464000 0.033000 0.010000
1 0.692000 0.416500 0.018000 0.007000
1 0.692500 0.409500 0.017000 0.007000
1 0.693000 0.401000 0.018000 0.008000
1 0.693000 0.393500 0.018000 0.007000
1 0.694500 0.377000 0.019000 0.008000
1 0.693500 0.369000 0.019000 0.008000
1 0.694000 0.361000 0.018000 0.008000
1 0.694500 0.353500 0.017000 0.007000
1 0.693000 0.346000 0.018000 0.008000
1 0.694000 0.337500 0.018000 0.007000
1 0.693000 0.330000 0.018000 0.006000
1 0.693000 0.322500 0.016000 0.007000
1 0.720500 0.416500 0.019000 0.007000
1 0.721000 0.409000 0.018000 0.008000
1 0.720000 0.401000 0.020000 0.008000
1 0.719500 0.393000 0.021000 0.008000
1 0.720000 0.385500 0.020000 0.007000
1 0.721000 0.377500 0.018000 0.009000
1 0.720500 0.369000 0.019000 0.008000
1 0.721000 0.361500 0.018000 0.007000
1 0.721000 0.354500 0.018000 0.007000
1 0.721500 0.346000 0.019000 0.006000
1 0.721000 0.338500 0.020000 0.009000
1 0.720000 0.330000 0.020000 0.008000
1 0.720500 0.322000 0.019000 0.008000
1 0.833500 0.422500 0.017000 0.009000
1 0.835000 0.414500 0.016000 0.009000
1 0.835500 0.407500 0.019000 0.009000
1 0.838000 0.399500 0.018000 0.009000
1 0.838500 0.391000 0.019000 0.008000
1 0.840500 0.375000 0.019000 0.006000
1 0.841500 0.367500 0.019000 0.007000
1 0.842000 0.359000 0.018000 0.008000
1 0.844500 0.336000 0.019000 0.008000
1 0.860500 0.424500 0.021000 0.009000
1 0.861500 0.416000 0.021000 0.010000
1 0.863000 0.408500 0.020000 0.009000
1 0.863000 0.400500 0.022000 0.009000
1 0.864500 0.393000 0.021000 0.010000
1 0.865000 0.385000 0.020000 0.008000
1 0.865500 0.377500 0.023000 0.009000
1 0.867500 0.370000 0.021000 0.010000
1 0.868000 0.362000 0.022000 0.010000
1 0.869500 0.353500 0.021000 0.009000
1 0.870500 0.345500 0.021000 0.009000
1 0.962000 0.478500 0.028000 0.009000
1 0.951500 0.408500 0.023000 0.007000
13 0.937500 0.307500 0.021000 0.013000
13 0.961500 0.324500 0.023000 0.023000
13 0.990000 0.341000 0.020000 0.016000