35 0.600000 0.639000 0.072000 0.072000
35 0.827500 0.823500 0.075000 0.075000
35 0.069000 0.951000 0.094000 0.098000
35 0.106500 0.555500 0.055000 0.069000
35 0.104000 0.322500 0.054000 0.093000
14 0.718000 0.100000 0.010000 0.020000
14 0.614500 0.064500 0.009000 0.017000
14 0.600000 0.082000 0.012000 0.020000
9 0.994500 0.247500 0.011000 0.021000
9 0.423000 0.477500 0.014000 0.021000
14 0.557500 0.550500 0.015000 0.019000
14 0.625000 0.349000 0.008000 0.016000
14 0.545000 0.294500 0.022000 0.009000
14 0.518000 0.269500 0.010000 0.017000
14 0.505000 0.267500 0.008000 0.017000
14 0.251500 0.260500 0.009000 0.017000
9 0.249500 0.469000 0.009000 0.018000
13 0.254000 0.488500 0.008000 0.017000
14 0.216000 0.787500 0.020000 0.007000
9 0.287500 0.546000 0.021000 0.006000
9 0.374500 0.601500 0.009000 0.017000
14 0.464500 0.557500 0.023000 0.013000
14 0.786000 0.458500 0.020000 0.017000
9 0.832500 0.441000 0.023000 0.008000
9 0.874000 0.472500 0.020000 0.017000
14 0.813500 0.557000 0.019000 0.016000
14 0.636000 0.772000 0.016000 0.014000
9 0.607500 0.848000 0.019000 0.016000
9 0.186500 0.843500 0.009000 0.017000
9 0.427000 0.866500 0.024000 0.017000
14 0.484500 0.950000 0.017000 0.018000
9 0.092000 0.992500 0.018000 0.015000
14 0.052500 0.940000 0.013000 0.018000
9 0.065500 0.899500 0.011000 0.017000
14 0.059000 0.687500 0.020000 0.007000
14 0.098000 0.659000 0.008000 0.016000
13 0.029000 0.631000 0.024000 0.008000
14 0.099500 0.564000 0.009000 0.018000
9 0.116000 0.391500 0.010000 0.017000
14 0.112000 0.350500 0.008000 0.015000
14 0.093500 0.261000 0.009000 0.016000
14 0.248500 0.030500 0.011000 0.019000