14 0.352000 0.763000 0.018000 0.018000
14 0.677000 0.351000 0.020000 0.018000
9 0.671500 0.358500 0.021000 0.019000
14 0.663500 0.366000 0.021000 0.020000
9 0.657000 0.372000 0.020000 0.018000
9 0.652000 0.379000 0.020000 0.018000
14 0.642500 0.383000 0.017000 0.016000
14 0.635500 0.388500 0.021000 0.019000
9 0.630500 0.396000 0.019000 0.016000
9 0.622000 0.401500 0.018000 0.017000
9 0.618000 0.409500 0.020000 0.017000
9 0.609000 0.415000 0.018000 0.016000
14 0.604000 0.421500 0.020000 0.017000
9 0.598000 0.428000 0.020000 0.016000
9 0.590500 0.434500 0.021000 0.017000
9 0.583000 0.440500 0.018000 0.015000
9 0.576000 0.447000 0.020000 0.018000
14 0.570000 0.453000 0.018000 0.016000
9 0.564000 0.458000 0.018000 0.016000
9 0.557500 0.465500 0.021000 0.017000
14 0.549500 0.471500 0.017000 0.015000
9 0.544000 0.477500 0.022000 0.019000
9 0.537500 0.484000 0.017000 0.016000
9 0.531000 0.491500 0.022000 0.017000
9 0.524000 0.498000 0.022000 0.018000
14 0.517500 0.503500 0.019000 0.017000
9 0.512500 0.511000 0.017000 0.014000
9 0.504500 0.516500 0.023000 0.019000
14 0.495500 0.521000 0.019000 0.018000
9 0.489500 0.528500 0.025000 0.023000
14 0.482500 0.535000 0.019000 0.018000
14 0.475500 0.541000 0.021000 0.018000
14 0.470500 0.548500 0.019000 0.017000
9 0.461500 0.553500 0.019000 0.017000
14 0.454500 0.559500 0.017000 0.015000
9 0.448500 0.565000 0.019000 0.016000
9 0.810000 0.337000 0.018000 0.018000
14 0.790500 0.355000 0.019000 0.018000
14 0.725500 0.416000 0.017000 0.018000
9 0.705000 0.435000 0.020000 0.020000
9 0.730500 0.374000 0.021000 0.018000
9 0.723000 0.381000 0.018000 0.016000
14 0.717000 0.389000 0.020000 0.016000
9 0.709500 0.394000 0.019000 0.016000
9 0.701000 0.399500 0.020000 0.017000
9 0.694000 0.405500 0.024000 0.021000
9 0.691500 0.414500 0.017000 0.015000
12 0.683500 0.419500 0.021000 0.019000
14 0.675500 0.427500 0.021000 0.019000
14 0.668500 0.434000 0.019000 0.016000
9 0.662500 0.440000 0.019000 0.016000
14 0.654500 0.445000 0.019000 0.016000
14 0.648500 0.452000 0.019000 0.016000
14 0.640000 0.459000 0.020000 0.018000
14 0.634000 0.467000 0.016000 0.014000
14 0.624500 0.473000 0.017000 0.014000
14 0.617500 0.479000 0.019000 0.016000
14 0.599000 0.498500 0.016000 0.015000
9 0.591500 0.504500 0.019000 0.017000
9 0.584000 0.513000 0.020000 0.018000
14 0.577000 0.521000 0.020000 0.016000
14 0.568500 0.526500 0.017000 0.015000
9 0.561000 0.533500 0.020000 0.017000
9 0.556000 0.540000 0.018000 0.016000
14 0.548500 0.544500 0.017000 0.015000
9 0.541500 0.551500 0.019000 0.017000
14 0.536000 0.558000 0.018000 0.016000
14 0.527500 0.564000 0.021000 0.018000
14 0.521000 0.571000 0.018000 0.016000
9 0.513500 0.576500 0.023000 0.019000
14 0.505500 0.583000 0.017000 0.014000
14 0.533500 0.594500 0.019000 0.019000
14 0.500500 0.590500 0.017000 0.015000
33 0.068500 0.905500 0.109000 0.081000
33 0.109500 0.869000 0.107000 0.080000
33 0.150500 0.831000 0.109000 0.080000
14 0.431500 0.555000 0.019000 0.018000
14 0.437500 0.549000 0.019000 0.016000
14 0.445500 0.543000 0.019000 0.016000
12 0.449000 0.533500 0.024000 0.021000
14 0.458000 0.528500 0.016000 0.013000
14 0.463000 0.522500 0.020000 0.017000
9 0.470500 0.516500 0.019000 0.017000
9 0.480000 0.510000 0.020000 0.016000
9 0.486500 0.504000 0.021000 0.018000
9 0.493000 0.498000 0.020000 0.016000
9 0.499500 0.492000 0.021000 0.018000
9 0.506500 0.485500 0.021000 0.019000
14 0.512500 0.480000 0.019000 0.018000
14 0.520000 0.473500 0.020000 0.017000
9 0.525500 0.465000 0.019000 0.018000
14 0.534000 0.460000 0.020000 0.018000
14 0.539500 0.453500 0.021000 0.017000
14 0.548000 0.448000 0.018000 0.016000
9 0.552500 0.441000 0.017000 0.016000
9 0.560000 0.435000 0.020000 0.018000
12 0.566000 0.429000 0.020000 0.018000
14 0.571000 0.422500 0.020000 0.017000
12 0.579000 0.415500 0.024000 0.021000
14 0.587000 0.411000 0.016000 0.014000
9 0.591500 0.402500 0.021000 0.017000
9 0.599000 0.396500 0.022000 0.019000
14 0.606000 0.391000 0.018000 0.016000
14 0.613500 0.385000 0.019000 0.016000
14 0.619000 0.378500 0.018000 0.017000
9 0.628000 0.373000 0.018000 0.016000
12 0.632500 0.365500 0.023000 0.019000
9 0.639500 0.359500 0.019000 0.017000
14 0.648000 0.354500 0.018000 0.015000
9 0.653500 0.347000 0.021000 0.018000
9 0.660500 0.340000 0.021000 0.018000
14 0.624500 0.305000 0.019000 0.016000
9 0.616500 0.311000 0.019000 0.018000
14 0.612000 0.319000 0.020000 0.020000
14 0.602000 0.323000 0.020000 0.018000
12 0.596000 0.330000 0.022000 0.020000
14 0.589500 0.336500 0.021000 0.017000
14 0.582000 0.342500 0.018000 0.017000
14 0.574500 0.348000 0.017000 0.014000
14 0.568000 0.354000 0.016000 0.014000
14 0.563500 0.361500 0.017000 0.015000
14 0.555000 0.367500 0.018000 0.015000
14 0.547500 0.373500 0.019000 0.017000
14 0.540500 0.379000 0.019000 0.016000
12 0.536000 0.387000 0.024000 0.022000
14 0.528000 0.393000 0.018000 0.014000
9 0.522500 0.400000 0.021000 0.018000
9 0.515000 0.405500 0.020000 0.017000
9 0.508500 0.411500 0.021000 0.017000
9 0.501000 0.418500 0.020000 0.017000
14 0.495000 0.425500 0.020000 0.017000
9 0.489500 0.431500 0.019000 0.017000
9 0.480500 0.436000 0.019000 0.016000
9 0.474500 0.442000 0.019000 0.016000
14 0.466500 0.448500 0.021000 0.017000
14 0.461500 0.455000 0.019000 0.016000
9 0.453500 0.461000 0.021000 0.018000
9 0.447500 0.468000 0.021000 0.018000
9 0.440500 0.474000 0.021000 0.018000
14 0.434500 0.481000 0.019000 0.016000
14 0.427500 0.487000 0.017000 0.014000
14 0.422000 0.494000 0.020000 0.018000
9 0.413000 0.499500 0.018000 0.015000
9 0.386500 0.525000 0.021000 0.018000
9 0.379000 0.533000 0.020000 0.018000
9 0.357500 0.513000 0.019000 0.020000
14 0.350000 0.506000 0.020000 0.020000
14 0.341500 0.500500 0.017000 0.017000
9 0.332000 0.495500 0.018000 0.019000
9 0.323000 0.488500 0.018000 0.019000
9 0.312500 0.483000 0.019000 0.020000
14 0.304500 0.477500 0.019000 0.019000
14 0.296000 0.469500 0.022000 0.021000
14 0.286000 0.465000 0.020000 0.020000
9 0.278000 0.458500 0.018000 0.019000
14 0.268500 0.453000 0.019000 0.018000
14 0.259000 0.447000 0.018000 0.018000
14 0.250000 0.442500 0.018000 0.017000
12 0.241000 0.435000 0.020000 0.020000
14 0.271000 0.427000 0.020000 0.018000
9 0.278000 0.401500 0.018000 0.019000
9 0.287000 0.405000 0.016000 0.016000
9 0.294500 0.413000 0.019000 0.020000
14 0.303500 0.419500 0.019000 0.019000
14 0.313500 0.424500 0.017000 0.017000
14 0.321500 0.430500 0.017000 0.017000
12 0.331500 0.437500 0.023000 0.023000
14 0.341500 0.442000 0.017000 0.018000
9 0.351000 0.447000 0.016000 0.016000
14 0.360000 0.453500 0.016000 0.017000
14 0.368000 0.460000 0.018000 0.018000
14 0.378000 0.465000 0.018000 0.018000
14 0.386000 0.472000 0.018000 0.018000
14 0.396500 0.478500 0.017000 0.017000
9 0.396500 0.407000 0.017000 0.018000
14 0.405000 0.412500 0.018000 0.017000
9 0.415000 0.418500 0.018000 0.017000
14 0.425000 0.424000 0.018000 0.018000
12 0.431500 0.432000 0.023000 0.024000
9 0.442000 0.436000 0.018000 0.020000
14 0.201500 0.102500 0.021000 0.019000
14 0.171000 0.134000 0.020000 0.018000
9 0.138500 0.095000 0.019000 0.016000
14 0.160500 0.064500 0.021000 0.017000
33 0.042000 0.944500 0.084000 0.081000
33 0.040500 0.792000 0.081000 0.086000
32 0.579500 0.815500 0.475000 0.369000