14 0.775833 0.465000 0.038333 0.012500
17 0.970000 0.666875 0.023333 0.028750
11 0.936667 0.696250 0.020000 0.027500
11 0.933333 0.741875 0.020000 0.028750
16 0.901667 0.955625 0.020000 0.023750
9 0.010833 0.627500 0.011667 0.020000
9 0.091667 0.643125 0.033333 0.008750
9 0.096667 0.618750 0.036667 0.010000
9 0.136667 0.625000 0.016667 0.022500
9 0.183333 0.616250 0.030000 0.017500
14 0.190000 0.605625 0.040000 0.018750
11 0.025833 0.520625 0.025000 0.033750
9 0.090833 0.548125 0.011667 0.021250
14 0.091667 0.571250 0.013333 0.020000
14 0.114167 0.548750 0.015000 0.020000
9 0.115000 0.571875 0.013333 0.021250
9 0.135000 0.573125 0.013333 0.021250
14 0.136667 0.546875 0.013333 0.018750
9 0.157500 0.550000 0.011667 0.015000
9 0.154167 0.573125 0.015000 0.021250
9 0.175833 0.550625 0.015000 0.018750
9 0.174167 0.574375 0.015000 0.021250
9 0.194167 0.575000 0.018333 0.022500
9 0.195000 0.551875 0.016667 0.018750
9 0.214167 0.576875 0.015000 0.021250
14 0.216667 0.553750 0.016667 0.022500
9 0.235833 0.553750 0.011667 0.020000
14 0.236667 0.575625 0.016667 0.021250
9 0.256667 0.575625 0.013333 0.018750
9 0.260000 0.553125 0.016667 0.021250
9 0.278333 0.554375 0.013333 0.018750
9 0.275833 0.575625 0.015000 0.018750
9 0.297500 0.566875 0.015000 0.018750
14 0.350833 0.581250 0.031667 0.007500
14 0.356667 0.555000 0.040000 0.010000
14 0.359167 0.542500 0.035000 0.010000
9 0.360000 0.528750 0.030000 0.007500
9 0.319167 0.507500 0.015000 0.020000
14 0.300833 0.506875 0.015000 0.021250
9 0.277500 0.505000 0.015000 0.017500
14 0.259167 0.505000 0.015000 0.022500
14 0.237500 0.503750 0.015000 0.020000
9 0.215833 0.502500 0.015000 0.020000
9 0.195833 0.501250 0.015000 0.020000
14 0.174167 0.502500 0.011667 0.020000
14 0.155833 0.501250 0.011667 0.020000
14 0.135000 0.500625 0.016667 0.021250
9 0.111667 0.500000 0.013333 0.015000
9 0.092500 0.494375 0.015000 0.021250
9 0.074167 0.491250 0.015000 0.022500
9 0.300833 0.448750 0.035000 0.007500
35 0.501667 0.449375 0.186667 0.103750
17 0.155833 0.343750 0.068333 0.012500
14 0.098333 0.608125 0.033333 0.008750
14 0.355833 0.568750 0.035000 0.010000
14 0.346667 0.593750 0.030000 0.007500