14 0.994000 0.047500 0.010000 0.015000
9 0.886000 0.578500 0.012000 0.017000
9 0.942500 0.474000 0.021000 0.012000
14 0.966000 0.467000 0.024000 0.016000
9 0.813000 0.066500 0.010000 0.013000
14 0.844500 0.376500 0.021000 0.013000
9 0.771000 0.455000 0.018000 0.014000
14 0.740500 0.207000 0.015000 0.018000
14 0.586000 0.228000 0.022000 0.012000
14 0.469000 0.183500 0.016000 0.019000
9 0.492000 0.121000 0.016000 0.010000
9 0.494000 0.023000 0.020000 0.006000
32 0.230500 0.262500 0.361000 0.467000
30 0.478500 0.698500 0.163000 0.159000
14 0.487500 0.988500 0.019000 0.019000
14 0.480500 0.967500 0.021000 0.021000
14 0.502500 0.957000 0.021000 0.022000
14 0.505000 0.975500 0.022000 0.023000
14 0.517500 0.972000 0.019000 0.020000
14 0.581000 0.987000 0.018000 0.018000
9 0.604500 0.928000 0.021000 0.012000
9 0.610000 0.936000 0.020000 0.014000
9 0.626000 0.960500 0.022000 0.013000
12 0.630500 0.969500 0.023000 0.013000
12 0.735000 0.991500 0.018000 0.017000
14 0.752000 0.990500 0.018000 0.019000
14 0.764000 0.987500 0.018000 0.021000
14 0.776500 0.984500 0.017000 0.021000
14 0.697000 0.959000 0.020000 0.024000
14 0.716000 0.954500 0.016000 0.019000
14 0.727000 0.949000 0.016000 0.018000
14 0.738000 0.945500 0.014000 0.017000
12 0.751500 0.942500 0.017000 0.021000
12 0.765500 0.939000 0.019000 0.024000
12 0.777500 0.934500 0.021000 0.025000
13 0.797500 0.928000 0.025000 0.028000
12 0.814000 0.924500 0.024000 0.029000
14 0.841500 0.909500 0.017000 0.021000
12 0.847500 0.957000 0.029000 0.016000
12 0.887000 0.939000 0.028000 0.018000
12 0.875500 0.932500 0.027000 0.017000
12 0.875000 0.922500 0.026000 0.015000
12 0.897000 0.905000 0.022000 0.014000
12 0.902500 0.912500 0.025000 0.017000