14 0.238000 0.015500 0.014000 0.021000
14 0.392000 0.005500 0.020000 0.009000
9 0.395500 0.023500 0.025000 0.013000
14 0.399000 0.032500 0.026000 0.013000
9 0.401000 0.052000 0.024000 0.012000
9 0.346500 0.077000 0.025000 0.010000
9 0.333500 0.022500 0.023000 0.011000
9 0.330500 0.014000 0.027000 0.012000
9 0.332000 0.004500 0.018000 0.009000
9 0.877000 0.009000 0.012000 0.018000
14 0.867000 0.030500 0.014000 0.019000
9 0.891500 0.025500 0.011000 0.019000
9 0.915500 0.024500 0.011000 0.017000
14 0.933500 0.065000 0.015000 0.020000
14 0.909000 0.069500 0.014000 0.019000
9 0.886000 0.072500 0.012000 0.019000
9 0.873000 0.074000 0.012000 0.018000
9 0.850500 0.077500 0.015000 0.021000
14 0.824500 0.079500 0.015000 0.019000
14 0.788000 0.083500 0.012000 0.019000
14 0.751500 0.089000 0.011000 0.016000
14 0.739000 0.090500 0.012000 0.019000
14 0.109500 0.188000 0.023000 0.012000
9 0.276000 0.248000 0.012000 0.018000
9 0.292500 0.319000 0.011000 0.016000
9 0.322500 0.408500 0.011000 0.019000
9 0.348000 0.446000 0.010000 0.018000
9 0.351500 0.526500 0.011000 0.019000
9 0.368500 0.602000 0.013000 0.020000
33 0.028000 0.120000 0.056000 0.094000
33 0.055000 0.265000 0.066000 0.084000
32 0.164000 0.521000 0.296000 0.346000
9 0.429000 0.714500 0.012000 0.019000
14 0.473500 0.910500 0.013000 0.019000
9 0.435000 0.895000 0.014000 0.022000
14 0.448000 0.872500 0.014000 0.019000
14 0.457500 0.842000 0.011000 0.018000
9 0.447000 0.790000 0.010000 0.018000
14 0.408500 0.779500 0.013000 0.019000
9 0.467000 0.191000 0.022000 0.010000
9 0.468000 0.198500 0.022000 0.007000
9 0.492500 0.288500 0.023000 0.009000
14 0.493000 0.299500 0.024000 0.009000
14 0.496000 0.311500 0.020000 0.009000
9 0.504000 0.335000 0.022000 0.012000
9 0.493000 0.354000 0.022000 0.010000
9 0.552500 0.395500 0.023000 0.009000
9 0.500000 0.380000 0.020000 0.010000
12 0.508000 0.415000 0.026000 0.014000
9 0.512500 0.444000 0.023000 0.012000
9 0.492500 0.531500 0.023000 0.011000
9 0.521500 0.529000 0.023000 0.010000
14 0.550500 0.524500 0.021000 0.011000
9 0.583000 0.531000 0.022000 0.010000
14 0.618500 0.516500 0.023000 0.011000
9 0.667500 0.531500 0.023000 0.011000
9 0.648500 0.512500 0.023000 0.011000
9 0.679000 0.509000 0.024000 0.010000
9 0.726000 0.446500 0.012000 0.019000
9 0.756500 0.425500 0.013000 0.019000
14 0.717500 0.415000 0.011000 0.018000
9 0.746500 0.382500 0.013000 0.019000
9 0.742500 0.363000 0.011000 0.020000
9 0.714500 0.397000 0.013000 0.020000
14 0.707000 0.364000 0.014000 0.020000
9 0.703000 0.345500 0.012000 0.019000
9 0.695500 0.311500 0.011000 0.017000
14 0.691500 0.295000 0.013000 0.020000
9 0.684500 0.258500 0.011000 0.017000
9 0.856500 0.396500 0.025000 0.011000
14 0.830500 0.294500 0.025000 0.007000
14 0.658000 0.278500 0.024000 0.009000
14 0.673000 0.206500 0.014000 0.019000
9 0.668500 0.191000 0.013000 0.018000
9 0.695500 0.157000 0.013000 0.018000
14 0.619500 0.177000 0.023000 0.010000
14 0.591500 0.180500 0.025000 0.011000
12 0.595000 0.169000 0.030000 0.012000
9 0.705500 0.379500 0.017000 0.007000
14 0.936000 0.476000 0.026000 0.012000
9 0.776500 0.160500 0.025000 0.013000
9 0.986500 0.119000 0.021000 0.012000
9 0.990000 0.128000 0.020000 0.012000
12 0.943000 0.318000 0.032000 0.014000
14 0.570000 0.671000 0.012000 0.016000
14 0.730000 0.619500 0.022000 0.009000
9 0.738000 0.648500 0.018000 0.019000
14 0.778000 0.674500 0.012000 0.019000
9 0.760000 0.591500 0.012000 0.017000
14 0.752000 0.558500 0.016000 0.019000
14 0.798000 0.614500 0.012000 0.017000
14 0.494500 0.754500 0.021000 0.009000
12 0.489000 0.802000 0.018000 0.018000
14 0.549000 0.791000 0.026000 0.010000
9 0.538000 0.806500 0.022000 0.011000
14 0.597000 0.845000 0.010000 0.018000
14 0.811000 0.820500 0.014000 0.019000
14 0.839000 0.794500 0.014000 0.021000
9 0.844000 0.815500 0.014000 0.019000
14 0.548500 0.914500 0.023000 0.009000
14 0.561000 0.970000 0.024000 0.012000
9 0.626500 0.960500 0.027000 0.013000
14 0.725000 0.993500 0.022000 0.013000
9 0.799500 0.967000 0.023000 0.008000
9 0.904500 0.923000 0.023000 0.010000
9 0.959500 0.918500 0.021000 0.009000
1 0.521500 0.799500 0.029000 0.013000
17 0.618000 0.753000 0.026000 0.024000
13 0.572500 0.795000 0.017000 0.024000
1 0.628500 0.944500 0.025000 0.021000
1 0.624500 0.969500 0.035000 0.015000
9 0.958000 0.663000 0.022000 0.012000
35 0.758000 0.511500 0.082000 0.055000
9 0.557000 0.802000 0.016000 0.008000
9 0.789000 0.574000 0.012000 0.016000
9 0.927500 0.922500 0.021000 0.011000
9 0.537000 0.342500 0.014000 0.019000
9 0.503500 0.322000 0.021000 0.010000
9 0.846500 0.183500 0.023000 0.009000
14 0.752000 0.178000 0.020000 0.008000
9 0.796000 0.146500 0.024000 0.011000
9 0.911500 0.007000 0.013000 0.014000