9 0.748125 0.983333 0.031250 0.013333
9 0.746250 0.967500 0.027500 0.015000
9 0.741250 0.953333 0.015000 0.013333
9 0.807500 0.975000 0.012500 0.026667
9 0.806875 0.945000 0.011250 0.023333
9 0.741250 0.938333 0.015000 0.016667
9 0.740625 0.920833 0.013750 0.011667
9 0.743750 0.905000 0.022500 0.020000
9 0.739375 0.890000 0.016250 0.013333
9 0.806250 0.910000 0.010000 0.026667
9 0.805000 0.881667 0.010000 0.026667
9 0.743125 0.877500 0.021250 0.011667
9 0.741875 0.862500 0.023750 0.011667
9 0.805000 0.851667 0.010000 0.030000
9 0.741875 0.844167 0.026250 0.015000
9 0.803125 0.819167 0.011250 0.028333
9 0.744375 0.825833 0.028750 0.018333
9 0.739375 0.809167 0.018750 0.015000
14 0.739375 0.795000 0.026250 0.013333
9 0.742500 0.780833 0.030000 0.015000
9 0.742500 0.765833 0.027500 0.011667
9 0.743125 0.750833 0.028750 0.015000
9 0.801875 0.783333 0.011250 0.026667
14 0.801875 0.755833 0.011250 0.025000
9 0.835000 0.774167 0.010000 0.025000
11 0.803750 0.709167 0.015000 0.048333
9 0.758125 0.710833 0.026250 0.018333
9 0.749375 0.698333 0.028750 0.016667
14 0.714375 0.702500 0.013750 0.031667
14 0.714375 0.738333 0.011250 0.026667
14 0.670625 0.699167 0.026250 0.015000
9 0.671250 0.715833 0.025000 0.011667
9 0.671250 0.730000 0.017500 0.013333
9 0.674375 0.745000 0.021250 0.013333
14 0.666250 0.760000 0.025000 0.016667
9 0.665000 0.776667 0.025000 0.013333
14 0.666250 0.807500 0.025000 0.015000
9 0.665000 0.821667 0.025000 0.013333
9 0.669375 0.835000 0.026250 0.013333
14 0.668750 0.849167 0.027500 0.015000
14 0.662500 0.864167 0.022500 0.011667
9 0.664375 0.878333 0.028750 0.016667
9 0.666875 0.898333 0.031250 0.013333
9 0.667500 0.913333 0.027500 0.013333
14 0.670000 0.930000 0.027500 0.013333
9 0.668125 0.945833 0.026250 0.011667
9 0.669375 0.959167 0.026250 0.011667
9 0.671250 0.975833 0.025000 0.015000
14 0.671250 0.992500 0.025000 0.011667
30 0.275000 0.347500 0.175000 0.185000
9 0.309375 0.569167 0.026250 0.011667
9 0.552500 0.645000 0.017500 0.030000
9 0.540625 0.655833 0.013750 0.025000
9 0.625000 0.561667 0.022500 0.016667
9 0.718750 0.561667 0.025000 0.013333
14 0.826250 0.519167 0.022500 0.011667
9 0.831250 0.612500 0.010000 0.031667
14 0.852500 0.645000 0.012500 0.033333
9 0.855000 0.678333 0.015000 0.026667
14 0.888125 0.915833 0.016250 0.011667
14 0.900625 0.555000 0.026250 0.013333
9 0.953125 0.555833 0.023750 0.011667
14 0.986250 0.555000 0.025000 0.013333
14 0.810000 0.253333 0.017500 0.043333
14 0.770625 0.249167 0.018750 0.061667
11 0.768125 0.122500 0.021250 0.128333
9 0.808750 0.110833 0.012500 0.035000
14 0.807500 0.069167 0.012500 0.038333
32 0.218750 0.165833 0.275000 0.205000