14 0.252000 0.937000 0.022000 0.026000
14 0.295000 0.832000 0.020000 0.016000
14 0.342500 0.799500 0.021000 0.017000
14 0.346000 0.788000 0.020000 0.016000
14 0.356500 0.781500 0.021000 0.017000
9 0.367000 0.769500 0.020000 0.015000
9 0.387500 0.821000 0.017000 0.014000
14 0.384000 0.828500 0.020000 0.017000
9 0.378500 0.837000 0.019000 0.016000
12 0.369500 0.843000 0.023000 0.020000
9 0.360500 0.858500 0.019000 0.017000
9 0.354000 0.865000 0.020000 0.018000
14 0.339000 0.878500 0.018000 0.017000
9 0.350000 0.894000 0.020000 0.018000
14 0.365000 0.881500 0.018000 0.017000
9 0.379000 0.867000 0.020000 0.016000
14 0.392000 0.854500 0.024000 0.019000
14 0.399000 0.847500 0.020000 0.017000
14 0.403000 0.838500 0.022000 0.017000
9 0.408500 0.831500 0.019000 0.015000
9 0.336500 0.952000 0.017000 0.020000
12 0.379000 0.927500 0.018000 0.019000
9 0.387500 0.922000 0.019000 0.018000
9 0.391000 0.944500 0.018000 0.019000
14 0.403000 0.909500 0.022000 0.021000
14 0.410500 0.903000 0.021000 0.018000
14 0.417000 0.897500 0.020000 0.017000
14 0.429000 0.883000 0.020000 0.016000
14 0.440500 0.869000 0.019000 0.014000
14 0.445500 0.861500 0.019000 0.015000
9 0.451500 0.854000 0.021000 0.016000
14 0.470000 0.863500 0.020000 0.015000
9 0.463500 0.870000 0.021000 0.016000
9 0.458500 0.876000 0.019000 0.014000
9 0.451500 0.883000 0.021000 0.016000
14 0.442000 0.900500 0.020000 0.017000
9 0.435000 0.907500 0.020000 0.017000
12 0.518500 0.922500 0.019000 0.019000
12 0.526500 0.927500 0.019000 0.019000
9 0.465500 0.943500 0.019000 0.017000
9 0.459000 0.950000 0.020000 0.018000
14 0.451500 0.957000 0.019000 0.018000
14 0.445000 0.963000 0.018000 0.018000
9 0.451000 0.981000 0.024000 0.022000
14 0.427000 0.974000 0.018000 0.018000
14 0.411500 0.987000 0.019000 0.020000
14 0.901000 0.750500 0.020000 0.011000
9 0.910000 0.742000 0.020000 0.010000
9 0.924500 0.638000 0.019000 0.020000
9 0.840500 0.461000 0.017000 0.020000
9 0.971000 0.396500 0.020000 0.015000
9 0.976500 0.389000 0.019000 0.014000
14 0.980000 0.381000 0.020000 0.016000
14 0.987500 0.373500 0.019000 0.015000
9 0.992000 0.366500 0.016000 0.017000
9 0.994500 0.357000 0.011000 0.014000
14 0.839500 0.371000 0.021000 0.028000
11 0.833500 0.340000 0.019000 0.038000
33 0.408000 0.026500 0.106000 0.053000
33 0.608000 0.037500 0.104000 0.075000
33 0.566500 0.093500 0.105000 0.073000