35 0.946000 0.062000 0.052000 0.052000
9 0.972500 0.105000 0.023000 0.016000
9 0.990000 0.234500 0.020000 0.015000
9 0.938500 0.201000 0.013000 0.014000
14 0.957000 0.204500 0.022000 0.015000
9 0.958000 0.193500 0.022000 0.019000
9 0.716500 0.181000 0.027000 0.020000
14 0.638000 0.098500 0.016000 0.019000
9 0.636000 0.007000 0.024000 0.014000
9 0.632500 0.016000 0.019000 0.014000
12 0.653500 0.042000 0.019000 0.022000
14 0.329000 0.147500 0.018000 0.019000
14 0.426000 0.070000 0.024000 0.016000
14 0.628000 0.113500 0.016000 0.019000
9 0.786000 0.005500 0.022000 0.011000
14 0.844500 0.028000 0.021000 0.016000
14 0.882500 0.044500 0.025000 0.017000
12 0.798500 0.038500 0.021000 0.025000
9 0.742500 0.110000 0.011000 0.010000
9 0.734000 0.105000 0.014000 0.018000
9 0.715500 0.098500 0.015000 0.021000
14 0.814000 0.096500 0.016000 0.019000
9 0.862000 0.115000 0.020000 0.018000
9 0.854000 0.122000 0.020000 0.016000
14 0.811500 0.131500 0.021000 0.015000
9 0.826500 0.156500 0.023000 0.017000
14 0.784500 0.159000 0.015000 0.018000
9 0.774500 0.155500 0.019000 0.021000
9 0.761000 0.170000 0.016000 0.018000
12 0.640500 0.141500 0.021000 0.015000
9 0.671000 0.156500 0.024000 0.019000
14 0.618000 0.168500 0.026000 0.019000
9 0.866500 0.265500 0.023000 0.015000
14 0.878000 0.259000 0.026000 0.020000
14 0.828500 0.300500 0.015000 0.019000
14 0.839000 0.299000 0.018000 0.018000
14 0.850000 0.303500 0.020000 0.021000
9 0.931500 0.294000 0.023000 0.018000
9 0.794000 0.349000 0.024000 0.014000
14 0.830500 0.375500 0.015000 0.021000
14 0.851500 0.386000 0.017000 0.018000
14 0.863000 0.389000 0.016000 0.018000
9 0.986000 0.394500 0.022000 0.017000
11 0.653500 0.466000 0.029000 0.020000
11 0.637000 0.483000 0.024000 0.020000
9 0.263000 0.723500 0.026000 0.029000
9 0.265500 0.815000 0.021000 0.022000
9 0.151500 0.562000 0.017000 0.020000
14 0.118000 0.625500 0.018000 0.019000