14 0.550500 0.985000 0.027000 0.018000
14 0.503000 0.974500 0.012000 0.013000
12 0.624000 0.861500 0.016000 0.021000
12 0.600500 0.872500 0.017000 0.023000
12 0.584000 0.877000 0.014000 0.022000
9 0.570000 0.881000 0.010000 0.018000
12 0.532500 0.895500 0.013000 0.021000
9 0.516500 0.902500 0.013000 0.017000
14 0.523000 0.917500 0.020000 0.013000
9 0.508000 0.922500 0.022000 0.013000
9 0.503500 0.906500 0.013000 0.019000
9 0.490000 0.912500 0.012000 0.017000
14 0.496000 0.929500 0.022000 0.015000
9 0.337000 0.917000 0.022000 0.016000
12 0.301000 0.933000 0.024000 0.016000
14 0.393500 0.899500 0.019000 0.013000
9 0.465500 0.885500 0.021000 0.013000
9 0.461500 0.873500 0.021000 0.013000
9 0.483500 0.881500 0.019000 0.013000
14 0.493500 0.873500 0.021000 0.013000
14 0.472000 0.866000 0.022000 0.014000
9 0.484500 0.860500 0.019000 0.013000
14 0.508000 0.868500 0.020000 0.013000
9 0.529500 0.846000 0.025000 0.016000
9 0.552500 0.833500 0.019000 0.011000
14 0.544000 0.841000 0.020000 0.014000
14 0.572000 0.840500 0.018000 0.013000
14 0.591500 0.837500 0.029000 0.019000
9 0.597000 0.828500 0.020000 0.013000
14 0.557000 0.780000 0.026000 0.018000
14 0.487500 0.793500 0.011000 0.019000
9 0.462000 0.795500 0.010000 0.019000
9 0.449500 0.798500 0.009000 0.017000
12 0.430000 0.804500 0.010000 0.019000
12 0.415500 0.811000 0.011000 0.020000
9 0.403000 0.813000 0.010000 0.018000
9 0.391000 0.819000 0.010000 0.018000
9 0.212000 0.799000 0.016000 0.020000
14 0.180500 0.797000 0.015000 0.020000
14 0.165000 0.795500 0.016000 0.021000
9 0.368000 0.311000 0.024000 0.016000
9 0.003500 0.576000 0.007000 0.018000
9 0.004000 0.556500 0.008000 0.017000
9 0.070500 0.407500 0.021000 0.017000
14 0.106500 0.371000 0.027000 0.020000
14 0.619000 0.107500 0.020000 0.015000
12 0.781000 0.044000 0.024000 0.020000
9 0.080000 0.980000 0.008000 0.020000