35 0.132500 0.319000 0.029000 0.018000
35 0.629500 0.488500 0.049000 0.011000
35 0.783000 0.316000 0.050000 0.020000
32 0.060000 0.619000 0.120000 0.356000
32 0.209000 0.557500 0.082000 0.135000
33 0.382000 0.668500 0.046000 0.081000
33 0.451000 0.667000 0.046000 0.080000
33 0.451500 0.789500 0.045000 0.081000
33 0.382000 0.791500 0.046000 0.079000
30 0.809500 0.801500 0.183000 0.157000
32 0.656500 0.807000 0.093000 0.142000
32 0.821000 0.674500 0.214000 0.131000
33 0.535000 0.693500 0.046000 0.081000
33 0.535000 0.817000 0.046000 0.082000
35 0.307000 0.317500 0.032000 0.023000
14 0.300500 0.040000 0.007000 0.014000
9 0.149500 0.039000 0.009000 0.016000
14 0.159000 0.038000 0.008000 0.016000
9 0.169000 0.038000 0.010000 0.016000
9 0.179000 0.039000 0.010000 0.016000
9 0.189000 0.037500 0.010000 0.015000
9 0.199000 0.037000 0.010000 0.016000
9 0.210500 0.037000 0.009000 0.014000
9 0.150500 0.306000 0.021000 0.008000
14 0.244000 0.301000 0.010000 0.018000
14 0.107500 0.336500 0.021000 0.009000
14 0.106500 0.346500 0.023000 0.007000
9 0.227000 0.886000 0.012000 0.018000
14 0.238500 0.886000 0.011000 0.018000
15 0.186000 0.898000 0.028000 0.026000
11 0.323500 0.744500 0.015000 0.043000
11 0.323000 0.704000 0.012000 0.026000
14 0.304000 0.614000 0.008000 0.016000
14 0.611500 0.613000 0.007000 0.014000
14 0.617500 0.543500 0.007000 0.015000
14 0.571000 0.476500 0.008000 0.011000
14 0.528500 0.476500 0.009000 0.013000
14 0.479000 0.476500 0.008000 0.013000
9 0.461000 0.475500 0.010000 0.013000
9 0.427500 0.476500 0.007000 0.013000
9 0.411000 0.476500 0.008000 0.011000
14 0.351500 0.476500 0.007000 0.013000
14 0.412500 0.402500 0.021000 0.007000
9 0.411000 0.393500 0.022000 0.009000
9 0.413500 0.365000 0.019000 0.008000
9 0.412500 0.356500 0.025000 0.007000
9 0.461000 0.366000 0.020000 0.006000
9 0.631000 0.334500 0.008000 0.017000
14 0.333500 0.295500 0.019000 0.007000
14 0.335000 0.288000 0.020000 0.008000
9 0.334000 0.271500 0.020000 0.009000
9 0.335500 0.264500 0.019000 0.007000
14 0.336500 0.248000 0.021000 0.008000
9 0.350000 0.219000 0.010000 0.018000
9 0.360500 0.220000 0.009000 0.018000
14 0.369500 0.221500 0.009000 0.017000
14 0.379500 0.222500 0.009000 0.017000
9 0.389000 0.222000 0.010000 0.018000
9 0.427000 0.223000 0.008000 0.018000
9 0.436000 0.223500 0.008000 0.013000
9 0.454500 0.223500 0.009000 0.017000
14 0.464500 0.224000 0.011000 0.018000
9 0.375000 0.249000 0.020000 0.008000
9 0.373500 0.264000 0.019000 0.006000
9 0.373000 0.274000 0.022000 0.006000
14 0.370500 0.281500 0.019000 0.007000
14 0.396000 0.258000 0.020000 0.006000
9 0.395500 0.265000 0.025000 0.008000
9 0.396000 0.274000 0.022000 0.008000
9 0.395000 0.282500 0.022000 0.007000
9 0.434500 0.250500 0.021000 0.007000
9 0.434000 0.259000 0.020000 0.008000
14 0.450500 0.255500 0.009000 0.015000
14 0.462500 0.254500 0.009000 0.015000
14 0.395000 0.289500 0.016000 0.007000
9 0.331000 0.200000 0.008000 0.014000
9 0.340500 0.199500 0.009000 0.015000
14 0.351500 0.198000 0.011000 0.018000
14 0.361500 0.200000 0.009000 0.018000
14 0.372000 0.199000 0.008000 0.016000
14 0.393500 0.200000 0.009000 0.016000
14 0.428500 0.198500 0.009000 0.015000
11 0.437000 0.182500 0.042000 0.011000
14 0.388000 0.168500 0.020000 0.007000
9 0.339000 0.114000 0.008000 0.016000
9 0.459000 0.199500 0.010000 0.015000
14 0.277500 0.176500 0.019000 0.007000
9 0.338000 0.048000 0.008000 0.010000
9 0.349500 0.048000 0.011000 0.010000
9 0.369500 0.048000 0.009000 0.012000
9 0.378500 0.048500 0.009000 0.011000
9 0.398500 0.044500 0.009000 0.013000
14 0.410000 0.044500 0.008000 0.013000
14 0.421000 0.042000 0.008000 0.016000
14 0.340000 0.019500 0.028000 0.009000
9 0.371000 0.019000 0.024000 0.008000
9 0.427500 0.007000 0.019000 0.006000
14 0.707500 0.485500 0.017000 0.005000
11 0.943000 0.484500 0.028000 0.009000
14 0.987000 0.473500 0.006000 0.015000
14 0.781500 0.421500 0.017000 0.007000
14 0.780500 0.429500 0.015000 0.007000
9 0.850000 0.314000 0.022000 0.010000
9 0.804500 0.293000 0.009000 0.016000
9 0.731000 0.205500 0.016000 0.007000
9 0.936000 0.209000 0.018000 0.008000
9 0.959000 0.185000 0.020000 0.010000
9 0.960000 0.170000 0.018000 0.008000
14 0.936500 0.154500 0.023000 0.009000
9 0.897000 0.194500 0.022000 0.009000
9 0.896000 0.172000 0.020000 0.008000
9 0.896000 0.163000 0.018000 0.008000
9 0.920500 0.127500 0.007000 0.017000
9 0.692500 0.126500 0.007000 0.017000
9 0.711000 0.126500 0.008000 0.015000
9 0.720000 0.126000 0.008000 0.014000
9 0.729500 0.126000 0.009000 0.018000
9 0.738500 0.126500 0.009000 0.017000
9 0.749000 0.126500 0.008000 0.015000
9 0.759500 0.126500 0.009000 0.015000