14 0.019167 0.984375 0.035000 0.008750
14 0.111667 0.996250 0.033333 0.007500
14 0.074167 0.963125 0.021667 0.023750
12 0.486667 0.078125 0.026667 0.036250
14 0.219167 0.085000 0.018333 0.022500
14 0.766667 0.096875 0.016667 0.018750
9 0.831667 0.076250 0.020000 0.022500
14 0.820833 0.095625 0.018333 0.021250
14 0.850000 0.100000 0.016667 0.022500
9 0.836667 0.058750 0.036667 0.010000
9 0.327500 0.646250 0.015000 0.022500
35 0.270833 0.588750 0.191667 0.077500
9 0.181667 0.790000 0.016667 0.020000
12 0.538333 0.949375 0.043333 0.011250
14 0.540833 0.984375 0.031667 0.008750
9 0.647500 0.903125 0.035000 0.008750
12 0.713333 0.824375 0.040000 0.023750
12 0.670000 0.816875 0.046667 0.026250
14 0.667500 0.795625 0.035000 0.018750
12 0.675000 0.770625 0.043333 0.023750
12 0.608333 0.708125 0.036667 0.011250
14 0.605000 0.660000 0.033333 0.010000
14 0.665833 0.638125 0.035000 0.013750
9 0.672500 0.683750 0.051667 0.017500
12 0.781667 0.645625 0.016667 0.023750
12 0.805000 0.646250 0.016667 0.022500
12 0.828333 0.645000 0.016667 0.025000
9 0.830833 0.732500 0.018333 0.025000
9 0.907500 0.734375 0.015000 0.018750
14 0.726667 0.486250 0.036667 0.010000
9 0.419167 0.478750 0.015000 0.020000
14 0.079167 0.208750 0.015000 0.022500