9 0.991500 0.206000 0.017000 0.018000
14 0.993000 0.824000 0.014000 0.008000
14 0.983000 0.774500 0.012000 0.007000
14 0.940500 0.823000 0.019000 0.010000
14 0.919000 0.828000 0.022000 0.010000
14 0.920000 0.874500 0.014000 0.019000
12 0.870500 0.839500 0.015000 0.023000
9 0.882500 0.855500 0.023000 0.013000
9 0.889500 0.761000 0.015000 0.010000
14 0.895000 0.723000 0.014000 0.008000
33 0.514500 0.871000 0.075000 0.100000
33 0.579500 0.859000 0.075000 0.100000
33 0.645500 0.845500 0.075000 0.099000
33 0.712500 0.832000 0.079000 0.102000
33 0.619500 0.963000 0.071000 0.074000
33 0.690000 0.956500 0.076000 0.087000
33 0.552000 0.969500 0.068000 0.061000
33 0.754500 0.949500 0.079000 0.101000
14 0.838000 0.735500 0.014000 0.007000