9 0.945500 0.991500 0.009000 0.017000
9 0.896500 0.836000 0.017000 0.006000
14 0.841500 0.822000 0.023000 0.008000
9 0.821000 0.830000 0.020000 0.006000
9 0.769500 0.805500 0.017000 0.007000
14 0.769000 0.797000 0.016000 0.006000
9 0.772000 0.788000 0.016000 0.006000
9 0.772000 0.779000 0.016000 0.006000
14 0.623500 0.871000 0.009000 0.018000
14 0.432500 0.933500 0.019000 0.007000
14 0.296500 0.845000 0.019000 0.008000
9 0.246500 0.859000 0.019000 0.010000
9 0.249000 0.848000 0.020000 0.010000
9 0.181000 0.866000 0.008000 0.016000
14 0.025500 0.881500 0.019000 0.013000
9 0.151000 0.914000 0.008000 0.016000
9 0.097500 0.963000 0.007000 0.016000
9 0.042500 0.916500 0.009000 0.017000
9 0.031000 0.916000 0.010000 0.018000
14 0.021000 0.915500 0.008000 0.013000
9 0.009500 0.918000 0.007000 0.016000
9 0.285500 0.608000 0.019000 0.008000
9 0.341500 0.578000 0.023000 0.010000
9 0.342000 0.559500 0.022000 0.013000
9 0.297500 0.539000 0.023000 0.008000
9 0.092000 0.508500 0.008000 0.015000
9 0.091000 0.482000 0.008000 0.016000
9 0.199000 0.541500 0.010000 0.017000
9 0.165500 0.574500 0.015000 0.019000
9 0.094500 0.789000 0.009000 0.018000
9 0.215500 0.773500 0.007000 0.013000
9 0.249500 0.717500 0.021000 0.007000
9 0.274500 0.718000 0.019000 0.006000
9 0.410500 0.720000 0.021000 0.006000
9 0.431000 0.720500 0.016000 0.007000
9 0.616000 0.719500 0.022000 0.007000
9 0.643500 0.720000 0.021000 0.006000
9 0.702000 0.721000 0.022000 0.008000
9 0.802000 0.722000 0.020000 0.008000
9 0.828000 0.722500 0.022000 0.007000
9 0.681000 0.389500 0.020000 0.007000
14 0.879000 0.390500 0.018000 0.007000
9 0.915000 0.355000 0.022000 0.008000
14 0.915500 0.346000 0.021000 0.008000
14 0.889000 0.321000 0.022000 0.010000
14 0.886500 0.311500 0.029000 0.011000
14 0.918000 0.288000 0.020000 0.008000
14 0.797500 0.136500 0.013000 0.017000
12 0.699500 0.134000 0.009000 0.020000
12 0.682500 0.130500 0.009000 0.017000
14 0.668500 0.133500 0.007000 0.019000
14 0.656000 0.131000 0.008000 0.018000
14 0.500000 0.194500 0.020000 0.009000
14 0.497000 0.177000 0.020000 0.008000
9 0.498000 0.169000 0.020000 0.006000
9 0.356000 0.210000 0.008000 0.016000
9 0.041000 0.274500 0.020000 0.007000
14 0.200000 0.384500 0.020000 0.007000
9 0.017500 0.383000 0.017000 0.008000
9 0.087500 0.339500 0.009000 0.015000
9 0.084000 0.122500 0.008000 0.017000
35 0.099000 0.391000 0.056000 0.050000
35 0.533000 0.398500 0.048000 0.035000
35 0.947000 0.403500 0.056000 0.043000
35 0.961000 0.735500 0.058000 0.059000
35 0.536500 0.734000 0.053000 0.040000
35 0.110500 0.729500 0.051000 0.043000