12 0.200000 0.284167 0.012500 0.035000
12 0.224375 0.356667 0.016250 0.040000
9 0.174375 0.464167 0.011250 0.031667
9 0.233125 0.720833 0.013750 0.035000
9 0.690625 0.089167 0.013750 0.031667
9 0.743125 0.219167 0.011250 0.025000
14 0.621875 0.351667 0.028750 0.016667
9 0.743750 0.467500 0.012500 0.028333
9 0.691250 0.570000 0.015000 0.043333
12 0.565625 0.790000 0.031250 0.016667
9 0.560625 0.654167 0.023750 0.011667
9 0.586875 0.655000 0.028750 0.013333
11 0.650000 0.650833 0.042500 0.028333
9 0.688125 0.686667 0.011250 0.030000
12 0.677500 0.942500 0.017500 0.041667
9 0.690000 0.860000 0.012500 0.026667
14 0.743125 0.954167 0.013750 0.035000