11 0.205500 0.876500 0.073000 0.011000
12 0.246500 0.802000 0.017000 0.032000
14 0.397500 0.783500 0.013000 0.019000
14 0.386000 0.789000 0.018000 0.024000
9 0.389500 0.755000 0.023000 0.014000
14 0.390500 0.743500 0.027000 0.017000
9 0.072000 0.687500 0.024000 0.011000
9 0.176000 0.672500 0.022000 0.009000
14 0.209000 0.675000 0.022000 0.008000
9 0.346000 0.672500 0.026000 0.013000
9 0.374500 0.671000 0.025000 0.012000
12 0.411500 0.835500 0.013000 0.023000
9 0.499000 0.819000 0.018000 0.022000
9 0.526500 0.809000 0.017000 0.020000
9 0.901500 0.427500 0.027000 0.011000
14 0.904000 0.411000 0.020000 0.008000
9 0.954500 0.427000 0.025000 0.012000
14 0.959500 0.411500 0.027000 0.011000
9 0.842000 0.622500 0.024000 0.009000
9 0.843000 0.614000 0.020000 0.008000
9 0.841000 0.603000 0.020000 0.008000
9 0.840500 0.594500 0.021000 0.007000
9 0.843000 0.586500 0.022000 0.007000
9 0.843500 0.577000 0.023000 0.008000
9 0.842000 0.570000 0.024000 0.008000
9 0.842500 0.561000 0.021000 0.008000
14 0.843000 0.544500 0.024000 0.011000
9 0.841500 0.533000 0.023000 0.008000
14 0.844500 0.525500 0.019000 0.007000
9 0.840500 0.517500 0.015000 0.007000
14 0.845500 0.508500 0.023000 0.009000
14 0.844000 0.499500 0.024000 0.009000
14 0.843500 0.482000 0.021000 0.010000
9 0.841000 0.464000 0.024000 0.012000
9 0.842000 0.456000 0.020000 0.006000
9 0.841500 0.448500 0.021000 0.009000
9 0.840500 0.437000 0.021000 0.010000
9 0.840500 0.420000 0.025000 0.012000
9 0.841000 0.410000 0.024000 0.010000
14 0.764500 0.517500 0.019000 0.015000
9 0.763500 0.534000 0.021000 0.008000
9 0.786000 0.569000 0.022000 0.008000
9 0.786500 0.561000 0.023000 0.008000
9 0.787500 0.552500 0.021000 0.009000
14 0.792000 0.543500 0.022000 0.009000
14 0.791000 0.534000 0.022000 0.010000
14 0.787000 0.525500 0.022000 0.009000
9 0.786500 0.516000 0.023000 0.008000
9 0.788500 0.506500 0.023000 0.011000
9 0.788000 0.496500 0.022000 0.009000
9 0.788500 0.487500 0.021000 0.011000
9 0.786500 0.474500 0.025000 0.011000
9 0.785000 0.465000 0.022000 0.010000
9 0.786500 0.455500 0.023000 0.009000
9 0.788500 0.446500 0.021000 0.007000
14 0.787000 0.439000 0.024000 0.008000
14 0.790500 0.429000 0.019000 0.008000
9 0.786000 0.420500 0.022000 0.009000
14 0.785500 0.412000 0.023000 0.010000
32 0.277500 0.156000 0.227000 0.312000
32 0.864000 0.145000 0.246000 0.286000