9 0.048750 0.450833 0.030000 0.018333
9 0.083750 0.801667 0.025000 0.026667
9 0.043125 0.970000 0.026250 0.026667
30 0.720000 0.836667 0.295000 0.326667
9 0.673125 0.185000 0.016250 0.033333
14 0.643750 0.180000 0.012500 0.033333
14 0.627500 0.176667 0.015000 0.030000
14 0.613750 0.175000 0.012500 0.030000
14 0.598750 0.175000 0.012500 0.026667
9 0.614375 0.124167 0.016250 0.011667
9 0.566875 0.170833 0.013750 0.028333
9 0.538750 0.160833 0.015000 0.028333
14 0.391875 0.138333 0.011250 0.030000
9 0.406250 0.143333 0.012500 0.026667
30 0.515000 0.315000 0.220000 0.293333
9 0.006250 0.115000 0.012500 0.016667