3 0.008333 0.975667 0.007333 0.022000
3 0.006333 0.926000 0.012667 0.037333
3 0.006000 0.877667 0.012000 0.034000
3 0.006000 0.835667 0.012000 0.035333
3 0.041333 0.974333 0.012000 0.038000
3 0.040667 0.922000 0.012000 0.029333
3 0.055000 0.922333 0.014000 0.040667
3 0.041667 0.884000 0.011333 0.041333
3 0.055667 0.881667 0.012667 0.039333
3 0.039000 0.840000 0.012667 0.038667
3 0.051000 0.841000 0.010000 0.036667
3 0.063000 0.839000 0.012667 0.040667
3 0.107333 0.964667 0.012000 0.037333
3 0.122000 0.966000 0.010667 0.033333
3 0.157000 0.963667 0.012667 0.038000
3 0.173667 0.963333 0.014000 0.041333
3 0.151667 0.914333 0.019333 0.048667
3 0.168000 0.914333 0.022667 0.050000
3 0.130000 0.888667 0.045333 0.013333
3 0.128333 0.878333 0.046000 0.015333
3 0.029667 0.792000 0.054000 0.012000
3 0.025667 0.805667 0.047333 0.011333
8 0.270000 0.812000 0.176000 0.169333
8 0.131667 0.562667 0.219333 0.210667
2 0.261667 0.985000 0.032667 0.006000
0 0.474000 0.469000 0.182667 0.106000
7 0.244667 0.419667 0.204000 0.116667
3 0.189667 0.357000 0.026000 0.036667
3 0.350000 0.433667 0.025333 0.038000
0 0.679000 0.484667 0.036667 0.042667
0 0.703000 0.462000 0.050000 0.057333
0 0.729667 0.362333 0.067333 0.079333
0 0.891667 0.395000 0.031333 0.032667
1 0.939667 0.377667 0.024667 0.024667
1 0.920333 0.358000 0.024667 0.024000
1 0.947333 0.377000 0.021333 0.020667
1 0.952333 0.371000 0.022000 0.022000
1 0.958000 0.369667 0.020000 0.020667
1 0.963000 0.366333 0.020667 0.020667
1 0.967667 0.363000 0.019333 0.019333
1 0.972333 0.358333 0.020667 0.020667
1 0.975667 0.354667 0.015333 0.014667
1 0.931000 0.359000 0.019333 0.019333
1 0.935333 0.353667 0.020000 0.019333
1 0.940333 0.350333 0.016667 0.020667
0 0.880333 0.309667 0.036667 0.039333
5 0.886333 0.359667 0.024667 0.026000
1 0.902333 0.339000 0.018000 0.022000
1 0.911333 0.337000 0.024000 0.027333
1 0.918000 0.333333 0.020000 0.024000
1 0.924333 0.330000 0.022000 0.024000
1 0.946667 0.349667 0.017333 0.019333
1 0.951333 0.346333 0.016000 0.019333
1 0.955333 0.343333 0.013333 0.014667
1 0.960333 0.342333 0.014000 0.015333
1 0.966000 0.340667 0.016000 0.017333
1 0.931333 0.327333 0.016000 0.018667
1 0.938333 0.326667 0.019333 0.022667
1 0.948000 0.325667 0.020000 0.023333
1 0.971667 0.338667 0.015333 0.017333
0 0.927667 0.297667 0.036667 0.020667
0 0.927000 0.310333 0.042000 0.024667
1 0.922000 0.293000 0.021333 0.014000
1 0.862667 0.334000 0.010667 0.024000
7 0.987000 0.300000 0.026000 0.025333
7 0.984000 0.294333 0.030667 0.026000
4 0.923000 0.056000 0.055333 0.022667
4 0.925000 0.066000 0.036667 0.017333
1 0.736000 0.025000 0.026667 0.023333
1 0.743000 0.021333 0.027333 0.024000
1 0.750333 0.017333 0.026000 0.024000
1 0.758667 0.014000 0.025333 0.022667
1 0.765667 0.011667 0.024667 0.022000
1 0.773333 0.009000 0.024000 0.018000
1 0.651667 0.054000 0.019333 0.016000
1 0.654667 0.050000 0.024000 0.018667
1 0.659667 0.047000 0.016667 0.014000
1 0.664000 0.043333 0.017333 0.014667
1 0.666333 0.038000 0.020667 0.017333
1 0.668333 0.032000 0.019333 0.016000
1 0.672667 0.027000 0.029333 0.023333
1 0.676333 0.020333 0.031333 0.024667
1 0.705000 0.048667 0.027333 0.022667
1 0.709000 0.043000 0.024667 0.019333
6 0.680333 0.013000 0.034000 0.026000
1 0.712333 0.037333 0.031333 0.025333
7 0.710000 0.008000 0.016000 0.013333
7 0.722333 0.007000 0.016667 0.014000
7 0.728333 0.006333 0.011333 0.012667
1 0.632667 0.215333 0.024000 0.017333
2 0.510667 0.151667 0.025333 0.036667
2 0.532333 0.146667 0.020667 0.030667
2 0.520667 0.147667 0.026667 0.038000
2 0.540000 0.142333 0.024000 0.032667
2 0.551667 0.140667 0.028667 0.032000
2 0.557000 0.135333 0.019333 0.021333
2 0.564333 0.134000 0.026000 0.030667
2 0.572000 0.131333 0.022667 0.026667
2 0.578667 0.127333 0.022667 0.024000
2 0.584333 0.123667 0.016667 0.018000
2 0.590333 0.119667 0.016667 0.019333
0 0.554333 0.163333 0.036667 0.022667
4 0.498667 0.184333 0.062667 0.034000
0 0.461667 0.155667 0.027333 0.018000
36 0.479000 0.139000 0.011333 0.027333
4 0.582667 0.202000 0.041333 0.034667
35 0.683333 0.671667 0.072000 0.078000
35 0.912000 0.779000 0.016000 0.015333