12 0.906500 0.061500 0.011000 0.019000
14 0.861500 0.051500 0.011000 0.017000
14 0.877000 0.049000 0.014000 0.020000
14 0.928500 0.822500 0.011000 0.013000
14 0.804500 0.683000 0.021000 0.008000
14 0.827000 0.449500 0.018000 0.017000
14 0.849000 0.409500 0.020000 0.017000
14 0.871000 0.396000 0.022000 0.018000
11 0.857500 0.391000 0.029000 0.022000
14 0.923500 0.226500 0.029000 0.015000
14 0.748000 0.245500 0.010000 0.017000
9 0.688500 0.147000 0.021000 0.022000
14 0.401500 0.058500 0.017000 0.017000
12 0.445500 0.102000 0.019000 0.020000
9 0.591000 0.173000 0.020000 0.020000
14 0.576500 0.173000 0.017000 0.018000
14 0.404500 0.200500 0.023000 0.019000
14 0.385500 0.243000 0.015000 0.014000
14 0.327000 0.164500 0.016000 0.017000
14 0.342000 0.178500 0.016000 0.017000
14 0.330500 0.181500 0.017000 0.017000
14 0.117000 0.127000 0.022000 0.016000
9 0.077500 0.115500 0.019000 0.019000
9 0.029000 0.122000 0.020000 0.022000
14 0.074500 0.172000 0.025000 0.022000
12 0.101000 0.192000 0.026000 0.022000
9 0.150500 0.241500 0.019000 0.017000
9 0.111000 0.248000 0.020000 0.020000
9 0.100500 0.255000 0.019000 0.020000
9 0.064500 0.312000 0.021000 0.018000
9 0.097000 0.310500 0.014000 0.013000
14 0.144000 0.272000 0.018000 0.018000
14 0.326000 0.326500 0.014000 0.009000
14 0.631500 0.335000 0.019000 0.018000
14 0.606000 0.352500 0.020000 0.021000
14 0.533000 0.351500 0.018000 0.017000
14 0.639500 0.406000 0.017000 0.018000
9 0.668500 0.430500 0.019000 0.021000
14 0.685000 0.448500 0.014000 0.015000
14 0.440000 0.445500 0.016000 0.017000
9 0.542000 0.477000 0.016000 0.016000
14 0.555000 0.489500 0.016000 0.015000
9 0.478500 0.516500 0.023000 0.015000
9 0.406500 0.629500 0.017000 0.015000
12 0.342000 0.650500 0.020000 0.023000
14 0.367000 0.705500 0.016000 0.017000
9 0.337500 0.693000 0.019000 0.020000
9 0.320500 0.693500 0.021000 0.021000
9 0.593000 0.791000 0.020000 0.022000
14 0.721500 0.990500 0.019000 0.015000
13 0.358500 0.929500 0.025000 0.027000
9 0.111000 0.451500 0.020000 0.019000
14 0.039500 0.463000 0.023000 0.016000
14 0.034000 0.475000 0.018000 0.014000
14 0.038500 0.483500 0.021000 0.015000
14 0.040500 0.499500 0.019000 0.015000
9 0.068000 0.498000 0.022000 0.016000
9 0.142500 0.528500 0.023000 0.023000
14 0.072000 0.369000 0.018000 0.014000
9 0.090000 0.684500 0.016000 0.019000
14 0.101500 0.679000 0.015000 0.018000
9 0.064500 0.712500 0.025000 0.017000
14 0.267000 0.749000 0.020000 0.014000
9 0.293500 0.807000 0.019000 0.022000
12 0.016500 0.732000 0.027000 0.016000
12 0.308500 0.802000 0.017000 0.018000
9 0.342500 0.798000 0.017000 0.020000
13 0.288000 0.824000 0.018000 0.018000
9 0.376000 0.839500 0.018000 0.019000
14 0.409000 0.883000 0.018000 0.022000
9 0.488500 0.837000 0.021000 0.020000
14 0.498000 0.844000 0.020000 0.020000
9 0.474500 0.831500 0.019000 0.019000
1 0.869500 0.501000 0.037000 0.016000
14 0.821500 0.736500 0.021000 0.009000