14 0.087500 0.442500 0.038333 0.025000
14 0.091667 0.508750 0.026667 0.025000
14 0.075833 0.511250 0.025000 0.025000
14 0.055833 0.514375 0.031667 0.031250
9 0.035000 0.522500 0.030000 0.027500
14 0.025000 0.548125 0.023333 0.023750
12 0.051667 0.545000 0.026667 0.027500
9 0.090833 0.534375 0.025000 0.023750
14 0.111667 0.532500 0.033333 0.030000
14 0.050000 0.607500 0.030000 0.027500
14 0.089167 0.600625 0.025000 0.026250
14 0.107500 0.597500 0.025000 0.027500
14 0.127500 0.590625 0.028333 0.028750
14 0.163333 0.581875 0.030000 0.026250
14 0.184167 0.581875 0.028333 0.026250
12 0.184167 0.290000 0.035000 0.022500
14 0.173333 0.300000 0.030000 0.020000
9 0.196667 0.283750 0.040000 0.022500
14 0.236667 0.338750 0.023333 0.015000
9 0.254167 0.345625 0.025000 0.018750
9 0.270833 0.355000 0.028333 0.022500
14 0.283333 0.360625 0.030000 0.021250
14 0.305000 0.364375 0.033333 0.023750
12 0.322500 0.378125 0.035000 0.026250
14 0.445000 0.438750 0.036667 0.022500
9 0.484167 0.465625 0.038333 0.028750
14 0.313333 0.532500 0.030000 0.030000
14 0.337500 0.525000 0.018333 0.022500
14 0.360833 0.510000 0.018333 0.027500
12 0.452500 0.546875 0.038333 0.018750
9 0.296667 0.325000 0.026667 0.025000
11 0.350833 0.339375 0.071667 0.058750
14 0.405000 0.391250 0.050000 0.030000
9 0.515000 0.391250 0.033333 0.022500
14 0.534167 0.395625 0.035000 0.031250
12 0.564167 0.410000 0.038333 0.030000
12 0.579167 0.416875 0.038333 0.031250
12 0.600833 0.421875 0.038333 0.028750
14 0.792500 0.406875 0.015000 0.023750
12 0.857500 0.231250 0.018333 0.015000
13 0.859167 0.258750 0.025000 0.027500
11 0.815000 0.260625 0.036667 0.051250
14 0.503333 0.137500 0.036667 0.030000
9 0.500000 0.079375 0.036667 0.023750
9 0.512500 0.071250 0.038333 0.025000
14 0.530000 0.064375 0.033333 0.021250
9 0.658333 0.136250 0.040000 0.010000
14 0.701667 0.133125 0.036667 0.008750
14 0.773333 0.130625 0.036667 0.011250
14 0.618333 0.053125 0.036667 0.028750
9 0.066667 0.721250 0.026667 0.025000
9 0.047500 0.723125 0.028333 0.026250
9 0.037500 0.736250 0.031667 0.025000
9 0.240000 0.715625 0.033333 0.021250
9 0.228333 0.726250 0.033333 0.020000
9 0.215000 0.734375 0.036667 0.023750
9 0.201667 0.743125 0.033333 0.021250
9 0.174167 0.762500 0.035000 0.020000
14 0.158333 0.770625 0.030000 0.021250
14 0.145000 0.781250 0.033333 0.022500
9 0.133333 0.789375 0.033333 0.021250
14 0.116667 0.798750 0.036667 0.022500
14 0.022500 0.758750 0.035000 0.025000
9 0.052500 0.805625 0.025000 0.021250
14 0.032500 0.828125 0.021667 0.021250
9 0.077500 0.903125 0.025000 0.023750
14 0.062500 0.892500 0.018333 0.020000
14 0.038333 0.880625 0.020000 0.026250
9 0.320833 0.944375 0.028333 0.021250
12 0.408333 0.693125 0.040000 0.028750
9 0.450000 0.670000 0.043333 0.025000
14 0.814167 0.575000 0.028333 0.022500
14 0.418333 0.835625 0.036667 0.021250
12 0.433333 0.824375 0.043333 0.026250
12 0.530833 0.757500 0.038333 0.027500
14 0.576667 0.779375 0.040000 0.028750
14 0.595833 0.792500 0.035000 0.027500
12 0.631667 0.805000 0.040000 0.030000
9 0.976667 0.372500 0.036667 0.012500
14 0.968333 0.385000 0.030000 0.010000
14 0.965833 0.405000 0.031667 0.010000
9 0.960000 0.416250 0.036667 0.010000
9 0.958333 0.428125 0.036667 0.011250
12 0.951667 0.439375 0.036667 0.011250
9 0.950000 0.460625 0.033333 0.011250
9 0.948333 0.471875 0.033333 0.011250
14 0.941667 0.483125 0.033333 0.008750
9 0.939167 0.494375 0.038333 0.011250
14 0.932500 0.505625 0.031667 0.011250
9 0.929167 0.274375 0.021667 0.023750
9 0.950000 0.448125 0.040000 0.013750