32 0.852000 0.655500 0.296000 0.285000
32 0.834000 0.127000 0.332000 0.254000
33 0.604500 0.218500 0.117000 0.067000
33 0.632500 0.259000 0.115000 0.066000
33 0.453500 0.330000 0.113000 0.070000
33 0.424500 0.286500 0.115000 0.069000
13 0.122500 0.199000 0.031000 0.030000
9 0.284000 0.363000 0.020000 0.016000
9 0.301500 0.468000 0.029000 0.020000
14 0.336500 0.429000 0.023000 0.018000
9 0.280000 0.447500 0.026000 0.019000
30 0.637000 0.499500 0.122000 0.097000
30 0.098000 0.809000 0.196000 0.216000