11 0.247000 0.445000 0.022000 0.030000
11 0.277500 0.387000 0.019000 0.024000
11 0.291500 0.359000 0.025000 0.034000
11 0.291000 0.295000 0.024000 0.032000
11 0.337500 0.210000 0.023000 0.030000
11 0.331000 0.292500 0.018000 0.023000
11 0.342000 0.272500 0.014000 0.019000
11 0.362500 0.234000 0.019000 0.024000
14 0.372500 0.244500 0.011000 0.015000
14 0.371000 0.144500 0.012000 0.015000
14 0.393500 0.104500 0.011000 0.013000
11 0.413500 0.190000 0.017000 0.022000
11 0.427500 0.197000 0.021000 0.026000
14 0.455500 0.113000 0.023000 0.014000
14 0.355000 0.136000 0.018000 0.012000
14 0.359000 0.128500 0.018000 0.011000
14 0.363500 0.122000 0.015000 0.010000
14 0.368500 0.114000 0.015000 0.010000
14 0.371500 0.106500 0.021000 0.013000
14 0.376000 0.099000 0.020000 0.012000
14 0.380000 0.091500 0.014000 0.009000
14 0.384500 0.084000 0.015000 0.010000
14 0.389500 0.076500 0.017000 0.011000
14 0.331000 0.141000 0.018000 0.012000
14 0.303000 0.120000 0.018000 0.008000
14 0.334000 0.098000 0.020000 0.016000
14 0.139500 0.007000 0.017000 0.014000
14 0.158000 0.023000 0.016000 0.016000
9 0.417500 0.570500 0.019000 0.013000
9 0.434500 0.576500 0.015000 0.009000
14 0.417500 0.561500 0.019000 0.013000
14 0.436000 0.569000 0.016000 0.008000
14 0.423500 0.554500 0.015000 0.011000
14 0.439500 0.561500 0.015000 0.011000
14 0.443500 0.553000 0.019000 0.012000
14 0.424000 0.546000 0.014000 0.010000
14 0.428500 0.539000 0.017000 0.012000
14 0.446500 0.546000 0.013000 0.010000
14 0.447000 0.537000 0.014000 0.010000
14 0.453500 0.526000 0.015000 0.012000
14 0.460000 0.519000 0.018000 0.012000
14 0.464500 0.512000 0.021000 0.014000
14 0.469000 0.503500 0.014000 0.011000
14 0.397500 0.525500 0.015000 0.017000
14 0.403000 0.514500 0.014000 0.017000
14 0.408500 0.506500 0.015000 0.019000
14 0.413500 0.496000 0.015000 0.020000
14 0.418500 0.486500 0.013000 0.013000
14 0.410500 0.535500 0.015000 0.017000
14 0.423000 0.518000 0.014000 0.018000
14 0.434000 0.505500 0.012000 0.015000
14 0.442500 0.492000 0.011000 0.014000
14 0.451500 0.495500 0.013000 0.017000
14 0.441500 0.512500 0.015000 0.019000
14 0.386500 0.540000 0.021000 0.016000
11 0.405500 0.608500 0.035000 0.021000
11 0.416000 0.603500 0.020000 0.013000
11 0.397500 0.596500 0.021000 0.013000
11 0.429000 0.583000 0.020000 0.014000
11 0.410000 0.575500 0.022000 0.015000
11 0.417000 0.587500 0.040000 0.023000
11 0.419500 0.597500 0.021000 0.015000
11 0.401000 0.590000 0.020000 0.014000
11 0.327000 0.650000 0.026000 0.018000
11 0.334000 0.636500 0.022000 0.017000
11 0.360000 0.700000 0.026000 0.016000
14 0.371000 0.694500 0.016000 0.011000
14 0.356500 0.689500 0.015000 0.011000
14 0.375000 0.688500 0.016000 0.011000
11 0.369000 0.655000 0.022000 0.032000
11 0.380000 0.659500 0.024000 0.031000
11 0.392000 0.663000 0.016000 0.018000
14 0.453000 0.179500 0.014000 0.017000
11 0.453000 0.205000 0.018000 0.024000
14 0.465500 0.206000 0.011000 0.014000
11 0.477500 0.187000 0.019000 0.024000
12 0.489500 0.197500 0.019000 0.023000
11 0.433500 0.292500 0.023000 0.029000
14 0.611500 0.231500 0.009000 0.015000
14 0.643000 0.276500 0.012000 0.019000
11 0.686000 0.184000 0.018000 0.032000
11 0.744000 0.201000 0.014000 0.024000
14 0.815500 0.111000 0.009000 0.016000
14 0.819500 0.058000 0.009000 0.018000
11 0.833500 0.153500 0.009000 0.019000
11 0.818500 0.357000 0.017000 0.046000
11 0.908000 0.843000 0.054000 0.070000
11 0.899000 0.880000 0.064000 0.084000
14 0.833000 0.886500 0.014000 0.015000
11 0.273500 0.733000 0.041000 0.024000
11 0.270000 0.766000 0.026000 0.016000
11 0.351500 0.724000 0.021000 0.014000
11 0.349500 0.732000 0.021000 0.014000
11 0.343500 0.739500 0.027000 0.017000
11 0.339000 0.755500 0.022000 0.015000
11 0.332000 0.762500 0.022000 0.015000
11 0.327500 0.769500 0.021000 0.013000
11 0.323500 0.776000 0.021000 0.014000
11 0.322000 0.785000 0.022000 0.014000
11 0.273000 0.785500 0.026000 0.017000
11 0.318000 0.792500 0.020000 0.013000
11 0.243500 0.774000 0.025000 0.016000
11 0.247500 0.767000 0.027000 0.016000
14 0.587500 0.420000 0.011000 0.018000
14 0.539000 0.525000 0.014000 0.018000
11 0.412500 0.876500 0.045000 0.035000
14 0.478500 0.876000 0.019000 0.016000
11 0.367000 0.942000 0.046000 0.028000
11 0.156500 0.979500 0.039000 0.017000
14 0.113500 0.855500 0.015000 0.011000
9 0.124000 0.837000 0.018000 0.012000
14 0.127500 0.825500 0.021000 0.013000
14 0.169500 0.863000 0.015000 0.010000
14 0.173500 0.853000 0.019000 0.012000
14 0.178500 0.843500 0.021000 0.013000
14 0.184500 0.834500 0.025000 0.015000
11 0.148500 0.891500 0.021000 0.015000
11 0.118000 0.880500 0.036000 0.021000
11 0.172500 0.891000 0.027000 0.016000
11 0.089000 0.859500 0.034000 0.019000
11 0.064500 0.837000 0.019000 0.012000
11 0.067000 0.826500 0.026000 0.017000
11 0.073000 0.817500 0.024000 0.015000
14 0.092500 0.792000 0.015000 0.010000
11 0.153500 0.905000 0.023000 0.016000
14 0.007500 0.928000 0.015000 0.010000
14 0.010500 0.920000 0.017000 0.012000
14 0.096500 0.784500 0.015000 0.011000
14 0.013500 0.765000 0.023000 0.014000
14 0.019000 0.750500 0.024000 0.015000
14 0.047000 0.704000 0.018000 0.012000
14 0.054000 0.691500 0.016000 0.011000
14 0.055500 0.682500 0.019000 0.011000
14 0.030500 0.687000 0.015000 0.024000
14 0.044000 0.712000 0.022000 0.014000
11 0.051000 0.697000 0.020000 0.012000
14 0.289000 0.870500 0.018000 0.011000
14 0.056000 0.733500 0.012000 0.015000
14 0.047000 0.750500 0.012000 0.015000
14 0.073000 0.764000 0.014000 0.018000
11 0.055500 0.793000 0.025000 0.034000
9 0.043500 0.819500 0.015000 0.019000
9 0.128500 0.761500 0.011000 0.013000
14 0.155000 0.771500 0.014000 0.017000
14 0.166000 0.771500 0.010000 0.013000
14 0.177500 0.772500 0.009000 0.011000
14 0.185000 0.778500 0.012000 0.015000
14 0.205500 0.786000 0.013000 0.016000
14 0.226500 0.793000 0.015000 0.018000
14 0.207000 0.834000 0.014000 0.018000
14 0.198000 0.849500 0.014000 0.017000
14 0.189500 0.865000 0.015000 0.018000
9 0.180000 0.878500 0.014000 0.017000
9 0.200000 0.895000 0.014000 0.018000
11 0.104500 0.924500 0.017000 0.021000
11 0.116000 0.904000 0.016000 0.020000
11 0.124000 0.909000 0.014000 0.018000
11 0.132500 0.912000 0.015000 0.018000
11 0.123000 0.927500 0.016000 0.019000
11 0.131000 0.932000 0.018000 0.022000
11 0.140500 0.915500 0.015000 0.019000
11 0.149000 0.918500 0.016000 0.019000
11 0.139500 0.935500 0.017000 0.021000
14 0.100500 0.623500 0.013000 0.017000
11 0.133000 0.655500 0.014000 0.017000
14 0.131500 0.591500 0.013000 0.017000
14 0.149000 0.627500 0.014000 0.019000
14 0.165000 0.599500 0.016000 0.021000
14 0.129500 0.519500 0.015000 0.019000
14 0.133500 0.568500 0.015000 0.011000
14 0.116000 0.512000 0.012000 0.014000
14 0.105500 0.507000 0.015000 0.020000
14 0.079500 0.498500 0.009000 0.011000
14 0.068500 0.492500 0.013000 0.017000
14 0.055000 0.488500 0.014000 0.017000
14 0.141500 0.207000 0.015000 0.020000
14 0.133000 0.223000 0.012000 0.014000
10 0.122000 0.244000 0.018000 0.022000
14 0.104500 0.279500 0.011000 0.015000
11 0.029500 0.338500 0.045000 0.039000
11 0.016500 0.375000 0.033000 0.034000
11 0.064000 0.223500 0.016000 0.015000
14 0.245000 0.150500 0.018000 0.011000
14 0.218000 0.141500 0.018000 0.011000
9 0.228000 0.104500 0.022000 0.015000
11 0.603500 0.721000 0.035000 0.036000
15 0.580500 0.719000 0.037000 0.038000
9 0.550500 0.724500 0.009000 0.013000
14 0.598000 0.744500 0.014000 0.017000
14 0.501500 0.814000 0.019000 0.018000
11 0.743000 0.625000 0.028000 0.036000
11 0.662000 0.588500 0.028000 0.045000
11 0.678000 0.601500 0.030000 0.045000
15 0.835000 0.746000 0.028000 0.036000
15 0.848000 0.752000 0.030000 0.036000
15 0.863500 0.750500 0.039000 0.049000
15 0.874500 0.754500 0.041000 0.051000
14 0.871500 0.674500 0.013000 0.013000
11 0.814000 0.652500 0.022000 0.021000
11 0.776000 0.674500 0.044000 0.061000
9 0.621500 0.811500 0.017000 0.015000
14 0.626500 0.801500 0.011000 0.009000
14 0.632500 0.791000 0.009000 0.008000
11 0.235500 0.944000 0.021000 0.016000
14 0.993500 0.082000 0.011000 0.016000
15 0.929000 0.118000 0.052000 0.010000
15 0.928000 0.108500 0.042000 0.011000
15 0.932000 0.047500 0.052000 0.011000
15 0.924500 0.374500 0.039000 0.011000
15 0.923000 0.385500 0.042000 0.011000