14 0.183500 0.117500 0.035000 0.013000
9 0.247500 0.102500 0.021000 0.011000
35 0.313000 0.082000 0.050000 0.044000
12 0.517500 0.106000 0.017000 0.032000
17 0.449000 0.146500 0.034000 0.031000
13 0.495500 0.151000 0.015000 0.026000
12 0.485500 0.312000 0.011000 0.020000
9 0.452500 0.316000 0.025000 0.008000
12 0.485000 0.335000 0.012000 0.022000
9 0.472500 0.495000 0.009000 0.018000
9 0.160500 0.662000 0.023000 0.008000
9 0.185500 0.664500 0.023000 0.011000
11 0.197500 0.731500 0.013000 0.017000
14 0.100000 0.754000 0.020000 0.010000
9 0.094000 0.795000 0.022000 0.008000
14 0.094000 0.806500 0.022000 0.009000
14 0.365500 0.840500 0.021000 0.019000
9 0.392500 0.848000 0.007000 0.018000
14 0.436500 0.798000 0.011000 0.018000
9 0.461000 0.802500 0.010000 0.019000
9 0.483500 0.806000 0.011000 0.018000
14 0.510000 0.803500 0.012000 0.021000
14 0.522500 0.804000 0.011000 0.018000
9 0.465000 0.855000 0.010000 0.018000
9 0.490500 0.858500 0.009000 0.015000
14 0.514500 0.862000 0.009000 0.016000
14 0.544500 0.933000 0.013000 0.018000
9 0.761500 0.774500 0.011000 0.017000
9 0.812500 0.796500 0.009000 0.013000
9 0.823000 0.798000 0.008000 0.016000
14 0.532000 0.738500 0.010000 0.017000
35 0.662000 0.592500 0.062000 0.055000
14 0.680500 0.501500 0.013000 0.017000
14 0.697000 0.256000 0.008000 0.016000
9 0.824500 0.012000 0.011000 0.020000
9 0.932500 0.075500 0.009000 0.019000
14 0.969500 0.109500 0.021000 0.011000
9 0.924500 0.131000 0.013000 0.020000
12 0.893500 0.291500 0.023000 0.021000
14 0.932500 0.334500 0.023000 0.013000
9 0.881500 0.424500 0.009000 0.017000
14 0.854000 0.531500 0.022000 0.007000
9 0.970500 0.609000 0.021000 0.008000
31 0.670500 0.984500 0.057000 0.031000
31 0.741000 0.987500 0.058000 0.025000