35 0.738333 0.896875 0.106667 0.056250
35 0.742500 0.495625 0.145000 0.063750
35 0.741667 0.694375 0.123333 0.103750
35 0.736667 0.286875 0.120000 0.081250
14 0.979167 0.304375 0.041667 0.008750
9 0.863333 0.273750 0.043333 0.010000
14 0.831667 0.234375 0.026667 0.026250
9 0.769167 0.957500 0.011667 0.017500
14 0.770000 0.927500 0.013333 0.020000
9 0.769167 0.878750 0.018333 0.017500
14 0.769167 0.844375 0.015000 0.021250
14 0.769167 0.818750 0.015000 0.022500
14 0.769167 0.769375 0.015000 0.021250
9 0.334167 0.937500 0.015000 0.025000
11 0.360000 0.894375 0.050000 0.013750
14 0.459167 0.858125 0.035000 0.013750
14 0.576667 0.672500 0.040000 0.007500
9 0.429167 0.725000 0.041667 0.010000
14 0.292500 0.724375 0.041667 0.008750
14 0.290833 0.670625 0.048333 0.011250
14 0.239167 0.670625 0.038333 0.008750
14 0.185833 0.671250 0.041667 0.010000
12 0.457500 0.561875 0.015000 0.023750
11 0.622500 0.496250 0.088333 0.015000
9 0.767500 0.595625 0.015000 0.023750
12 0.765000 0.561875 0.020000 0.028750
9 0.766667 0.458125 0.016667 0.023750
9 0.767500 0.432500 0.015000 0.022500
9 0.710000 0.468750 0.016667 0.022500
9 0.710833 0.440625 0.018333 0.018750
12 0.768333 0.360625 0.016667 0.026250
14 0.709167 0.358125 0.015000 0.021250
12 0.328333 0.478125 0.046667 0.013750
9 0.194167 0.418750 0.038333 0.012500
14 0.517500 0.366250 0.018333 0.022500
14 0.375833 0.303125 0.038333 0.008750
14 0.183333 0.301250 0.040000 0.010000
9 0.755000 0.126875 0.016667 0.023750
9 0.706667 0.118750 0.013333 0.020000
9 0.454167 0.191250 0.015000 0.025000
14 0.209167 0.194375 0.018333 0.021250
12 0.154167 0.108125 0.018333 0.026250
14 0.086667 0.271875 0.040000 0.008750
14 0.020833 0.571250 0.018333 0.020000
9 0.020000 0.594375 0.016667 0.021250
14 0.020000 0.621875 0.016667 0.021250
9 0.022500 0.788125 0.015000 0.018750
14 0.916667 0.547500 0.016667 0.022500
14 0.956667 0.551875 0.016667 0.021250
12 0.854167 0.593125 0.045000 0.008750
14 0.963333 0.671875 0.036667 0.008750
14 0.858333 0.728125 0.043333 0.008750
14 0.904167 0.728125 0.035000 0.008750
9 0.978333 0.729375 0.030000 0.008750
14 0.815000 0.786250 0.033333 0.015000
9 0.902500 0.880625 0.028333 0.021250
14 0.925833 0.883125 0.028333 0.021250
14 0.974167 0.890000 0.038333 0.010000