14 0.905000 0.090000 0.025000 0.023333
9 0.846875 0.128333 0.026250 0.026667
9 0.763125 0.182500 0.028750 0.028333
14 0.728125 0.206667 0.026250 0.023333
9 0.699375 0.225000 0.026250 0.026667
9 0.672500 0.242500 0.027500 0.025000
14 0.096250 0.661667 0.025000 0.023333
14 0.075000 0.634167 0.025000 0.028333
9 0.160625 0.578333 0.026250 0.026667
14 0.217500 0.539167 0.025000 0.025000
14 0.246875 0.520833 0.026250 0.028333
14 0.278125 0.500833 0.028750 0.031667
9 0.307500 0.480000 0.027500 0.030000
9 0.443125 0.390000 0.026250 0.023333
30 0.781250 0.444167 0.215000 0.278333
32 0.285625 0.781667 0.571250 0.436667