9 0.160625 0.819167 0.013750 0.021667
9 0.141250 0.801667 0.022500 0.020000
14 0.211875 0.753333 0.023750 0.016667
14 0.138750 0.727500 0.022500 0.018333
9 0.212500 0.665000 0.027500 0.020000
14 0.181250 0.652500 0.027500 0.025000
14 0.245625 0.516667 0.026250 0.020000
14 0.285625 0.534167 0.026250 0.021667
14 0.256250 0.494167 0.027500 0.021667
9 0.263125 0.394167 0.018750 0.015000
14 0.244375 0.367500 0.016250 0.028333
14 0.153750 0.500000 0.017500 0.030000
14 0.108750 0.436667 0.025000 0.020000
31 0.865625 0.205833 0.163750 0.135000
30 0.661875 0.904167 0.186250 0.191667
30 0.594375 0.417500 0.186250 0.241667
9 0.956250 0.754167 0.027500 0.028333
14 0.945625 0.767500 0.028750 0.028333
14 0.970625 0.960833 0.026250 0.021667