14 0.769500 0.515000 0.009000 0.016000
14 0.784000 0.514000 0.008000 0.018000
14 0.991000 0.872000 0.010000 0.020000
14 0.307000 0.948000 0.022000 0.010000
12 0.206000 0.970000 0.024000 0.008000
9 0.184000 0.939000 0.022000 0.018000
14 0.164000 0.937500 0.020000 0.017000
14 0.144500 0.982500 0.019000 0.019000
9 0.147500 0.923000 0.021000 0.018000
14 0.113000 0.905000 0.020000 0.016000
14 0.116500 0.892000 0.021000 0.018000
14 0.101500 0.877500 0.021000 0.017000
9 0.062500 0.854500 0.019000 0.017000
14 0.054500 0.835500 0.019000 0.017000
9 0.044500 0.828500 0.019000 0.017000
14 0.037000 0.820500 0.018000 0.017000
9 0.019500 0.807500 0.019000 0.017000
14 0.015500 0.797500 0.019000 0.017000
14 0.006000 0.792000 0.012000 0.016000
30 0.928500 0.118500 0.135000 0.107000
14 0.123500 0.608000 0.017000 0.008000
14 0.147000 0.620500 0.020000 0.007000
9 0.249500 0.586500 0.007000 0.017000
14 0.234000 0.584500 0.010000 0.017000
14 0.222000 0.584500 0.010000 0.017000
14 0.246000 0.525500 0.010000 0.017000
14 0.170500 0.526500 0.011000 0.017000
12 0.898500 0.022500 0.023000 0.009000
9 0.008500 0.861000 0.017000 0.018000
14 0.015000 0.871000 0.022000 0.018000
14 0.008500 0.890000 0.017000 0.018000
14 0.031500 0.884000 0.019000 0.016000
14 0.050500 0.901500 0.019000 0.017000
14 0.059000 0.909000 0.020000 0.016000
14 0.066500 0.918500 0.023000 0.019000
14 0.051000 0.951500 0.018000 0.007000
14 0.056500 0.936500 0.019000 0.015000
14 0.074000 0.952000 0.018000 0.016000
14 0.090500 0.968000 0.019000 0.016000
14 0.102000 0.947500 0.018000 0.015000
14 0.025000 0.975500 0.022000 0.019000
14 0.039000 0.988000 0.020000 0.016000
14 0.050000 0.992500 0.022000 0.015000
14 0.548000 0.609000 0.022000 0.010000
14 0.075500 0.925000 0.023000 0.020000