2 0.676667 0.008750 0.040000 0.017500
2 0.420000 0.060625 0.013333 0.031250
2 0.410000 0.060000 0.013333 0.027500
2 0.399167 0.061250 0.018333 0.032500
2 0.390000 0.065000 0.016667 0.025000
2 0.382500 0.068125 0.015000 0.031250
2 0.372500 0.072500 0.021667 0.032500
2 0.360000 0.075625 0.030000 0.036250
2 0.337500 0.076875 0.025000 0.026250
2 0.349167 0.077500 0.025000 0.020000
2 0.296667 0.008750 0.033333 0.017500
2 0.308333 0.012500 0.046667 0.025000
2 0.312500 0.020000 0.041667 0.030000
2 0.318333 0.025000 0.046667 0.025000
2 0.320833 0.035000 0.038333 0.020000
2 0.326667 0.042500 0.040000 0.020000
2 0.339167 0.046250 0.045000 0.020000
2 0.268333 0.080625 0.040000 0.026250
2 0.275000 0.088750 0.046667 0.030000
2 0.285000 0.094375 0.036667 0.026250
2 0.293333 0.099375 0.026667 0.023750
2 0.299167 0.106875 0.031667 0.031250
2 0.306667 0.115625 0.030000 0.031250
2 0.332500 0.122500 0.025000 0.027500
2 0.323333 0.125000 0.030000 0.030000
2 0.191667 0.083125 0.053333 0.028750
2 0.194167 0.092500 0.045000 0.022500
2 0.197500 0.102500 0.055000 0.030000
2 0.237500 0.116250 0.028333 0.030000
2 0.185833 0.168750 0.028333 0.025000
2 0.169167 0.133750 0.028333 0.032500
2 0.194167 0.161250 0.028333 0.022500
2 0.205000 0.160625 0.016667 0.021250
2 0.214167 0.160000 0.018333 0.022500
2 0.222500 0.155625 0.025000 0.028750
2 0.205000 0.198125 0.036667 0.031250
2 0.214167 0.195000 0.031667 0.032500
2 0.222500 0.190625 0.031667 0.026250
2 0.249167 0.175625 0.018333 0.023750
2 0.147500 0.141250 0.031667 0.030000
2 0.088333 0.138125 0.050000 0.041250
2 0.124167 0.166875 0.035000 0.028750
2 0.107500 0.176250 0.041667 0.025000
4 0.130000 0.216875 0.040000 0.033750
4 0.032500 0.250000 0.061667 0.052500