35 0.600000 0.235000 0.072000 0.072000
35 0.827500 0.419500 0.075000 0.075000
35 0.066000 0.569500 0.100000 0.141000
35 0.106500 0.151500 0.055000 0.069000
14 0.423000 0.073500 0.014000 0.021000
14 0.557500 0.146500 0.015000 0.019000
14 0.249500 0.065000 0.009000 0.018000
13 0.254000 0.084500 0.008000 0.017000
14 0.216000 0.383500 0.020000 0.007000
9 0.287500 0.142000 0.021000 0.006000
9 0.374500 0.197500 0.009000 0.017000
14 0.464500 0.153500 0.023000 0.013000
14 0.786000 0.054500 0.020000 0.017000
9 0.832500 0.037000 0.023000 0.008000
9 0.874000 0.068500 0.020000 0.017000
14 0.813500 0.153000 0.019000 0.016000
14 0.636000 0.368000 0.016000 0.014000
14 0.866000 0.616500 0.018000 0.017000
9 0.607500 0.444000 0.019000 0.016000
14 0.186500 0.439500 0.009000 0.017000
9 0.427000 0.462500 0.024000 0.017000
14 0.484500 0.546000 0.017000 0.018000
14 0.486500 0.592000 0.017000 0.016000
14 0.665500 0.609500 0.017000 0.017000
14 0.647000 0.618500 0.014000 0.017000
14 0.507000 0.726000 0.020000 0.014000
14 0.539000 0.775000 0.014000 0.018000
13 0.520500 0.840500 0.015000 0.019000
14 0.645500 0.874000 0.015000 0.018000
14 0.685500 0.957000 0.019000 0.014000
14 0.455500 0.950500 0.019000 0.011000
14 0.452500 0.959500 0.019000 0.011000
14 0.153000 0.828000 0.018000 0.008000
14 0.068500 0.913500 0.015000 0.019000
14 0.103500 0.732000 0.019000 0.010000
14 0.034500 0.705500 0.009000 0.017000
14 0.034500 0.686500 0.009000 0.019000
9 0.092000 0.591000 0.018000 0.018000
14 0.052500 0.536000 0.013000 0.018000
9 0.065500 0.495500 0.011000 0.017000
14 0.059000 0.283500 0.020000 0.007000
14 0.098000 0.255000 0.008000 0.016000
13 0.029000 0.227000 0.024000 0.008000
14 0.099500 0.160000 0.009000 0.018000