9 0.203333 0.795000 0.030000 0.012500
17 0.240833 0.728125 0.035000 0.021250
14 0.318333 0.699375 0.020000 0.016250
9 0.305833 0.716875 0.025000 0.023750
14 0.088333 0.783750 0.036667 0.015000
12 0.079167 0.803125 0.041667 0.016250
14 0.039167 0.779375 0.041667 0.016250
12 0.048333 0.766875 0.046667 0.021250
11 0.074167 0.748125 0.035000 0.016250
14 0.104167 0.706250 0.021667 0.022500
14 0.065000 0.735000 0.033333 0.015000
9 0.045000 0.693750 0.033333 0.030000
12 0.021667 0.696250 0.040000 0.032500
11 0.089167 0.347500 0.045000 0.017500
9 0.136667 0.413750 0.036667 0.027500
12 0.225000 0.435000 0.036667 0.032500
12 0.250000 0.551875 0.046667 0.021250
12 0.258333 0.540000 0.046667 0.022500
11 0.272500 0.532500 0.051667 0.020000
11 0.274167 0.618125 0.025000 0.023750
9 0.319167 0.635000 0.028333 0.022500
9 0.332500 0.620625 0.025000 0.016250
14 0.330833 0.536250 0.041667 0.017500
9 0.340000 0.528125 0.040000 0.016250
14 0.352500 0.508750 0.045000 0.020000
9 0.361667 0.497500 0.040000 0.017500
14 0.366667 0.485000 0.036667 0.015000
14 0.372500 0.473750 0.041667 0.015000
14 0.376667 0.464375 0.033333 0.016250
9 0.433333 0.496250 0.030000 0.027500
14 0.465833 0.556250 0.041667 0.017500
11 0.410000 0.621250 0.053333 0.025000
9 0.376667 0.641250 0.026667 0.025000
11 0.365000 0.669375 0.033333 0.031250
14 0.358333 0.866875 0.026667 0.021250
12 0.383333 0.846250 0.036667 0.027500
12 0.400833 0.822500 0.031667 0.025000
14 0.413333 0.811875 0.020000 0.016250
13 0.425000 0.799375 0.026667 0.018750
11 0.503333 0.674375 0.046667 0.016250
11 0.519167 0.644375 0.065000 0.028750
11 0.576667 0.657500 0.056667 0.025000
14 0.654167 0.611875 0.045000 0.021250
14 0.663333 0.599375 0.043333 0.018750
14 0.680000 0.588750 0.043333 0.020000
9 0.703333 0.550625 0.040000 0.021250
11 0.694167 0.560625 0.045000 0.021250
14 0.718333 0.598750 0.043333 0.017500
11 0.732500 0.681250 0.028333 0.027500
14 0.578333 0.780000 0.046667 0.017500
12 0.583333 0.909375 0.026667 0.023750
9 0.561667 0.908125 0.020000 0.018750
11 0.545000 0.906250 0.026667 0.027500
9 0.472500 0.891250 0.028333 0.025000
14 0.598333 0.877500 0.033333 0.012500
11 0.588333 0.890625 0.046667 0.016250
9 0.524167 0.901250 0.025000 0.025000
9 0.309167 0.918125 0.028333 0.023750
9 0.390000 0.933750 0.023333 0.025000
9 0.369167 0.926875 0.035000 0.031250
9 0.330833 0.920000 0.025000 0.025000
14 0.340833 0.946250 0.025000 0.022500
9 0.320000 0.941875 0.023333 0.021250
14 0.279167 0.940625 0.025000 0.023750
12 0.307500 0.966875 0.031667 0.031250
9 0.327500 0.968125 0.031667 0.028750
14 0.345833 0.978125 0.031667 0.031250
11 0.910000 0.768750 0.046667 0.042500
9 0.778333 0.804375 0.030000 0.028750
9 0.824167 0.862500 0.041667 0.015000
14 0.888333 0.992500 0.020000 0.015000
12 0.952500 0.374375 0.051667 0.041250
14 0.922500 0.348750 0.021667 0.020000
14 0.902500 0.322500 0.031667 0.030000
14 0.798333 0.226875 0.033333 0.028750
14 0.595833 0.221250 0.025000 0.020000
14 0.644167 0.191875 0.038333 0.033750
12 0.624167 0.188125 0.035000 0.033750
12 0.598333 0.183125 0.036667 0.031250
12 0.569167 0.179375 0.035000 0.028750
12 0.546667 0.173125 0.040000 0.033750
12 0.523333 0.169375 0.043333 0.036250
12 0.489167 0.174375 0.035000 0.028750
12 0.448333 0.164375 0.040000 0.036250
14 0.432500 0.146250 0.025000 0.017500
9 0.826667 0.179375 0.026667 0.023750
14 0.732500 0.130000 0.035000 0.030000
14 0.649167 0.111875 0.035000 0.031250
14 0.594167 0.128125 0.035000 0.028750
14 0.576667 0.123750 0.036667 0.030000
14 0.538333 0.113125 0.036667 0.031250
14 0.531667 0.086250 0.036667 0.032500
9 0.862500 0.111250 0.031667 0.030000
9 0.822500 0.101875 0.031667 0.028750
14 0.705000 0.075625 0.036667 0.033750
14 0.622500 0.030625 0.028333 0.026250
14 0.266667 0.083125 0.040000 0.016250
14 0.240000 0.066250 0.046667 0.017500
14 0.195833 0.053750 0.048333 0.020000
14 0.175833 0.063125 0.038333 0.016250
14 0.075833 0.195625 0.041667 0.016250
9 0.039167 0.289375 0.018333 0.021250
9 0.060833 0.290625 0.025000 0.023750
14 0.154167 0.249375 0.028333 0.026250
9 0.173333 0.252500 0.033333 0.027500
14 0.227500 0.242500 0.038333 0.017500
9 0.217500 0.260625 0.028333 0.023750
9 0.252500 0.293125 0.041667 0.016250
9 0.270833 0.279375 0.028333 0.023750
14 0.251667 0.273750 0.026667 0.025000
14 0.248333 0.305625 0.030000 0.021250
9 0.200000 0.373750 0.043333 0.017500
9 0.436667 0.301875 0.043333 0.013750
9 0.834167 0.368125 0.038333 0.018750
14 0.810000 0.390625 0.040000 0.018750
11 0.795000 0.399375 0.043333 0.018750
12 0.685833 0.428125 0.038333 0.033750
12 0.556667 0.326875 0.036667 0.033750
14 0.575833 0.333750 0.028333 0.025000
14 0.539167 0.347500 0.025000 0.022500
9 0.489167 0.351250 0.028333 0.025000
9 0.450000 0.400000 0.030000 0.025000
14 0.406667 0.423750 0.033333 0.017500
9 0.665833 0.384375 0.041667 0.018750
12 0.718333 0.363750 0.033333 0.035000
14 0.708333 0.394375 0.020000 0.023750
9 0.615000 0.362500 0.043333 0.017500
9 0.586667 0.368125 0.023333 0.013750
12 0.521667 0.451250 0.046667 0.020000
9 0.754167 0.513750 0.028333 0.017500
9 0.900833 0.520625 0.035000 0.028750
14 0.674167 0.373750 0.041667 0.020000