14 0.988000 0.584500 0.020000 0.007000
9 0.959000 0.585000 0.016000 0.006000
14 0.924000 0.585500 0.026000 0.009000
35 0.655000 0.570500 0.120000 0.065000
9 0.828000 0.584500 0.022000 0.007000
14 0.801500 0.585000 0.021000 0.008000
9 0.776000 0.585500 0.022000 0.007000
9 0.743000 0.584500 0.022000 0.007000
9 0.719500 0.585000 0.021000 0.006000
14 0.589000 0.254500 0.008000 0.009000
9 0.655500 0.260000 0.009000 0.018000
9 0.681000 0.300500 0.010000 0.017000
9 0.617000 0.288000 0.008000 0.016000
9 0.617500 0.412000 0.009000 0.018000
9 0.618500 0.452500 0.011000 0.019000
14 0.681500 0.412000 0.009000 0.018000
14 0.681500 0.477500 0.009000 0.015000
14 0.592000 0.562000 0.022000 0.006000
12 0.558500 0.584000 0.021000 0.006000
12 0.535000 0.584500 0.020000 0.007000
12 0.502500 0.585000 0.025000 0.010000
12 0.520500 0.562000 0.019000 0.006000
14 0.408500 0.548000 0.035000 0.008000
9 0.337500 0.585500 0.019000 0.007000
12 0.315000 0.584500 0.018000 0.007000
14 0.269500 0.585000 0.023000 0.006000
14 0.218500 0.584500 0.023000 0.007000
14 0.048500 0.590000 0.021000 0.014000
9 0.090500 0.571000 0.025000 0.008000
12 0.075500 0.559000 0.025000 0.008000
9 0.022000 0.571000 0.022000 0.008000
9 0.039000 0.548000 0.024000 0.008000
9 0.036000 0.505500 0.016000 0.019000
9 0.897500 0.150500 0.009000 0.015000
9 0.683000 0.080500 0.008000 0.017000
9 0.618500 0.111500 0.009000 0.017000
14 0.470000 0.172000 0.020000 0.006000
9 0.532000 0.202500 0.020000 0.007000
12 0.555000 0.202000 0.020000 0.006000
9 0.495500 0.201500 0.017000 0.007000
12 0.474000 0.202500 0.020000 0.007000
9 0.451000 0.202000 0.020000 0.006000
14 0.555000 0.172000 0.026000 0.008000
9 0.377500 0.202500 0.023000 0.007000
14 0.380500 0.188000 0.025000 0.006000
14 0.403000 0.172000 0.032000 0.008000
9 0.363500 0.171500 0.019000 0.007000
9 0.317500 0.171500 0.023000 0.007000
9 0.289000 0.172000 0.016000 0.006000
9 0.185500 0.171500 0.023000 0.007000
14 0.040500 0.172500 0.019000 0.007000
14 0.111500 0.082500 0.009000 0.015000
12 0.107000 0.022500 0.008000 0.015000
14 0.078000 0.032000 0.016000 0.024000
9 0.075000 0.632500 0.014000 0.015000
14 0.084000 0.648000 0.016000 0.018000
9 0.093500 0.665000 0.015000 0.016000
9 0.100000 0.699500 0.016000 0.019000
9 0.112500 0.720500 0.015000 0.019000
9 0.123000 0.736500 0.014000 0.017000
9 0.137500 0.741500 0.017000 0.019000
9 0.031000 0.966000 0.020000 0.006000
14 0.059500 0.967000 0.025000 0.008000
14 0.061000 0.978500 0.020000 0.007000
9 0.086000 0.967000 0.020000 0.006000
14 0.116000 0.967000 0.022000 0.006000
14 0.147500 0.967000 0.025000 0.006000
9 0.363000 0.953500 0.024000 0.019000
9 0.416500 0.975000 0.021000 0.010000
14 0.461500 0.978000 0.021000 0.008000
14 0.522500 0.979500 0.019000 0.007000
9 0.488000 0.980000 0.020000 0.006000
14 0.562500 0.979500 0.021000 0.007000
9 0.589000 0.977000 0.022000 0.014000
14 0.567500 0.971000 0.021000 0.006000
14 0.616000 0.897000 0.008000 0.014000
9 0.616000 0.836000 0.008000 0.014000
14 0.616000 0.783500 0.010000 0.021000
14 0.617000 0.761000 0.010000 0.020000
14 0.680500 0.704500 0.007000 0.015000
12 0.713500 0.970500 0.025000 0.009000
9 0.742500 0.979500 0.023000 0.007000
12 0.822500 0.971000 0.029000 0.008000
35 0.095500 0.560500 0.159000 0.073000
14 0.845000 0.772500 0.026000 0.009000
14 0.843500 0.781000 0.025000 0.008000
14 0.842500 0.791000 0.021000 0.008000
9 0.869500 0.801500 0.011000 0.017000
14 0.931000 0.370500 0.018000 0.009000
14 0.927000 0.380500 0.026000 0.007000
9 0.963500 0.801500 0.011000 0.021000
14 0.309000 0.856500 0.020000 0.021000
9 0.284000 0.817500 0.018000 0.027000
35 0.647000 0.191000 0.076000 0.050000
14 0.861000 0.360000 0.022000 0.008000