7 0.979500 0.691500 0.039000 0.015000
7 0.890000 0.744500 0.100000 0.031000
3 0.827000 0.706000 0.032000 0.014000
7 0.676500 0.648500 0.065000 0.015000
7 0.677500 0.661500 0.061000 0.013000
7 0.545500 0.709000 0.105000 0.012000
7 0.545500 0.698000 0.073000 0.014000
7 0.586000 0.683500 0.034000 0.007000
1 0.483500 0.913000 0.029000 0.018000
7 0.010000 0.148000 0.018000 0.034000
7 0.013000 0.098000 0.020000 0.038000
7 0.022000 0.055000 0.020000 0.036000
4 0.722500 0.557000 0.021000 0.092000
2 0.739000 0.545000 0.020000 0.074000
1 0.750000 0.486500 0.034000 0.017000
2 0.723000 0.498000 0.006000 0.024000
7 0.651000 0.570500 0.028000 0.079000
2 0.666500 0.510000 0.019000 0.038000
4 0.905500 0.710500 0.087000 0.021000
7 0.980500 0.664000 0.039000 0.018000
7 0.970000 0.678000 0.058000 0.016000