14 0.594500 0.451500 0.019000 0.017000
14 0.772500 0.652500 0.009000 0.017000
14 0.108500 0.744000 0.011000 0.018000
14 0.017500 0.867500 0.021000 0.007000
14 0.607500 0.876000 0.019000 0.008000
14 0.830500 0.612000 0.021000 0.008000
9 0.831500 0.630000 0.021000 0.008000
14 0.762000 0.652500 0.008000 0.017000
14 0.689500 0.651500 0.009000 0.017000
14 0.666000 0.651500 0.012000 0.019000
9 0.876500 0.220000 0.009000 0.016000
12 0.906500 0.473000 0.009000 0.020000
14 0.767000 0.177000 0.022000 0.016000
14 0.937000 0.250500 0.024000 0.011000
14 0.950500 0.265000 0.011000 0.018000
14 0.996000 0.266500 0.008000 0.017000
9 0.798500 0.620500 0.009000 0.017000
14 0.741000 0.607500 0.010000 0.019000
14 0.728000 0.606500 0.008000 0.019000
14 0.778000 0.608000 0.010000 0.018000
9 0.718000 0.607500 0.008000 0.017000
14 0.706500 0.605500 0.009000 0.017000
9 0.685000 0.606000 0.008000 0.018000
35 0.092000 0.527000 0.094000 0.108000
35 0.090500 0.148500 0.099000 0.091000
35 0.396500 0.047500 0.081000 0.083000
14 0.132500 0.278000 0.017000 0.008000
14 0.133000 0.268500 0.018000 0.009000
9 0.136000 0.807500 0.018000 0.009000
12 0.074000 0.882000 0.010000 0.020000
9 0.073500 0.904000 0.009000 0.018000
14 0.166500 0.911000 0.023000 0.008000
12 0.168500 0.901000 0.021000 0.008000
9 0.139500 0.901000 0.021000 0.008000
9 0.107500 0.867000 0.009000 0.018000
14 0.107500 0.933000 0.009000 0.020000
12 0.361500 0.907000 0.027000 0.008000
14 0.432500 0.589500 0.017000 0.015000
12 0.413500 0.707500 0.019000 0.007000
14 0.419000 0.717000 0.020000 0.010000
14 0.384000 0.680000 0.018000 0.008000
14 0.380000 0.696500 0.022000 0.007000
14 0.379000 0.707500 0.024000 0.009000
14 0.380000 0.661500 0.024000 0.007000
14 0.329500 0.683000 0.019000 0.008000
9 0.330000 0.672000 0.020000 0.008000
14 0.332000 0.662000 0.020000 0.008000
14 0.415000 0.742000 0.018000 0.008000
14 0.415000 0.752500 0.020000 0.007000
14 0.452000 0.716000 0.020000 0.014000
14 0.452000 0.748500 0.016000 0.017000
14 0.631000 0.876000 0.020000 0.010000
14 0.745500 0.823500 0.021000 0.019000
9 0.745500 0.873500 0.019000 0.009000
14 0.743000 0.883500 0.024000 0.009000
9 0.562500 0.979000 0.021000 0.010000
9 0.033500 0.982000 0.019000 0.008000
9 0.441500 0.915500 0.017000 0.007000
9 0.382000 0.931000 0.010000 0.018000
9 0.414500 0.936000 0.009000 0.016000
14 0.432500 0.857000 0.009000 0.018000
12 0.344000 0.877000 0.022000 0.008000
9 0.974500 0.979500 0.019000 0.009000
14 0.944500 0.979500 0.021000 0.009000
14 0.848500 0.981000 0.021000 0.008000
14 0.819500 0.980500 0.021000 0.007000
14 0.897000 0.553500 0.020000 0.009000
9 0.666500 0.511000 0.017000 0.008000
9 0.691000 0.512500 0.020000 0.009000
9 0.714000 0.513000 0.020000 0.008000
14 0.743000 0.514000 0.022000 0.008000
14 0.785500 0.514000 0.019000 0.008000
14 0.592000 0.366000 0.018000 0.016000
14 0.593000 0.413500 0.016000 0.015000
14 0.594000 0.427500 0.020000 0.017000
9 0.594500 0.440000 0.021000 0.018000
14 0.593000 0.485500 0.020000 0.017000
9 0.355000 0.208500 0.022000 0.009000
14 0.413500 0.238000 0.009000 0.018000
14 0.381000 0.347000 0.008000 0.016000
14 0.381500 0.389500 0.007000 0.019000
12 0.380000 0.445000 0.010000 0.022000
14 0.968500 0.031000 0.019000 0.008000
14 0.740500 0.059500 0.023000 0.007000
9 0.861000 0.302000 0.010000 0.020000
14 0.902000 0.302500 0.010000 0.017000
14 0.912000 0.303500 0.008000 0.017000
9 0.840500 0.301500 0.009000 0.017000
14 0.831000 0.301500 0.010000 0.017000
14 0.821000 0.305000 0.008000 0.016000
14 0.809500 0.302500 0.009000 0.017000
14 0.790500 0.302500 0.009000 0.017000
14 0.770500 0.306000 0.007000 0.012000
14 0.862500 0.351000 0.011000 0.014000
9 0.872500 0.349500 0.009000 0.017000
9 0.882000 0.349500 0.008000 0.017000
14 0.978000 0.219500 0.010000 0.017000
9 0.074000 0.452500 0.008000 0.017000
9 0.089500 0.517500 0.021000 0.009000
14 0.164000 0.519500 0.020000 0.007000
14 0.008000 0.501000 0.016000 0.008000
9 0.025000 0.706500 0.010000 0.017000
14 0.013000 0.706000 0.008000 0.016000
14 0.003000 0.705000 0.006000 0.018000
14 0.553000 0.081500 0.010000 0.017000
12 0.030000 0.037000 0.022000 0.010000
9 0.040500 0.868500 0.011000 0.007000
9 0.019000 0.409000 0.010000 0.018000
14 0.041500 0.414000 0.015000 0.018000
14 0.074500 0.347500 0.009000 0.017000
9 0.109000 0.231500 0.010000 0.017000
14 0.505000 0.652500 0.020000 0.007000
14 0.640000 0.598500 0.008000 0.015000
14 0.628000 0.598000 0.008000 0.018000
14 0.618000 0.598000 0.006000 0.014000
12 0.913500 0.418000 0.009000 0.018000
14 0.914000 0.393500 0.008000 0.015000