12 0.989167 0.493750 0.021667 0.022500
9 0.975000 0.471250 0.020000 0.017500
9 0.956667 0.439375 0.020000 0.021250
9 0.945833 0.419375 0.021667 0.023750
9 0.925833 0.388125 0.021667 0.023750
9 0.912500 0.365625 0.021667 0.023750
14 0.975833 0.360625 0.021667 0.021250
9 0.883333 0.315000 0.023333 0.025000
14 0.965833 0.219375 0.038333 0.016250
11 0.970000 0.235000 0.040000 0.022500
9 0.810833 0.143750 0.028333 0.025000
14 0.820833 0.099375 0.025000 0.026250
9 0.806667 0.076250 0.026667 0.025000
9 0.792500 0.048750 0.025000 0.025000
9 0.773333 0.017500 0.020000 0.025000
9 0.812500 0.854375 0.035000 0.011250
9 0.825000 0.863750 0.033333 0.015000
9 0.826667 0.876250 0.040000 0.017500
9 0.844167 0.896875 0.038333 0.016250
9 0.862500 0.943125 0.028333 0.013750
9 0.875000 0.953125 0.033333 0.016250
9 0.880000 0.963750 0.033333 0.017500
9 0.889167 0.973125 0.038333 0.018750
9 0.895000 0.985625 0.036667 0.018750
9 0.442500 0.820625 0.038333 0.018750
9 0.436667 0.810625 0.036667 0.018750
9 0.433333 0.799375 0.026667 0.013750
14 0.318333 0.799375 0.030000 0.026250
9 0.300833 0.805625 0.025000 0.023750
9 0.264167 0.808750 0.025000 0.027500
14 0.246667 0.812500 0.023333 0.025000
9 0.233333 0.888125 0.036667 0.016250
14 0.230000 0.876250 0.040000 0.017500
9 0.217500 0.853750 0.038333 0.020000
14 0.206667 0.843125 0.036667 0.016250
9 0.040833 0.455000 0.038333 0.017500
9 0.080000 0.447500 0.043333 0.017500
14 0.130833 0.435625 0.038333 0.018750
9 0.170000 0.425000 0.040000 0.015000
9 0.256667 0.391250 0.043333 0.017500
9 0.284167 0.400000 0.038333 0.017500
14 0.324167 0.390625 0.035000 0.016250
9 0.406667 0.371875 0.036667 0.016250
11 0.452500 0.348125 0.051667 0.021250
9 0.455833 0.360625 0.041667 0.016250
9 0.494167 0.352500 0.035000 0.015000
14 0.620833 0.323125 0.031667 0.016250
9 0.652500 0.315625 0.035000 0.013750
9 0.698333 0.305000 0.040000 0.020000
9 0.740833 0.293750 0.035000 0.015000
12 0.631667 0.387500 0.023333 0.025000
14 0.664167 0.406875 0.045000 0.021250
12 0.673333 0.421875 0.036667 0.013750
12 0.685833 0.443750 0.041667 0.020000
35 0.875833 0.246250 0.098333 0.077500
9 0.823333 0.258750 0.036667 0.010000
9 0.682500 0.295000 0.035000 0.017500
14 0.630000 0.283125 0.040000 0.016250
9 0.275000 0.076250 0.030000 0.027500
14 0.267500 0.098125 0.025000 0.028750
12 0.318333 0.352500 0.026667 0.015000
9 0.280833 0.361875 0.041667 0.016250
9 0.193333 0.381875 0.030000 0.016250
12 0.152500 0.389375 0.028333 0.018750
9 0.025000 0.440625 0.036667 0.016250
13 0.155000 0.025000 0.046667 0.030000