9 0.322500 0.007000 0.011000 0.014000
9 0.348000 0.042000 0.010000 0.018000
9 0.351500 0.122500 0.011000 0.019000
9 0.368500 0.198000 0.013000 0.020000
32 0.167500 0.158500 0.289000 0.317000
9 0.429000 0.310500 0.012000 0.019000
30 0.065000 0.587500 0.130000 0.167000
9 0.440000 0.784500 0.024000 0.013000
14 0.460500 0.823500 0.011000 0.017000
9 0.456500 0.866000 0.013000 0.020000
9 0.444500 0.869500 0.015000 0.021000
12 0.321500 0.886000 0.031000 0.016000
9 0.372500 0.781000 0.025000 0.010000
31 0.289500 0.818500 0.125000 0.067000
9 0.526500 0.945500 0.015000 0.021000
9 0.573000 0.947000 0.012000 0.020000
14 0.497000 0.819500 0.012000 0.019000
14 0.478000 0.740000 0.014000 0.022000
9 0.473500 0.715500 0.011000 0.019000
13 0.522000 0.718500 0.022000 0.037000
9 0.508000 0.657500 0.012000 0.017000
9 0.478500 0.596500 0.013000 0.019000
14 0.473500 0.506500 0.013000 0.019000
9 0.435000 0.491000 0.014000 0.022000
14 0.448000 0.468500 0.014000 0.019000
14 0.457500 0.438000 0.011000 0.018000
9 0.447000 0.386000 0.010000 0.018000
14 0.408500 0.375500 0.013000 0.019000
12 0.508000 0.011000 0.026000 0.014000
9 0.512500 0.040000 0.023000 0.012000
9 0.492500 0.127500 0.023000 0.011000
9 0.521500 0.125000 0.023000 0.010000
14 0.550500 0.120500 0.021000 0.011000
9 0.583000 0.127000 0.022000 0.010000
14 0.618500 0.112500 0.023000 0.011000
9 0.667500 0.127500 0.023000 0.011000
9 0.648500 0.108500 0.023000 0.011000
9 0.679000 0.105000 0.024000 0.010000
9 0.726000 0.042500 0.012000 0.019000
9 0.756500 0.021500 0.013000 0.019000
14 0.717500 0.011000 0.011000 0.018000
14 0.936000 0.072000 0.026000 0.012000
14 0.570000 0.267000 0.012000 0.016000
14 0.730000 0.215500 0.022000 0.009000
9 0.738000 0.244500 0.018000 0.019000
14 0.778000 0.270500 0.012000 0.019000
9 0.760000 0.187500 0.012000 0.017000
14 0.752000 0.154500 0.016000 0.019000
14 0.798000 0.210500 0.012000 0.017000
14 0.494500 0.350500 0.021000 0.009000
12 0.489000 0.398000 0.018000 0.018000
14 0.549000 0.387000 0.026000 0.010000
9 0.538000 0.402500 0.022000 0.011000
14 0.597000 0.441000 0.010000 0.018000
14 0.811000 0.416500 0.014000 0.019000
14 0.839000 0.390500 0.014000 0.021000
9 0.844000 0.411500 0.014000 0.019000
14 0.548500 0.510500 0.023000 0.009000
14 0.561000 0.566000 0.024000 0.012000
9 0.626500 0.556500 0.027000 0.013000
14 0.725000 0.589500 0.022000 0.013000
9 0.799500 0.563000 0.023000 0.008000
9 0.904500 0.519000 0.023000 0.010000
9 0.959500 0.514500 0.021000 0.009000
9 0.647500 0.651000 0.011000 0.020000
9 0.642500 0.666500 0.025000 0.011000
9 0.778500 0.705500 0.025000 0.009000
11 0.759000 0.717500 0.026000 0.013000
1 0.521500 0.395500 0.029000 0.013000
17 0.618000 0.349000 0.026000 0.024000
13 0.572500 0.391000 0.017000 0.024000
1 0.628500 0.540500 0.025000 0.021000
1 0.624500 0.565500 0.035000 0.015000
9 0.673500 0.779000 0.021000 0.012000
14 0.691500 0.833500 0.019000 0.009000
9 0.627500 0.838000 0.027000 0.012000
14 0.577000 0.840000 0.026000 0.010000
14 0.770000 0.748000 0.026000 0.010000
9 0.836500 0.738500 0.023000 0.011000
9 0.807000 0.724000 0.022000 0.010000
9 0.843500 0.720000 0.023000 0.010000
14 0.890500 0.759500 0.013000 0.019000
14 0.921000 0.743000 0.016000 0.018000
14 0.906500 0.835000 0.013000 0.020000
14 0.918000 0.885000 0.010000 0.016000
9 0.955500 0.913500 0.013000 0.019000
9 0.927000 0.920500 0.012000 0.019000
9 0.873000 0.874000 0.020000 0.010000
9 0.871000 0.863500 0.024000 0.011000
12 0.660000 0.953500 0.026000 0.011000
14 0.699000 0.949000 0.026000 0.012000
14 0.715000 0.939500 0.022000 0.011000
9 0.972000 0.978500 0.016000 0.021000
9 0.984500 0.890000 0.031000 0.014000
14 0.981000 0.667000 0.022000 0.010000
9 0.958000 0.259000 0.022000 0.012000
35 0.758000 0.107500 0.082000 0.055000
9 0.557000 0.398000 0.016000 0.008000
9 0.789000 0.170000 0.012000 0.016000
9 0.927500 0.518500 0.021000 0.011000