35 0.588750 0.186667 0.052500 0.090000
14 0.726875 0.461667 0.016250 0.016667
14 0.716250 0.492500 0.025000 0.015000
14 0.678125 0.491667 0.021250 0.010000
14 0.963750 0.198333 0.025000 0.013333
14 0.970000 0.179167 0.022500 0.011667
14 0.849375 0.145000 0.023750 0.010000
12 0.800000 0.205000 0.030000 0.013333
14 0.741875 0.152500 0.026250 0.011667
14 0.458750 0.164167 0.022500 0.011667
14 0.446875 0.189167 0.021250 0.031667
14 0.388750 0.223333 0.020000 0.010000
14 0.383750 0.204167 0.022500 0.011667
9 0.350000 0.225833 0.027500 0.011667
14 0.237500 0.230833 0.022500 0.011667
9 0.200625 0.233333 0.021250 0.010000
14 0.170000 0.233333 0.017500 0.010000
14 0.380000 0.166667 0.025000 0.010000
9 0.340625 0.169167 0.031250 0.011667
14 0.309375 0.170833 0.023750 0.011667
14 0.268125 0.172500 0.028750 0.015000
9 0.247500 0.195833 0.030000 0.011667
14 0.225000 0.181667 0.025000 0.020000
14 0.193750 0.177500 0.025000 0.011667
9 0.158125 0.178333 0.026250 0.010000
14 0.128125 0.179167 0.023750 0.008333
14 0.086250 0.180833 0.030000 0.011667
9 0.605000 0.933333 0.022500 0.026667
35 0.608750 0.510833 0.075000 0.071667
11 0.586250 0.434167 0.017500 0.035000
10 0.603125 0.831667 0.016250 0.056667
14 0.092500 0.659167 0.010000 0.021667
14 0.113125 0.660833 0.011250 0.021667
9 0.137500 0.659167 0.010000 0.025000
14 0.154375 0.660833 0.011250 0.021667
9 0.183750 0.658333 0.010000 0.026667
14 0.228750 0.656667 0.010000 0.023333
9 0.259375 0.652500 0.011250 0.025000
14 0.408125 0.654167 0.031250 0.015000
9 0.433750 0.646667 0.010000 0.020000
14 0.500000 0.590000 0.027500 0.010000
14 0.198125 0.583333 0.013750 0.033333
9 0.150000 0.583333 0.012500 0.026667
14 0.136250 0.584167 0.010000 0.021667
14 0.118750 0.584167 0.012500 0.028333
14 0.103750 0.583333 0.012500 0.026667
9 0.089375 0.586667 0.011250 0.023333
9 0.722500 0.559167 0.010000 0.025000
9 0.754375 0.556667 0.013750 0.030000
9 0.965625 0.623333 0.011250 0.026667
13 0.929375 0.812500 0.008750 0.018333
9 0.862500 0.806667 0.010000 0.023333
9 0.846875 0.808333 0.011250 0.023333
14 0.811250 0.807500 0.007500 0.021667
14 0.795000 0.809167 0.007500 0.021667
14 0.780000 0.806667 0.007500 0.023333
14 0.763125 0.810000 0.008750 0.020000
9 0.728750 0.811667 0.010000 0.026667
19 0.985625 0.452500 0.011250 0.028333
14 0.961875 0.441667 0.023750 0.010000
14 0.963125 0.426667 0.026250 0.013333
14 0.966875 0.411667 0.021250 0.010000
9 0.931875 0.457500 0.023750 0.018333
14 0.930625 0.421667 0.028750 0.026667
14 0.875000 0.440833 0.030000 0.028333
14 0.924375 0.348333 0.026250 0.026667
9 0.916250 0.309167 0.022500 0.025000
9 0.241250 0.270833 0.012500 0.028333
9 0.195000 0.274167 0.010000 0.025000
9 0.181250 0.274167 0.012500 0.028333
9 0.165625 0.271667 0.011250 0.026667
13 0.150625 0.275833 0.008750 0.018333
9 0.136250 0.275833 0.010000 0.021667
14 0.121875 0.280833 0.008750 0.021667
14 0.110625 0.345833 0.011250 0.025000
9 0.127500 0.347500 0.010000 0.021667
9 0.144375 0.346667 0.008750 0.023333
9 0.175000 0.342500 0.010000 0.025000
9 0.205000 0.342500 0.010000 0.025000
9 0.526875 0.043333 0.013750 0.026667
35 0.614375 0.706667 0.086250 0.053333
13 0.876875 0.805000 0.013750 0.026667