11 0.751000 0.598500 0.020000 0.021000
13 0.742500 0.570500 0.021000 0.023000
11 0.730000 0.618500 0.018000 0.021000
13 0.764000 0.473000 0.056000 0.068000
13 0.784000 0.397000 0.034000 0.042000
13 0.779500 0.375000 0.037000 0.046000
13 0.733000 0.477500 0.042000 0.045000
13 0.717000 0.467000 0.034000 0.044000
13 0.730000 0.404000 0.032000 0.038000
11 0.947000 0.261000 0.044000 0.058000
11 0.943000 0.363000 0.016000 0.020000
13 0.760000 0.362000 0.036000 0.044000
11 0.751500 0.155500 0.013000 0.015000
11 0.768500 0.163500 0.013000 0.015000
13 0.739500 0.205000 0.017000 0.018000
13 0.683500 0.241500 0.027000 0.031000
13 0.645000 0.229500 0.026000 0.029000
13 0.768500 0.128500 0.035000 0.045000
13 0.600500 0.201500 0.023000 0.027000
12 0.557500 0.181500 0.021000 0.025000
18 0.570000 0.298500 0.026000 0.033000
18 0.552500 0.326500 0.029000 0.035000
18 0.533000 0.355000 0.030000 0.036000
18 0.511500 0.385000 0.027000 0.034000
18 0.501000 0.374000 0.032000 0.040000
18 0.526500 0.336500 0.033000 0.041000
18 0.548500 0.303000 0.029000 0.036000
18 0.537500 0.293500 0.035000 0.043000
18 0.513000 0.331500 0.034000 0.043000
18 0.486500 0.368500 0.033000 0.041000
18 0.474000 0.362000 0.034000 0.042000
18 0.499000 0.325000 0.034000 0.042000
18 0.522000 0.290000 0.034000 0.042000
11 0.498000 0.301000 0.022000 0.026000
18 0.482500 0.323500 0.021000 0.023000
18 0.469000 0.344000 0.020000 0.024000
18 0.454000 0.365500 0.022000 0.025000
18 0.444000 0.357000 0.024000 0.030000
18 0.459000 0.334000 0.024000 0.028000
18 0.474500 0.312500 0.025000 0.029000
18 0.488000 0.289500 0.024000 0.027000
18 0.431500 0.350000 0.029000 0.032000
18 0.454000 0.317500 0.026000 0.031000
18 0.469000 0.292000 0.026000 0.030000
18 0.486500 0.266000 0.027000 0.032000
18 0.431000 0.320000 0.024000 0.028000
18 0.415000 0.345000 0.026000 0.030000
18 0.403000 0.337000 0.026000 0.032000
18 0.421500 0.308500 0.027000 0.033000
18 0.442500 0.278500 0.029000 0.035000
18 0.440000 0.257500 0.030000 0.037000
18 0.416000 0.292500 0.032000 0.039000
18 0.392500 0.328000 0.031000 0.038000
18 0.401000 0.289000 0.026000 0.034000
18 0.380000 0.321500 0.032000 0.039000
18 0.395500 0.277000 0.017000 0.020000
11 0.385500 0.292500 0.019000 0.021000
11 0.374000 0.308000 0.018000 0.020000
11 0.362500 0.324000 0.017000 0.020000
18 0.351500 0.317000 0.021000 0.024000
18 0.365000 0.297500 0.020000 0.023000
18 0.377500 0.279500 0.019000 0.021000
18 0.390000 0.260500 0.022000 0.025000
18 0.358500 0.282500 0.025000 0.029000
18 0.341000 0.308500 0.026000 0.031000
18 0.343000 0.282500 0.020000 0.023000
18 0.329000 0.304500 0.024000 0.029000
18 0.365000 0.227500 0.022000 0.027000
18 0.350000 0.250000 0.022000 0.026000
18 0.334000 0.273000 0.026000 0.032000
18 0.317500 0.299000 0.025000 0.030000
18 0.309500 0.287000 0.033000 0.042000
18 0.334000 0.252000 0.030000 0.038000
18 0.358000 0.216500 0.028000 0.035000
18 0.341500 0.216500 0.027000 0.033000
18 0.315000 0.256500 0.026000 0.033000
18 0.295000 0.287500 0.026000 0.033000
18 0.285500 0.276500 0.031000 0.041000
18 0.309000 0.241000 0.032000 0.040000
18 0.332500 0.205500 0.033000 0.041000
18 0.153500 0.307500 0.031000 0.037000
18 0.131000 0.338000 0.030000 0.036000
18 0.129500 0.365000 0.027000 0.032000
18 0.110500 0.392500 0.027000 0.031000
18 0.099000 0.382500 0.030000 0.037000
18 0.085000 0.374500 0.032000 0.039000
18 0.109000 0.340000 0.034000 0.042000
18 0.134500 0.304500 0.035000 0.041000
18 0.119500 0.299500 0.033000 0.041000
18 0.093500 0.336500 0.033000 0.041000
18 0.070500 0.371000 0.029000 0.036000
18 0.102500 0.298500 0.033000 0.041000
18 0.090000 0.289500 0.032000 0.039000
18 0.065500 0.324000 0.035000 0.040000
18 0.078000 0.331500 0.032000 0.039000
18 0.042000 0.356500 0.032000 0.039000
18 0.056000 0.364000 0.030000 0.038000
18 0.042000 0.315500 0.026000 0.031000
18 0.021500 0.346500 0.035000 0.041000
13 0.044000 0.236000 0.018000 0.022000
14 0.016500 0.218000 0.017000 0.018000
13 0.021000 0.245000 0.014000 0.016000
11 0.022500 0.267000 0.035000 0.044000
17 0.978000 0.394000 0.042000 0.056000
17 0.966000 0.388000 0.042000 0.056000
13 0.958000 0.372500 0.028000 0.035000
13 0.929500 0.381000 0.015000 0.016000
11 0.910500 0.341000 0.021000 0.024000
11 0.937000 0.117000 0.066000 0.040000
14 0.412000 0.009500 0.012000 0.011000
14 0.374000 0.034000 0.022000 0.016000
14 0.369000 0.042000 0.020000 0.016000
14 0.364500 0.050000 0.021000 0.016000
14 0.357500 0.058500 0.021000 0.015000
11 0.201500 0.096000 0.049000 0.032000
11 0.073500 0.049500 0.047000 0.031000
13 0.281000 0.043000 0.032000 0.042000
11 0.013000 0.018000 0.020000 0.022000
11 0.024000 0.022000 0.020000 0.022000
11 0.034000 0.028000 0.020000 0.024000
13 0.157500 0.068500 0.049000 0.029000
13 0.177000 0.064000 0.028000 0.020000
13 0.196500 0.082000 0.027000 0.018000
11 0.245000 0.090000 0.022000 0.026000
11 0.258000 0.069000 0.020000 0.024000
11 0.258000 0.026000 0.032000 0.044000
11 0.782500 0.301000 0.023000 0.016000
11 0.806000 0.310500 0.022000 0.015000
11 0.836500 0.325000 0.021000 0.014000
11 0.859000 0.335500 0.020000 0.013000
18 0.835500 0.315500 0.025000 0.017000
18 0.840500 0.306500 0.025000 0.015000
18 0.843000 0.297500 0.024000 0.015000
18 0.848000 0.289500 0.024000 0.017000
18 0.854500 0.281000 0.025000 0.020000
18 0.861500 0.327000 0.025000 0.016000
18 0.866500 0.319000 0.025000 0.016000
18 0.867500 0.308500 0.027000 0.017000
18 0.874500 0.301000 0.027000 0.018000
12 0.880500 0.293000 0.025000 0.018000
18 0.861000 0.271500 0.024000 0.017000
18 0.867000 0.264000 0.026000 0.016000
11 0.872000 0.256000 0.024000 0.016000
11 0.883000 0.240000 0.022000 0.014000
11 0.906500 0.249000 0.023000 0.016000
11 0.897000 0.266500 0.022000 0.015000
18 0.893500 0.276000 0.027000 0.018000
18 0.886500 0.284500 0.027000 0.021000
11 0.828000 0.243000 0.048000 0.028000
13 0.853500 0.201000 0.031000 0.024000
13 0.915500 0.213000 0.029000 0.020000
13 0.871000 0.178500 0.048000 0.029000
13 0.876000 0.170000 0.046000 0.028000
13 0.881000 0.162500 0.048000 0.029000
13 0.886000 0.154500 0.048000 0.029000
13 0.926500 0.192000 0.047000 0.028000
13 0.930500 0.184000 0.047000 0.028000
13 0.935500 0.176000 0.047000 0.028000
11 0.732000 0.065500 0.012000 0.011000
11 0.794500 0.091500 0.013000 0.007000
12 0.800500 0.111500 0.017000 0.015000
14 0.958500 0.043000 0.021000 0.014000
14 0.379500 0.583500 0.015000 0.017000
14 0.404500 0.596000 0.013000 0.016000
9 0.418000 0.603000 0.016000 0.018000
11 0.428500 0.609500 0.021000 0.025000
12 0.481500 0.632000 0.023000 0.010000
14 0.509000 0.631500 0.012000 0.005000
13 0.750000 0.332000 0.014000 0.016000
13 0.744500 0.329000 0.011000 0.014000
13 0.739500 0.327000 0.013000 0.016000
13 0.735500 0.325500 0.011000 0.015000
13 0.740000 0.346500 0.014000 0.017000
13 0.733500 0.343500 0.013000 0.015000
13 0.728000 0.341500 0.012000 0.015000
13 0.719500 0.337500 0.013000 0.017000
13 0.728000 0.369000 0.018000 0.024000
13 0.723500 0.366500 0.017000 0.025000
13 0.716500 0.364000 0.019000 0.026000
13 0.710000 0.361000 0.018000 0.026000
13 0.702000 0.358000 0.020000 0.026000
13 0.710000 0.333000 0.016000 0.018000
13 0.694500 0.354000 0.019000 0.024000
13 0.709500 0.387000 0.013000 0.014000
13 0.699500 0.399000 0.013000 0.016000
13 0.702500 0.383500 0.013000 0.015000
13 0.692500 0.396000 0.011000 0.014000
13 0.686500 0.393500 0.011000 0.013000
13 0.680500 0.389500 0.011000 0.013000
13 0.696000 0.380000 0.012000 0.014000
13 0.688500 0.377000 0.011000 0.014000
13 0.681500 0.374500 0.011000 0.015000
13 0.687000 0.351500 0.018000 0.025000
13 0.680000 0.350000 0.018000 0.024000
13 0.674000 0.346000 0.018000 0.024000
18 0.682500 0.411500 0.021000 0.025000
18 0.673000 0.404500 0.018000 0.021000
18 0.667000 0.395000 0.024000 0.030000
18 0.665000 0.419500 0.012000 0.015000
18 0.658000 0.417500 0.012000 0.015000
18 0.650500 0.418000 0.015000 0.020000
18 0.645000 0.415000 0.014000 0.020000
18 0.637000 0.441000 0.020000 0.026000
13 0.585500 0.194000 0.023000 0.024000
13 0.878000 0.075500 0.048000 0.029000
13 0.884000 0.066500 0.048000 0.029000
13 0.934500 0.096500 0.071000 0.047000
13 0.778000 0.028000 0.074000 0.048000