9 0.715500 0.923500 0.027000 0.013000
9 0.721500 0.917000 0.027000 0.014000
9 0.724500 0.909000 0.025000 0.012000
14 0.725500 0.897500 0.021000 0.011000
9 0.720000 0.889000 0.022000 0.016000
9 0.713500 0.882000 0.023000 0.018000
9 0.706000 0.876000 0.022000 0.018000
12 0.697000 0.870500 0.024000 0.021000
9 0.692000 0.863500 0.022000 0.017000
9 0.686500 0.857000 0.021000 0.018000
14 0.680000 0.849000 0.020000 0.016000
9 0.672500 0.841500 0.021000 0.017000
9 0.553500 0.880000 0.023000 0.016000
12 0.601500 0.856500 0.023000 0.025000
9 0.613500 0.852500 0.019000 0.021000
12 0.621500 0.843000 0.023000 0.024000
12 0.563000 0.657000 0.026000 0.028000
12 0.425500 0.832500 0.043000 0.045000
12 0.443500 0.826500 0.025000 0.029000
9 0.297500 0.802000 0.021000 0.014000
9 0.317500 0.797500 0.023000 0.013000
14 0.240000 0.808000 0.028000 0.020000
9 0.288500 0.775500 0.023000 0.025000
9 0.248000 0.736000 0.022000 0.022000
14 0.258500 0.728000 0.017000 0.018000
9 0.272000 0.721000 0.022000 0.022000
9 0.551500 0.725500 0.023000 0.021000
12 0.530000 0.719500 0.038000 0.025000
9 0.524500 0.669500 0.027000 0.031000
12 0.545500 0.694500 0.023000 0.025000
9 0.480500 0.647000 0.021000 0.018000
9 0.377500 0.671000 0.021000 0.022000
14 0.326500 0.604500 0.017000 0.019000
14 0.337000 0.599500 0.016000 0.017000
14 0.347000 0.593500 0.016000 0.019000
9 0.680000 0.773500 0.020000 0.021000
9 0.603500 0.698500 0.019000 0.021000
9 0.618500 0.715500 0.021000 0.023000
12 0.653000 0.747500 0.026000 0.025000
9 0.987500 0.705500 0.023000 0.019000
9 0.980000 0.699500 0.022000 0.019000
12 0.974000 0.691500 0.024000 0.019000
9 0.959000 0.676500 0.022000 0.019000
12 0.985500 0.663000 0.027000 0.020000
32 0.978000 0.655000 0.026000 0.022000
9 0.970000 0.645000 0.026000 0.022000
12 0.705500 0.776000 0.021000 0.026000
12 0.603500 0.673000 0.025000 0.020000
12 0.598000 0.664000 0.028000 0.022000
12 0.588500 0.657500 0.025000 0.021000
9 0.571500 0.640500 0.023000 0.019000
12 0.565000 0.632000 0.026000 0.020000
12 0.560500 0.621500 0.027000 0.021000
12 0.533500 0.560500 0.025000 0.029000
12 0.569500 0.562000 0.027000 0.028000
12 0.585500 0.558000 0.023000 0.026000
12 0.595500 0.545500 0.031000 0.039000
12 0.515000 0.536500 0.030000 0.033000
12 0.535000 0.537500 0.026000 0.029000
11 0.548500 0.530000 0.025000 0.026000
12 0.562500 0.523000 0.021000 0.024000
12 0.575500 0.517500 0.023000 0.027000
9 0.527000 0.462500 0.018000 0.019000
14 0.477500 0.489500 0.017000 0.023000
12 0.765500 0.426000 0.029000 0.030000
12 0.747000 0.435500 0.024000 0.027000
12 0.675500 0.446000 0.025000 0.020000
12 0.662500 0.425500 0.027000 0.019000
12 0.656500 0.389000 0.021000 0.024000
12 0.699500 0.396500 0.023000 0.025000
12 0.786500 0.314000 0.031000 0.034000
12 0.773500 0.321500 0.031000 0.033000
12 0.761000 0.328000 0.036000 0.036000
12 0.750000 0.336000 0.036000 0.036000
17 0.797000 0.302500 0.040000 0.043000
12 0.998000 0.549000 0.004000 0.012000
12 0.986000 0.524500 0.028000 0.011000
12 0.978000 0.512500 0.028000 0.011000
12 0.962500 0.497000 0.029000 0.012000
12 0.947000 0.480500 0.030000 0.013000
12 0.931500 0.469000 0.029000 0.014000
12 0.926500 0.458500 0.029000 0.013000
12 0.914000 0.448000 0.028000 0.012000
12 0.907500 0.436500 0.031000 0.013000
9 0.953000 0.398500 0.022000 0.017000
9 0.943000 0.391000 0.022000 0.020000
11 0.932500 0.365500 0.029000 0.023000
9 0.915500 0.361000 0.021000 0.018000
9 0.908500 0.352500 0.021000 0.019000
9 0.898000 0.339000 0.022000 0.018000
9 0.885000 0.324500 0.022000 0.017000
9 0.872000 0.312500 0.016000 0.015000
9 0.859500 0.296000 0.023000 0.018000
14 0.843000 0.282500 0.018000 0.015000
9 0.836000 0.275000 0.020000 0.018000
9 0.968000 0.340500 0.020000 0.015000
9 0.961000 0.334000 0.022000 0.018000
9 0.954000 0.326500 0.024000 0.019000
9 0.950000 0.318000 0.018000 0.016000
9 0.929000 0.295500 0.020000 0.017000
14 0.924500 0.287000 0.023000 0.018000
9 0.873500 0.075000 0.021000 0.020000
9 0.861000 0.081000 0.020000 0.020000
9 0.847500 0.091500 0.019000 0.019000
9 0.835000 0.096000 0.018000 0.018000
14 0.822500 0.101500 0.019000 0.019000
9 0.839500 0.013000 0.017000 0.018000
14 0.827000 0.018000 0.018000 0.018000
9 0.816000 0.023500 0.018000 0.019000
9 0.802000 0.034500 0.020000 0.021000
9 0.790500 0.040500 0.021000 0.021000
9 0.781000 0.044000 0.022000 0.022000
9 0.745000 0.091000 0.022000 0.016000
14 0.732500 0.074500 0.025000 0.021000
14 0.635000 0.185500 0.022000 0.013000
14 0.599000 0.180500 0.018000 0.021000
9 0.575500 0.184500 0.019000 0.021000
14 0.576000 0.215500 0.020000 0.017000
9 0.587500 0.227500 0.023000 0.019000
9 0.193500 0.524500 0.021000 0.017000
9 0.129500 0.521500 0.023000 0.019000
9 0.027500 0.547000 0.019000 0.016000
9 0.074500 0.522500 0.025000 0.019000
9 0.104500 0.506500 0.021000 0.017000
9 0.197500 0.459000 0.019000 0.016000
9 0.229000 0.443500 0.022000 0.017000
9 0.255000 0.429000 0.022000 0.016000
9 0.292500 0.408000 0.027000 0.022000
9 0.477500 0.328500 0.021000 0.017000
12 0.521500 0.291500 0.029000 0.021000
14 0.559500 0.270500 0.023000 0.017000
9 0.586000 0.257000 0.022000 0.018000
9 0.731000 0.195500 0.022000 0.017000
9 0.851500 0.164500 0.025000 0.015000
14 0.911000 0.275000 0.018000 0.014000
9 0.878000 0.250000 0.022000 0.020000
14 0.991500 0.329500 0.017000 0.017000
9 0.986000 0.321000 0.020000 0.018000
9 0.981000 0.313000 0.022000 0.018000
9 0.976500 0.306000 0.023000 0.018000
9 0.966000 0.298500 0.020000 0.017000
9 0.959500 0.290000 0.021000 0.018000
14 0.952500 0.283500 0.021000 0.017000
9 0.931000 0.260500 0.020000 0.017000
12 0.969000 0.261000 0.026000 0.026000
9 0.661000 0.853500 0.020000 0.021000
14 0.652000 0.857000 0.016000 0.018000
14 0.639500 0.859000 0.013000 0.014000
9 0.625500 0.869000 0.019000 0.018000
9 0.633000 0.865500 0.018000 0.019000
9 0.664500 0.871000 0.019000 0.020000
9 0.656500 0.876500 0.019000 0.019000
12 0.646000 0.879500 0.018000 0.019000
9 0.662500 0.894500 0.023000 0.023000
9 0.608500 0.877000 0.019000 0.020000
14 0.623500 0.891000 0.019000 0.018000
9 0.638000 0.903500 0.020000 0.019000
9 0.596000 0.886500 0.022000 0.017000
9 0.600500 0.893000 0.023000 0.016000
9 0.607500 0.899000 0.019000 0.014000
9 0.611000 0.906000 0.022000 0.018000
9 0.618500 0.912500 0.023000 0.017000
14 0.624000 0.918500 0.020000 0.015000
9 0.628500 0.924000 0.021000 0.016000
11 0.632000 0.939000 0.020000 0.022000
9 0.666500 0.952000 0.015000 0.018000
9 0.686500 0.964500 0.019000 0.017000
9 0.671500 0.977000 0.019000 0.018000
9 0.517500 0.933500 0.021000 0.015000
9 0.513000 0.925500 0.020000 0.017000
9 0.508500 0.919500 0.021000 0.015000
9 0.505000 0.912000 0.020000 0.016000
9 0.481000 0.925000 0.016000 0.020000
9 0.532500 0.951000 0.023000 0.018000
14 0.422000 0.902000 0.016000 0.020000
14 0.427500 0.929500 0.021000 0.015000
14 0.437000 0.937000 0.018000 0.014000
9 0.482000 0.990000 0.020000 0.020000
9 0.871000 0.904500 0.016000 0.019000
12 0.850500 0.922000 0.027000 0.024000
12 0.862000 0.938000 0.024000 0.022000
9 0.817000 0.972500 0.020000 0.019000
9 0.797000 0.958500 0.022000 0.021000
14 0.467000 0.961500 0.020000 0.015000
14 0.490500 0.907000 0.023000 0.018000
9 0.399000 0.904500 0.012000 0.017000
9 0.385000 0.907500 0.008000 0.013000
14 0.295000 0.866500 0.016000 0.019000
9 0.277500 0.855000 0.015000 0.020000
14 0.268000 0.894000 0.022000 0.010000
9 0.263500 0.882500 0.021000 0.013000
14 0.309000 0.887500 0.018000 0.023000
14 0.406500 0.939500 0.023000 0.017000
9 0.400500 0.932500 0.025000 0.019000
9 0.394500 0.925500 0.019000 0.015000
12 0.419000 0.954500 0.026000 0.019000
14 0.393000 0.966500 0.020000 0.015000
14 0.356000 0.982000 0.020000 0.014000
9 0.355000 0.992000 0.022000 0.016000
12 0.336500 0.979500 0.031000 0.021000
9 0.337000 0.989000 0.022000 0.016000
1 0.318500 0.972000 0.029000 0.018000
12 0.311500 0.990500 0.027000 0.019000
9 0.294000 0.985000 0.022000 0.012000
12 0.242000 0.944000 0.028000 0.016000
14 0.159000 0.939500 0.026000 0.013000
14 0.128000 0.949000 0.030000 0.016000
14 0.155000 0.991500 0.022000 0.013000
12 0.041500 0.846500 0.019000 0.023000
9 0.027500 0.879500 0.017000 0.021000
9 0.020500 0.861000 0.015000 0.020000
30 0.069000 0.333500 0.138000 0.225000
33 0.481500 0.203000 0.103000 0.104000
11 0.645000 0.894000 0.042000 0.040000
12 0.558500 0.823500 0.031000 0.021000
14 0.272000 0.990500 0.022000 0.013000
13 0.516500 0.563500 0.021000 0.025000
17 0.506500 0.546500 0.017000 0.019000
12 0.489000 0.546500 0.020000 0.021000
12 0.623000 0.628500 0.022000 0.023000
12 0.649000 0.618500 0.020000 0.021000