20 0.936500 0.113500 0.089000 0.085000
22 0.941000 0.235500 0.080000 0.079000
29 0.948000 0.337000 0.068000 0.062000
22 0.950500 0.426500 0.071000 0.077000
20 0.737000 0.149500 0.096000 0.101000
22 0.741500 0.249500 0.081000 0.077000
21 0.742000 0.341000 0.094000 0.084000
20 0.746000 0.431500 0.090000 0.083000
20 0.751000 0.523500 0.090000 0.083000
20 0.507500 0.537000 0.089000 0.084000
22 0.500500 0.445000 0.073000 0.078000
22 0.499500 0.354500 0.071000 0.077000
22 0.494000 0.253500 0.082000 0.079000
29 0.493000 0.143500 0.090000 0.085000
22 0.487000 0.037500 0.082000 0.075000
22 0.326500 0.540500 0.085000 0.081000
20 0.314500 0.448500 0.091000 0.085000
29 0.316500 0.357500 0.069000 0.061000
22 0.307500 0.267000 0.081000 0.078000
22 0.302500 0.084000 0.081000 0.078000
29 0.015500 0.224500 0.031000 0.045000
29 0.017500 0.277000 0.035000 0.044000
25 0.026000 0.446000 0.046000 0.046000
29 0.350000 0.871000 0.044000 0.058000