9 0.949000 0.824000 0.012000 0.020000
33 0.798500 0.384000 0.055000 0.082000
33 0.861500 0.387500 0.055000 0.083000
33 0.725500 0.378500 0.055000 0.083000
33 0.527000 0.367000 0.056000 0.084000
33 0.590500 0.370000 0.057000 0.082000
9 0.985000 0.825000 0.012000 0.022000
33 0.661000 0.375000 0.056000 0.084000
12 0.748500 0.600500 0.011000 0.021000
15 0.786000 0.593500 0.012000 0.029000
15 0.770500 0.590000 0.013000 0.038000
30 0.777500 0.034500 0.141000 0.069000
18 0.717500 0.253500 0.063000 0.013000
13 0.829500 0.256000 0.021000 0.010000
11 0.979000 0.533000 0.042000 0.014000
11 0.986500 0.556000 0.027000 0.012000
11 0.965500 0.579500 0.059000 0.015000
11 0.962500 0.590500 0.059000 0.013000
11 0.958500 0.602500 0.059000 0.015000
11 0.956500 0.614500 0.059000 0.013000
11 0.957000 0.627500 0.048000 0.013000
10 0.842500 0.508000 0.057000 0.016000
10 0.844000 0.521000 0.058000 0.012000
10 0.840500 0.534500 0.057000 0.015000
11 0.838500 0.545000 0.059000 0.014000
11 0.830500 0.557500 0.061000 0.013000
11 0.822500 0.570000 0.057000 0.014000
11 0.823000 0.581000 0.056000 0.014000
11 0.822500 0.594000 0.057000 0.014000
11 0.824500 0.606500 0.057000 0.013000
11 0.820500 0.618000 0.055000 0.016000
11 0.819000 0.629500 0.058000 0.013000
11 0.817500 0.642500 0.061000 0.015000
11 0.817000 0.654500 0.058000 0.015000
11 0.812000 0.668500 0.060000 0.015000
11 0.814500 0.684000 0.059000 0.016000
11 0.756500 0.638000 0.057000 0.016000
11 0.755500 0.648000 0.047000 0.012000
11 0.755000 0.658000 0.056000 0.014000
11 0.753500 0.679500 0.055000 0.011000
14 0.936500 0.648000 0.015000 0.022000
14 0.957000 0.650000 0.020000 0.024000
14 0.972500 0.650500 0.021000 0.023000
14 0.986500 0.652500 0.019000 0.023000
11 0.947500 0.683000 0.049000 0.010000
12 0.724000 0.570000 0.010000 0.016000
14 0.732500 0.515000 0.009000 0.016000
12 0.699000 0.503000 0.012000 0.022000
9 0.622500 0.752000 0.015000 0.018000
9 0.536000 0.725500 0.016000 0.019000
9 0.219000 0.581000 0.010000 0.018000