14 0.489500 0.006500 0.015000 0.013000
14 0.559000 0.036000 0.016000 0.018000
12 0.606500 0.062000 0.023000 0.020000
9 0.662000 0.115500 0.020000 0.019000
9 0.676500 0.130000 0.017000 0.018000
9 0.685000 0.136500 0.018000 0.017000
14 0.754500 0.176000 0.015000 0.014000
9 0.725000 0.250500 0.020000 0.019000
14 0.416000 0.069500 0.018000 0.017000
14 0.404500 0.062000 0.021000 0.020000
12 0.347500 0.081500 0.019000 0.019000
12 0.355000 0.089500 0.020000 0.019000
9 0.361500 0.100500 0.019000 0.019000
14 0.493000 0.214500 0.018000 0.017000
9 0.516000 0.235000 0.016000 0.018000
14 0.560000 0.275000 0.016000 0.016000
9 0.577500 0.291000 0.019000 0.018000
14 0.899500 0.675000 0.015000 0.016000
12 0.871000 0.861500 0.022000 0.019000
14 0.015000 0.993000 0.016000 0.014000
9 0.071500 0.988500 0.017000 0.011000
12 0.232500 0.982500 0.023000 0.019000
12 0.259000 0.954000 0.022000 0.022000
14 0.329500 0.877500 0.019000 0.019000
9 0.045500 0.030500 0.017000 0.015000
14 0.122500 0.048000 0.017000 0.014000
14 0.089500 0.080500 0.019000 0.017000
14 0.156500 0.082500 0.017000 0.015000
9 0.190500 0.157000 0.019000 0.018000
12 0.006500 0.246500 0.013000 0.021000
9 0.019000 0.352000 0.020000 0.018000
1 0.031500 0.362000 0.023000 0.024000
1 0.059000 0.366000 0.026000 0.024000
16 0.097500 0.316500 0.023000 0.023000
14 0.277000 0.333000 0.016000 0.016000
14 0.285500 0.326000 0.019000 0.018000
9 0.338000 0.327500 0.018000 0.015000
14 0.367000 0.355000 0.020000 0.020000
14 0.442500 0.423000 0.017000 0.016000
12 0.552000 0.458500 0.018000 0.017000
14 0.654000 0.579000 0.022000 0.022000
14 0.638000 0.592500 0.022000 0.019000
14 0.563500 0.593500 0.023000 0.021000
14 0.593500 0.633500 0.019000 0.019000
14 0.516500 0.632000 0.019000 0.018000
12 0.512000 0.690500 0.026000 0.019000
14 0.216500 0.493000 0.017000 0.016000
14 0.198500 0.475000 0.017000 0.016000
14 0.161500 0.564500 0.021000 0.019000
14 0.186500 0.586500 0.021000 0.021000
14 0.195500 0.592500 0.021000 0.021000
14 0.203000 0.598500 0.020000 0.019000
14 0.209000 0.606000 0.022000 0.020000
14 0.219000 0.611000 0.020000 0.018000
14 0.234500 0.623500 0.019000 0.019000
14 0.242500 0.629500 0.021000 0.019000
14 0.266500 0.648500 0.019000 0.019000
12 0.273500 0.658000 0.023000 0.022000
14 0.301000 0.675000 0.016000 0.016000
12 0.316000 0.688000 0.018000 0.018000
12 0.330000 0.703000 0.024000 0.022000
14 0.353000 0.721000 0.020000 0.020000
14 0.361500 0.727500 0.021000 0.021000
12 0.424000 0.780000 0.020000 0.020000
12 0.400000 0.759000 0.022000 0.022000
14 0.390000 0.755500 0.016000 0.015000
14 0.384500 0.745500 0.017000 0.017000
12 0.296000 0.750500 0.022000 0.021000
12 0.303500 0.758000 0.021000 0.020000
9 0.311000 0.765500 0.018000 0.017000
12 0.318500 0.772000 0.021000 0.020000
14 0.328000 0.777000 0.018000 0.018000
14 0.350000 0.795500 0.022000 0.021000
14 0.279500 0.765500 0.015000 0.015000
14 0.296500 0.778500 0.017000 0.017000
14 0.299500 0.788500 0.017000 0.017000
9 0.317500 0.799000 0.019000 0.018000
14 0.324000 0.806500 0.018000 0.017000
9 0.333000 0.811000 0.018000 0.016000
14 0.347500 0.824500 0.017000 0.017000
14 0.356000 0.832000 0.022000 0.020000
12 0.234500 0.774500 0.023000 0.013000
14 0.169000 0.760000 0.020000 0.020000
14 0.176000 0.805000 0.022000 0.020000
14 0.170000 0.842000 0.020000 0.020000
14 0.107000 0.822500 0.022000 0.021000
12 0.092000 0.809000 0.022000 0.022000
12 0.056000 0.815000 0.024000 0.022000
14 0.066500 0.788500 0.021000 0.021000
12 0.075000 0.712000 0.022000 0.022000
14 0.058500 0.698000 0.021000 0.022000
14 0.051000 0.689000 0.020000 0.020000
14 0.678500 0.010500 0.017000 0.017000
9 0.688500 0.014000 0.015000 0.014000
14 0.707500 0.027000 0.013000 0.012000
14 0.765000 0.079500 0.016000 0.015000
14 0.798500 0.107000 0.013000 0.012000
9 0.814000 0.122500 0.020000 0.019000
12 0.012000 0.613500 0.022000 0.021000