9 0.746500 0.993500 0.019000 0.007000
14 0.679500 0.977000 0.019000 0.008000
9 0.681500 0.987500 0.021000 0.007000
14 0.655000 0.977000 0.020000 0.006000
14 0.680000 0.967500 0.022000 0.007000
14 0.685500 0.958500 0.021000 0.007000
14 0.681500 0.949000 0.021000 0.006000
14 0.682000 0.938500 0.022000 0.007000
14 0.653000 0.939000 0.022000 0.006000
9 0.656500 0.958500 0.021000 0.007000
9 0.656000 0.968000 0.022000 0.008000
9 0.595500 0.996500 0.019000 0.007000
14 0.594500 0.986500 0.021000 0.007000
14 0.592500 0.977500 0.021000 0.007000
14 0.595000 0.967500 0.022000 0.007000
14 0.593500 0.959500 0.023000 0.007000
9 0.594500 0.950500 0.021000 0.007000
14 0.593000 0.940000 0.022000 0.008000
9 0.593500 0.931500 0.021000 0.007000
14 0.594500 0.920500 0.027000 0.009000
14 0.594500 0.909500 0.023000 0.007000
14 0.744500 0.909000 0.027000 0.008000
12 0.746000 0.920000 0.024000 0.008000
12 0.747000 0.930000 0.020000 0.008000
14 0.744500 0.975500 0.021000 0.007000
14 0.162000 0.867500 0.022000 0.017000
30 0.591000 0.210500 0.206000 0.205000
30 0.714500 0.312000 0.225000 0.224000
30 0.472000 0.313500 0.222000 0.221000
30 0.595500 0.415000 0.205000 0.204000