14 0.057000 0.715500 0.026000 0.009000
9 0.096500 0.715500 0.023000 0.007000
14 0.125000 0.714500 0.020000 0.009000
9 0.134500 0.636500 0.017000 0.013000
9 0.133500 0.627000 0.021000 0.014000
9 0.137000 0.615500 0.022000 0.013000
14 0.182000 0.650000 0.024000 0.018000
9 0.184500 0.642500 0.023000 0.017000
9 0.207000 0.641000 0.024000 0.018000
14 0.182500 0.630000 0.023000 0.016000
14 0.183500 0.621000 0.021000 0.014000
14 0.206500 0.621000 0.023000 0.016000
14 0.207500 0.613000 0.021000 0.016000
14 0.180500 0.609000 0.021000 0.016000
14 0.182500 0.600500 0.021000 0.015000
9 0.184500 0.592500 0.021000 0.015000
14 0.185500 0.582500 0.023000 0.015000
14 0.206500 0.583000 0.023000 0.016000
14 0.186000 0.561500 0.020000 0.015000
12 0.136000 0.596000 0.024000 0.016000
14 0.134000 0.586000 0.018000 0.014000
14 0.134000 0.578000 0.018000 0.012000
14 0.135000 0.567000 0.022000 0.016000
9 0.135500 0.558500 0.019000 0.013000
9 0.136000 0.550000 0.020000 0.014000
14 0.136500 0.538000 0.021000 0.014000
14 0.201000 0.510000 0.012000 0.018000
14 0.223500 0.510000 0.011000 0.020000
33 0.281000 0.616500 0.052000 0.079000
33 0.350000 0.616500 0.050000 0.081000
33 0.418500 0.617000 0.051000 0.082000
31 0.507000 0.617500 0.066000 0.099000
31 0.577500 0.618000 0.065000 0.096000
31 0.646500 0.616500 0.065000 0.099000
32 0.649000 0.298500 0.306000 0.373000
32 0.246000 0.293000 0.286000 0.370000
14 0.320500 0.008500 0.011000 0.017000
14 0.019000 0.047500 0.018000 0.009000
14 0.905500 0.506000 0.027000 0.008000
14 0.892000 0.555500 0.014000 0.023000
12 0.963000 0.712500 0.028000 0.009000
12 0.894000 0.801000 0.030000 0.016000
12 0.701500 0.735000 0.027000 0.010000
12 0.682000 0.715500 0.022000 0.019000
14 0.665000 0.714000 0.018000 0.018000
14 0.650500 0.713000 0.019000 0.018000
12 0.635000 0.714000 0.022000 0.022000
14 0.620000 0.714500 0.018000 0.017000
14 0.603500 0.714500 0.019000 0.017000
9 0.587500 0.714500 0.017000 0.015000
14 0.573000 0.716000 0.020000 0.018000
14 0.539000 0.713000 0.018000 0.016000
14 0.524500 0.714000 0.019000 0.018000
14 0.508000 0.713000 0.018000 0.018000
14 0.492000 0.714000 0.020000 0.018000
14 0.476000 0.715500 0.020000 0.017000
14 0.459000 0.753000 0.028000 0.012000
17 0.232500 0.929000 0.027000 0.036000
35 0.372000 0.743000 0.046000 0.040000