14 0.459500 0.776500 0.037000 0.021000
9 0.319500 0.881500 0.011000 0.013000
9 0.271000 0.800000 0.016000 0.020000
14 0.293000 0.794000 0.016000 0.020000
9 0.346500 0.779000 0.015000 0.020000
9 0.407000 0.761500 0.016000 0.019000
12 0.552000 0.604000 0.016000 0.024000
14 0.549500 0.578500 0.013000 0.023000
14 0.575000 0.554000 0.020000 0.012000
9 0.572000 0.543000 0.022000 0.010000
12 0.525500 0.552500 0.025000 0.011000
12 0.518000 0.534000 0.030000 0.014000
12 0.564500 0.524000 0.023000 0.012000
9 0.510000 0.508000 0.018000 0.010000
9 0.556000 0.487500 0.018000 0.009000
9 0.505000 0.497500 0.020000 0.013000
14 0.501000 0.488000 0.020000 0.010000
12 0.574000 0.406500 0.018000 0.025000
12 0.537500 0.413000 0.029000 0.012000
14 0.245000 0.408000 0.026000 0.008000
14 0.245000 0.397000 0.026000 0.012000
12 0.217000 0.385000 0.028000 0.010000
9 0.338000 0.399500 0.012000 0.017000
13 0.041500 0.290500 0.013000 0.025000
32 0.202000 0.659500 0.404000 0.279000