9 0.947000 0.760500 0.018000 0.013000
12 0.819000 0.762000 0.016000 0.020000
12 0.807500 0.592000 0.015000 0.012000
9 0.796000 0.589500 0.016000 0.013000
12 0.830500 0.605000 0.023000 0.018000
9 0.739000 0.611500 0.016000 0.019000
9 0.761500 0.640500 0.015000 0.017000
14 0.759000 0.674500 0.016000 0.013000
12 0.947500 0.829500 0.017000 0.021000
9 0.871500 0.814000 0.019000 0.016000
14 0.874000 0.783500 0.020000 0.021000
11 0.482500 0.765500 0.015000 0.013000
11 0.501000 0.752000 0.024000 0.020000
9 0.562500 0.757000 0.015000 0.018000
14 0.595000 0.884500 0.022000 0.019000
9 0.710500 0.896500 0.019000 0.015000
14 0.644000 0.945000 0.020000 0.014000
9 0.724500 0.959500 0.017000 0.019000
30 0.274500 0.627000 0.243000 0.236000
14 0.156500 0.831000 0.015000 0.020000
9 0.231000 0.848000 0.018000 0.016000
14 0.289000 0.937500 0.020000 0.015000
14 0.306000 0.927000 0.018000 0.014000
12 0.220500 0.889000 0.017000 0.020000
12 0.206500 0.923000 0.015000 0.016000
9 0.239500 0.961000 0.015000 0.018000
9 0.454000 0.042000 0.014000 0.018000
33 0.600000 0.107000 0.046000 0.080000
33 0.656000 0.107000 0.046000 0.082000
33 0.711500 0.107000 0.045000 0.082000
30 0.931000 0.122000 0.136000 0.134000
30 0.807000 0.331000 0.220000 0.216000
14 0.422000 0.213000 0.018000 0.014000
12 0.507000 0.165000 0.022000 0.014000
14 0.546000 0.156000 0.022000 0.006000
12 0.497000 0.145000 0.020000 0.016000
12 0.550500 0.115000 0.023000 0.012000
9 0.316500 0.018500 0.017000 0.013000
14 0.047500 0.089000 0.017000 0.020000