14 0.225000 0.968750 0.046667 0.017500
9 0.155000 0.953750 0.033333 0.020000
9 0.326667 0.945000 0.023333 0.022500
14 0.385833 0.588125 0.038333 0.026250
9 0.335833 0.625625 0.028333 0.021250
12 0.270000 0.554375 0.036667 0.026250
14 0.180833 0.631875 0.028333 0.016250
12 0.646667 0.541875 0.046667 0.033750
9 0.686667 0.566250 0.036667 0.027500
14 0.771667 0.706875 0.026667 0.021250
9 0.275833 0.145625 0.031667 0.021250
9 0.193333 0.133750 0.036667 0.027500
35 0.122500 0.188125 0.101667 0.076250
35 0.556667 0.457500 0.090000 0.067500
14 0.354167 0.152500 0.031667 0.025000
9 0.437500 0.119375 0.038333 0.031250
12 0.375000 0.018125 0.033333 0.026250
12 0.786667 0.407500 0.026667 0.025000
9 0.800000 0.401250 0.030000 0.027500
14 0.935833 0.241250 0.015000 0.020000
9 0.230833 0.728750 0.028333 0.025000
9 0.695000 0.856250 0.030000 0.025000