9 0.316250 0.018333 0.027500 0.013333
9 0.393125 0.049167 0.026250 0.011667
14 0.366250 0.051667 0.020000 0.013333
9 0.242500 0.055000 0.027500 0.013333
9 0.202500 0.057500 0.030000 0.011667
14 0.240000 0.097500 0.022500 0.018333
9 0.418750 0.050000 0.017500 0.013333
9 0.011250 0.105000 0.022500 0.013333
9 0.181250 0.284167 0.015000 0.028333
9 0.183750 0.316667 0.015000 0.030000
14 0.197500 0.327500 0.010000 0.025000
14 0.171875 0.323333 0.011250 0.026667
9 0.273125 0.393333 0.013750 0.030000
14 0.233750 0.405833 0.012500 0.025000
14 0.218750 0.409167 0.012500 0.025000
9 0.205000 0.408333 0.012500 0.030000
9 0.321875 0.410000 0.021250 0.010000
14 0.322500 0.380833 0.030000 0.015000
9 0.328125 0.395833 0.031250 0.011667
9 0.035625 0.666667 0.023750 0.013333
9 0.443125 0.612500 0.023750 0.011667
14 0.419375 0.615000 0.016250 0.010000
14 0.389375 0.614167 0.018750 0.011667
9 0.359375 0.655000 0.028750 0.010000
9 0.331875 0.655833 0.021250 0.011667
35 0.529375 0.634167 0.068750 0.075000
14 0.366250 0.881667 0.012500 0.030000
9 0.391875 0.882500 0.013750 0.025000
9 0.486250 0.899167 0.012500 0.025000
14 0.101250 0.985833 0.010000 0.025000
14 0.265625 0.980000 0.011250 0.026667
14 0.253125 0.980000 0.011250 0.026667
14 0.234375 0.979167 0.008750 0.025000
14 0.219375 0.914167 0.008750 0.025000
14 0.051250 0.927500 0.012500 0.021667
35 0.508125 0.068333 0.068750 0.070000
12 0.563750 0.055833 0.030000 0.011667
9 0.630625 0.081667 0.031250 0.013333
13 0.698750 0.023333 0.017500 0.046667
9 0.875000 0.031667 0.027500 0.013333
12 0.795000 0.302500 0.015000 0.035000
14 0.537500 0.220833 0.015000 0.025000
9 0.541875 0.357500 0.011250 0.025000
14 0.543125 0.415000 0.016250 0.030000
9 0.936875 0.635000 0.021250 0.013333
32 0.791875 0.871667 0.178750 0.090000
14 0.640625 0.607500 0.028750 0.015000
14 0.678125 0.606667 0.031250 0.016667