35 0.205625 0.242500 0.113750 0.121667
12 0.673750 0.315833 0.025000 0.015000
11 0.697500 0.265833 0.062500 0.018333
14 0.816875 0.218333 0.008750 0.023333
14 0.802500 0.218333 0.012500 0.026667
14 0.786875 0.215833 0.008750 0.025000
9 0.771250 0.214167 0.010000 0.021667
9 0.755625 0.215833 0.008750 0.025000
14 0.740000 0.215000 0.012500 0.033333
9 0.723125 0.210000 0.011250 0.026667
9 0.708125 0.213333 0.008750 0.026667
9 0.694375 0.213333 0.011250 0.026667
14 0.641875 0.211667 0.011250 0.033333
14 0.622500 0.208333 0.012500 0.033333
14 0.606250 0.205833 0.012500 0.035000
14 0.519375 0.303333 0.023750 0.013333