35 0.315000 0.513500 0.064000 0.045000
35 0.868000 0.520500 0.078000 0.057000
35 0.865000 0.193500 0.082000 0.057000
35 0.317500 0.192500 0.087000 0.051000
35 0.314500 0.685500 0.077000 0.049000
35 0.317000 0.351500 0.074000 0.083000
35 0.313000 0.029000 0.072000 0.058000
35 0.867000 0.032500 0.078000 0.065000
35 0.865000 0.362500 0.088000 0.085000
35 0.862000 0.687500 0.082000 0.057000
11 0.600000 0.982500 0.014000 0.025000
12 0.572000 0.948000 0.010000 0.022000
11 0.450000 0.859500 0.026000 0.007000
14 0.598000 0.834000 0.008000 0.018000
9 0.761500 0.797500 0.023000 0.007000
9 0.913500 0.947000 0.021000 0.008000
9 0.992500 0.675000 0.013000 0.008000
14 0.839000 0.104000 0.008000 0.016000
14 0.781000 0.041000 0.020000 0.008000
9 0.709000 0.016000 0.022000 0.008000
14 0.655000 0.038500 0.028000 0.009000
14 0.618500 0.039000 0.025000 0.008000
12 0.572000 0.039500 0.030000 0.007000
9 0.563000 0.016000 0.022000 0.008000
14 0.515500 0.029000 0.025000 0.006000
14 0.498500 0.040000 0.021000 0.006000
14 0.460000 0.039500 0.026000 0.007000
14 0.486000 0.015000 0.024000 0.008000
9 0.390000 0.015000 0.026000 0.008000
9 0.295000 0.892000 0.010000 0.018000
9 0.332500 0.924500 0.009000 0.017000
9 0.298500 0.963500 0.011000 0.017000
14 0.327500 0.983000 0.011000 0.016000
14 0.059500 0.741500 0.009000 0.019000
14 0.177000 0.670500 0.024000 0.007000
9 0.244000 0.671500 0.026000 0.007000
9 0.333000 0.652000 0.010000 0.014000
14 0.333500 0.615500 0.009000 0.015000
9 0.333500 0.562000 0.007000 0.014000
14 0.334000 0.538000 0.008000 0.016000
9 0.333500 0.499000 0.011000 0.014000
14 0.333500 0.471500 0.009000 0.017000
14 0.333500 0.451000 0.009000 0.018000
14 0.333500 0.411500 0.009000 0.017000
9 0.072500 0.546000 0.009000 0.020000
11 0.088000 0.511500 0.030000 0.011000
14 0.147500 0.482500 0.021000 0.011000
14 0.217500 0.334000 0.025000 0.006000
9 0.129500 0.376000 0.025000 0.008000
14 0.047500 0.375500 0.025000 0.007000
14 0.046500 0.332500 0.029000 0.009000
14 0.015500 0.332500 0.023000 0.007000
12 0.146500 0.245500 0.009000 0.019000
11 0.245500 0.193000 0.053000 0.012000
9 0.332500 0.272500 0.009000 0.019000
12 0.331000 0.245500 0.012000 0.023000
9 0.332000 0.162500 0.010000 0.019000
9 0.332500 0.142000 0.009000 0.018000
9 0.298000 0.171000 0.010000 0.018000
9 0.298500 0.148500 0.011000 0.015000
12 0.333000 0.084500 0.010000 0.021000
14 0.297500 0.082500 0.009000 0.017000
12 0.069000 0.178500 0.028000 0.011000
14 0.182500 0.089000 0.011000 0.018000
14 0.097000 0.038500 0.024000 0.007000
14 0.840000 0.128500 0.010000 0.017000
9 0.840000 0.169000 0.008000 0.016000
9 0.876500 0.186500 0.009000 0.013000
14 0.898500 0.231000 0.009000 0.016000
9 0.708500 0.086500 0.009000 0.015000
9 0.748500 0.175000 0.011000 0.018000
9 0.781500 0.231000 0.011000 0.018000
14 0.422000 0.234000 0.010000 0.018000
14 0.446000 0.237500 0.010000 0.017000
14 0.496000 0.249500 0.024000 0.007000
9 0.489500 0.262500 0.021000 0.007000
14 0.485500 0.272000 0.021000 0.008000
9 0.486000 0.303000 0.022000 0.008000
12 0.384000 0.270500 0.028000 0.007000
14 0.449500 0.333500 0.021000 0.007000
14 0.599000 0.284500 0.022000 0.015000
14 0.601500 0.301500 0.021000 0.015000
14 0.918000 0.142000 0.022000 0.008000
14 0.969000 0.335500 0.028000 0.009000
11 0.951000 0.346500 0.062000 0.013000
14 0.899500 0.414000 0.009000 0.016000
14 0.387000 0.378500 0.026000 0.007000
14 0.414500 0.378500 0.021000 0.007000
9 0.459000 0.379500 0.018000 0.007000
12 0.526000 0.380000 0.026000 0.008000
14 0.615000 0.380500 0.022000 0.007000
14 0.562000 0.379500 0.024000 0.007000
14 0.717500 0.368000 0.023000 0.008000
14 0.757000 0.368000 0.026000 0.008000
9 0.795500 0.368000 0.021000 0.008000
9 0.744000 0.379000 0.022000 0.008000
14 0.360500 0.425000 0.019000 0.012000
14 0.523500 0.463000 0.009000 0.016000
14 0.551500 0.465000 0.009000 0.016000
14 0.568000 0.462500 0.008000 0.017000
9 0.413500 0.500500 0.017000 0.017000
14 0.427500 0.502500 0.017000 0.017000
14 0.456500 0.508000 0.023000 0.008000
9 0.494000 0.504500 0.010000 0.021000
14 0.509000 0.504000 0.010000 0.018000
9 0.537000 0.504000 0.010000 0.020000
9 0.620500 0.471500 0.009000 0.015000
14 0.619000 0.490500 0.008000 0.015000
14 0.646000 0.506000 0.026000 0.008000
14 0.752000 0.420500 0.018000 0.015000
9 0.800500 0.413000 0.023000 0.014000
9 0.807000 0.422000 0.024000 0.014000
9 0.755000 0.441500 0.024000 0.015000
14 0.752000 0.452500 0.024000 0.013000
9 0.752500 0.461000 0.025000 0.014000
9 0.755000 0.470500 0.022000 0.015000
9 0.807000 0.462000 0.024000 0.014000
14 0.809000 0.472000 0.024000 0.014000
9 0.807500 0.481500 0.023000 0.013000
9 0.808000 0.491000 0.022000 0.012000
14 0.809000 0.500500 0.022000 0.011000
14 0.896500 0.466500 0.009000 0.015000
14 0.886000 0.548000 0.010000 0.016000
14 0.887500 0.570000 0.009000 0.016000
14 0.837500 0.553000 0.009000 0.018000
14 0.854000 0.573000 0.008000 0.020000
14 0.852500 0.628000 0.009000 0.018000
14 0.380500 0.672000 0.027000 0.008000
9 0.414000 0.673000 0.022000 0.006000
14 0.454500 0.673500 0.021000 0.007000
14 0.369500 0.697500 0.023000 0.007000
14 0.397500 0.698500 0.021000 0.007000
14 0.546500 0.699000 0.023000 0.008000
9 0.743000 0.674000 0.024000 0.008000
14 0.773000 0.674000 0.024000 0.008000
14 0.743500 0.699000 0.025000 0.008000
11 0.854500 0.721000 0.013000 0.042000
14 0.835500 0.827000 0.007000 0.014000
14 0.855000 0.870500 0.008000 0.017000
9 0.835000 0.931500 0.008000 0.017000
14 0.835500 0.977500 0.009000 0.017000
35 0.862500 0.853500 0.079000 0.019000
35 0.314000 0.849500 0.050000 0.029000