0 0.451667 0.431667 0.199333 0.272667
0 0.623333 0.605667 0.285333 0.126000
1 0.404000 0.621333 0.016000 0.017333
1 0.360333 0.601000 0.032667 0.036667
1 0.412333 0.650333 0.024667 0.018000
1 0.419667 0.656333 0.026000 0.019333
2 0.202000 0.977000 0.036000 0.018000
5 0.202667 0.942667 0.060000 0.040000
5 0.193667 0.966000 0.055333 0.037333
5 0.156000 0.888333 0.077333 0.035333
4 0.056667 0.922333 0.056000 0.026000
2 0.058667 0.933333 0.037333 0.017333
2 0.287667 0.763667 0.036667 0.018000
4 0.290333 0.771333 0.022000 0.012000
4 0.232000 0.722333 0.038667 0.058000
4 0.222667 0.734333 0.025333 0.036667
4 0.212000 0.739000 0.020000 0.030000
4 0.057667 0.743000 0.042000 0.032667
4 0.064333 0.757667 0.024667 0.018000
4 0.058667 0.762000 0.026667 0.021333
5 0.019333 0.795667 0.038667 0.028667
1 0.012333 0.754333 0.019333 0.020667
1 0.007333 0.757000 0.014667 0.018000
1 0.008333 0.848000 0.016667 0.024000
1 0.013667 0.768333 0.018000 0.016667
7 0.909667 0.538000 0.180667 0.084000
3 0.168000 0.960667 0.020000 0.013333
36 0.359333 0.680667 0.158667 0.162667
36 0.207000 0.160667 0.020667 0.032000
36 0.502000 0.069000 0.020000 0.039333
34 0.181667 0.499667 0.044667 0.044667