30 0.872500 0.390000 0.255000 0.390000
33 0.310625 0.218333 0.078750 0.143333
31 0.370000 0.047500 0.087500 0.095000
31 0.289375 0.053333 0.091250 0.106667
31 0.205000 0.056667 0.092500 0.113333
14 0.192500 0.805000 0.017500 0.036667
14 0.358125 0.935000 0.028750 0.013333
14 0.073750 0.295000 0.015000 0.033333
14 0.186250 0.770833 0.017500 0.031667
14 0.196875 0.838333 0.016250 0.033333
14 0.255625 0.957500 0.028750 0.018333
14 0.485000 0.918333 0.020000 0.013333
9 0.565000 0.912500 0.035000 0.018333
14 0.598125 0.906667 0.031250 0.016667
14 0.861250 0.875000 0.030000 0.016667
9 0.898125 0.869167 0.033750 0.021667
9 0.938750 0.865833 0.030000 0.018333
14 0.306250 0.976667 0.032500 0.016667