9 0.562500 0.290500 0.011000 0.017000
9 0.671000 0.359500 0.020000 0.011000
14 0.883000 0.417500 0.020000 0.011000
14 0.906000 0.303500 0.012000 0.019000
14 0.875500 0.162500 0.009000 0.019000
9 0.045000 0.784000 0.022000 0.008000
9 0.075000 0.784500 0.020000 0.009000
9 0.128500 0.783500 0.021000 0.007000
14 0.296000 0.759500 0.020000 0.009000
14 0.391000 0.736500 0.010000 0.017000
9 0.416500 0.766000 0.021000 0.008000
9 0.435000 0.733500 0.018000 0.021000
35 0.570500 0.371000 0.065000 0.048000
9 0.524000 0.373500 0.022000 0.011000
35 0.569000 0.797000 0.066000 0.090000
14 0.562500 0.970000 0.011000 0.018000
9 0.922000 0.955000 0.010000 0.018000
14 0.911000 0.946000 0.008000 0.016000
14 0.797000 0.974500 0.008000 0.013000
9 0.943500 0.946000 0.009000 0.012000
9 0.956000 0.945000 0.010000 0.014000
14 0.980000 0.973500 0.010000 0.015000
14 0.229000 0.758500 0.018000 0.007000
14 0.316500 0.004500 0.019000 0.009000
14 0.244000 0.048000 0.020000 0.018000
14 0.213500 0.042000 0.011000 0.018000
14 0.193000 0.037500 0.012000 0.017000
14 0.183000 0.036000 0.012000 0.018000
14 0.169000 0.038000 0.010000 0.010000
14 0.080000 0.015500 0.012000 0.017000
14 0.070000 0.013000 0.010000 0.018000
14 0.079500 0.042000 0.019000 0.010000
35 0.075500 0.245500 0.091000 0.079000
14 0.086500 0.253500 0.021000 0.015000
14 0.229000 0.563500 0.010000 0.015000
14 0.214500 0.562000 0.011000 0.020000
14 0.413500 0.735500 0.021000 0.013000
12 0.351500 0.538500 0.013000 0.017000