2 0.429250 0.008500 0.033500 0.017000
2 0.447500 0.012000 0.012000 0.006000
2 0.470250 0.004500 0.017500 0.009000
8 0.490750 0.043000 0.040500 0.008000
8 0.490750 0.049000 0.039500 0.011000
8 0.500250 0.064000 0.055500 0.009000
8 0.482500 0.033000 0.035000 0.013000
7 0.528250 0.048000 0.025500 0.008000
4 0.514500 0.189500 0.028000 0.008000
4 0.483500 0.189250 0.027000 0.004500
4 0.530500 0.262250 0.014000 0.004500
4 0.510750 0.262500 0.018500 0.004000
4 0.511500 0.274750 0.019000 0.004500
4 0.492000 0.263500 0.016000 0.002000
4 0.491750 0.275000 0.016500 0.004000
4 0.494250 0.336500 0.019500 0.006000
4 0.518000 0.334500 0.011000 0.002000
4 0.518250 0.337250 0.011500 0.004500
4 0.521750 0.353500 0.011500 0.003000
4 0.521500 0.349750 0.011000 0.004500
2 0.635750 0.487750 0.012500 0.017500
2 0.639750 0.484250 0.014500 0.016500
7 0.662000 0.515750 0.019000 0.019500
5 0.735000 0.475250 0.024000 0.024500
7 0.741000 0.470500 0.014000 0.013000
2 0.706500 0.415750 0.012000 0.011500
2 0.707750 0.412250 0.013500 0.012500
2 0.711000 0.410250 0.009000 0.008500
2 0.720500 0.420000 0.011000 0.011000
2 0.731250 0.428000 0.012500 0.011000
2 0.730750 0.399750 0.011500 0.012500
2 0.740250 0.428750 0.009500 0.012500
2 0.750250 0.390750 0.008500 0.011500
2 0.753750 0.388750 0.009500 0.009500
2 0.755500 0.385250 0.014000 0.016500
2 0.756750 0.383250 0.011500 0.012500
2 0.758000 0.380000 0.013000 0.015000
2 0.761500 0.376750 0.017000 0.016500
2 0.772000 0.387250 0.011000 0.012500
2 0.780500 0.400250 0.011000 0.012500
2 0.785000 0.391250 0.006000 0.011500
2 0.789250 0.397000 0.009500 0.007000
2 0.775500 0.372750 0.007000 0.008500
2 0.782000 0.381000 0.010000 0.008000
2 0.765250 0.362250 0.011500 0.012500
2 0.768250 0.361500 0.011500 0.012000
2 0.771000 0.360250 0.008000 0.008500
2 0.774500 0.360000 0.007000 0.009000
2 0.779000 0.357250 0.009000 0.010500
2 0.781250 0.353750 0.012500 0.012500
2 0.785250 0.350000 0.011500 0.013000
2 0.789750 0.349250 0.010500 0.011500
2 0.792250 0.345750 0.011500 0.012500
2 0.800500 0.342750 0.008000 0.009500
2 0.804250 0.341250 0.011500 0.012500
2 0.806250 0.339250 0.011500 0.009500
2 0.794500 0.345000 0.009000 0.010000
2 0.795250 0.343000 0.009500 0.009000
2 0.798750 0.343500 0.005500 0.008000
2 0.794750 0.353500 0.011500 0.012000
5 0.796250 0.369000 0.020500 0.022000
2 0.782250 0.363750 0.010500 0.007500
4 0.843750 0.345000 0.013500 0.014000
4 0.847750 0.347000 0.018500 0.018000
4 0.851750 0.352250 0.012500 0.013500
4 0.854750 0.354750 0.015500 0.015500
5 0.899250 0.314750 0.024500 0.024500
5 0.904500 0.326000 0.030000 0.027000
7 0.855500 0.411750 0.043000 0.028500
7 0.858000 0.419750 0.033000 0.022500
7 0.868250 0.422500 0.018500 0.016000
7 0.847250 0.437250 0.026500 0.020500
7 0.840250 0.453250 0.024500 0.022500
7 0.870000 0.430750 0.042000 0.033500
5 0.876500 0.439000 0.023000 0.017000
7 0.881000 0.445000 0.019000 0.016000
7 0.883250 0.449500 0.015500 0.015000
7 0.887500 0.453500 0.010000 0.010000
7 0.891000 0.471500 0.038000 0.033000
7 0.871000 0.466250 0.012000 0.012500
7 0.875000 0.468500 0.008000 0.008000
7 0.878000 0.472000 0.017000 0.015000
7 0.891500 0.481000 0.016000 0.017000
7 0.897750 0.486750 0.035500 0.038500
7 0.901500 0.494500 0.017000 0.016000
7 0.904000 0.499500 0.018000 0.020000
1 0.962750 0.535500 0.008500 0.008000
1 0.962250 0.540500 0.008500 0.006000
2 0.843500 0.533250 0.013000 0.012500
2 0.844250 0.536750 0.013500 0.011500
2 0.846250 0.538500 0.013500 0.010000
2 0.847250 0.541250 0.013500 0.012500
2 0.851500 0.544250 0.014000 0.011500
2 0.854750 0.545500 0.012500 0.012000
2 0.854000 0.549750 0.013000 0.011500
2 0.856250 0.552000 0.012500 0.009000
2 0.841750 0.570000 0.011500 0.011000
2 0.842750 0.574500 0.013500 0.013000
2 0.844750 0.576250 0.010500 0.009500
2 0.846000 0.578750 0.012000 0.012500
2 0.848250 0.582000 0.012500 0.012000
2 0.873000 0.568000 0.005000 0.008000
2 0.869750 0.567500 0.007500 0.007000
2 0.867500 0.568250 0.008000 0.007500
2 0.868000 0.576750 0.009000 0.008500
2 0.861500 0.558250 0.008000 0.012500
2 0.858500 0.560000 0.008000 0.010000
2 0.855750 0.560250 0.009500 0.008500
2 0.857750 0.537000 0.011500 0.012000
2 0.825500 0.534750 0.013000 0.015500
2 0.858500 0.584750 0.009000 0.009500
2 0.857250 0.586750 0.010500 0.011500
2 0.855250 0.588500 0.010500 0.010000
2 0.854000 0.590750 0.008000 0.011500
2 0.852000 0.592750 0.009000 0.009500
0 0.828750 0.549750 0.032500 0.037500
2 0.834500 0.606000 0.006000 0.008000
2 0.831750 0.607500 0.008500 0.011000
2 0.829250 0.609750 0.008500 0.009500
2 0.826250 0.611500 0.006500 0.012000
2 0.824000 0.612250 0.007000 0.012500
2 0.831000 0.593750 0.008000 0.008500
2 0.829250 0.596000 0.008500 0.012000
2 0.827750 0.597500 0.008500 0.010000
2 0.820750 0.613500 0.008500 0.010000
2 0.819000 0.616000 0.012000 0.013000
2 0.811500 0.603750 0.009000 0.012500
2 0.815250 0.603500 0.008500 0.012000
2 0.817500 0.602000 0.009000 0.009000
2 0.819500 0.601500 0.010000 0.009000
2 0.821000 0.599750 0.009000 0.012500
2 0.824000 0.597750 0.008000 0.009500
2 0.803500 0.592750 0.011000 0.014500
2 0.805750 0.591250 0.011500 0.012500
2 0.823750 0.583000 0.005500 0.013000
2 0.822000 0.584500 0.006000 0.015000
2 0.818500 0.583500 0.008000 0.013000
2 0.816500 0.586750 0.008000 0.013500
2 0.812250 0.587250 0.005500 0.012500
2 0.809500 0.588500 0.006000 0.010000
2 0.815750 0.576500 0.016500 0.009000
2 0.814250 0.572000 0.015500 0.010000
2 0.811750 0.568250 0.015500 0.008500
2 0.799250 0.572000 0.015500 0.018000
2 0.795250 0.574750 0.015500 0.020500
2 0.793750 0.580750 0.012500 0.016500
2 0.790250 0.597750 0.010500 0.008500
2 0.783500 0.574750 0.008000 0.004500
2 0.799500 0.626250 0.017000 0.017500
0 0.716250 0.661250 0.019500 0.027500
0 0.704500 0.672000 0.016000 0.023000
7 0.617500 0.664750 0.082000 0.058500
7 0.635500 0.662250 0.021000 0.013500
7 0.514000 0.632000 0.087000 0.062000
1 0.471750 0.546750 0.014500 0.007500
7 0.469500 0.715750 0.085000 0.097500
7 0.466750 0.732750 0.025500 0.029500
7 0.520500 0.847250 0.075000 0.090500
7 0.522250 0.867750 0.029500 0.034500
2 0.563750 0.979000 0.002500 0.013000
2 0.560750 0.979000 0.003500 0.013000
2 0.556500 0.980000 0.007000 0.015000
2 0.579000 0.976250 0.005000 0.009500
2 0.576000 0.978000 0.002000 0.014000
2 0.577250 0.990500 0.003500 0.012000
2 0.575000 0.990500 0.002000 0.011000
2 0.571500 0.966500 0.011000 0.004000
2 0.570750 0.969500 0.010500 0.004000
2 0.557500 0.991500 0.012000 0.004000
2 0.516750 0.941000 0.016500 0.005000
2 0.517750 0.937250 0.014500 0.004500
2 0.524750 0.983000 0.002500 0.021000
2 0.521000 0.983000 0.004000 0.021000
2 0.507250 0.981000 0.005500 0.018000
2 0.501750 0.982000 0.005500 0.020000
2 0.520250 0.957750 0.007500 0.020500
2 0.506500 0.955500 0.006000 0.024000
2 0.448750 0.981000 0.005500 0.025000
2 0.451000 0.954000 0.004000 0.021000
2 0.466750 0.955500 0.007500 0.024000
2 0.451500 0.929000 0.005000 0.022000
2 0.467500 0.930500 0.007000 0.019000
2 0.469000 0.906000 0.011000 0.025000
2 0.453000 0.903500 0.010000 0.022000
2 0.418000 0.992500 0.005000 0.015000
2 0.441250 0.919750 0.007500 0.019500
2 0.422250 0.941250 0.005500 0.019500
2 0.416000 0.939000 0.006000 0.016000
2 0.426250 0.920250 0.004500 0.020500
2 0.422250 0.922000 0.004500 0.018000
2 0.416750 0.920500 0.008500 0.021000
2 0.429500 0.898250 0.008000 0.016500
2 0.423250 0.900000 0.004500 0.020000
2 0.417250 0.899000 0.007500 0.022000
2 0.402000 0.904250 0.004000 0.021500
2 0.401250 0.932500 0.002500 0.011000
2 0.401000 0.879000 0.005000 0.021000
2 0.416750 0.878000 0.006500 0.019000
2 0.403000 0.854250 0.008000 0.021500
2 0.438500 0.857500 0.007000 0.019000
2 0.433250 0.855250 0.009500 0.023500
2 0.430000 0.857000 0.010000 0.022000
2 0.424250 0.856000 0.008500 0.025000
2 0.420500 0.857750 0.008000 0.020500
2 0.416500 0.860000 0.008000 0.017000
2 0.411500 0.818500 0.027000 0.008000
2 0.411000 0.826000 0.022000 0.007000
2 0.412250 0.831250 0.025500 0.007500
2 0.413500 0.839250 0.027000 0.008500
2 0.466250 0.883250 0.018500 0.012500
2 0.463500 0.888750 0.021000 0.008500
2 0.456750 0.833250 0.013500 0.021500
2 0.422750 0.882500 0.011500 0.020000
2 0.429500 0.880750 0.011000 0.017500
2 0.440000 0.888250 0.013000 0.017500
7 0.197500 0.839500 0.011000 0.025000
7 0.358000 0.598750 0.015000 0.027500
7 0.304750 0.474250 0.015500 0.028500
7 0.212000 0.331000 0.015000 0.025000
7 0.018750 0.095500 0.011500 0.021000
1 0.971500 0.272250 0.009000 0.009500
1 0.977500 0.289250 0.013000 0.008500
36 0.947250 0.303750 0.075500 0.087500
35 0.703000 0.774750 0.041000 0.042500
35 0.975250 0.933000 0.029500 0.032000
35 0.910000 0.823750 0.010000 0.009500
35 0.980250 0.936000 0.030500 0.032000
35 0.960500 0.731750 0.010000 0.009500