2 0.100000 0.410625 0.033333 0.101250
2 0.306667 0.407500 0.060000 0.095000
2 0.578333 0.486250 0.070000 0.105000
2 0.034167 0.588750 0.048333 0.077500
2 0.053333 0.585625 0.046667 0.068750
2 0.860000 0.570000 0.040000 0.100000
2 0.687500 0.658750 0.031667 0.082500
2 0.864167 0.795625 0.028333 0.096250
2 0.674167 0.847500 0.045000 0.085000
2 0.646667 0.845000 0.050000 0.097500
2 0.408333 0.901875 0.086667 0.116250
2 0.039167 0.949375 0.045000 0.063750
2 0.059167 0.944375 0.061667 0.083750
2 0.025000 0.955625 0.043333 0.051250
2 0.735833 0.976250 0.045000 0.047500
2 0.896667 0.983750 0.036667 0.032500