9 0.925500 0.786500 0.021000 0.011000
9 0.590500 0.789000 0.023000 0.014000
9 0.655500 0.759000 0.015000 0.020000
13 0.132500 0.757500 0.021000 0.013000
9 0.249500 0.501000 0.019000 0.012000
12 0.713000 0.165000 0.022000 0.024000
9 0.029000 0.976500 0.016000 0.019000
9 0.042000 0.973000 0.016000 0.020000
9 0.098500 0.955500 0.017000 0.019000
9 0.145000 0.942500 0.016000 0.019000
9 0.215000 0.979000 0.016000 0.022000
9 0.248000 0.893000 0.016000 0.022000
9 0.255500 0.911000 0.013000 0.018000
14 0.230000 0.853500 0.014000 0.017000
9 0.215500 0.825000 0.015000 0.018000
14 0.245500 0.800500 0.017000 0.021000
9 0.254500 0.822000 0.013000 0.018000
9 0.008000 0.856500 0.016000 0.021000
14 0.085500 0.833500 0.015000 0.017000
14 0.121000 0.824000 0.018000 0.022000
9 0.017500 0.820500 0.025000 0.013000
9 0.060500 0.796500 0.025000 0.013000
14 0.039000 0.783000 0.024000 0.014000
9 0.100000 0.798500 0.024000 0.013000
9 0.185000 0.674500 0.016000 0.023000
14 0.127000 0.642500 0.018000 0.021000
12 0.097500 0.579000 0.021000 0.026000
9 0.085500 0.556500 0.017000 0.021000
9 0.069500 0.520000 0.017000 0.020000
9 0.104500 0.506000 0.015000 0.020000
9 0.124500 0.546500 0.015000 0.019000
9 0.111500 0.523500 0.017000 0.021000
9 0.056500 0.495500 0.015000 0.019000
9 0.094000 0.486500 0.018000 0.021000
9 0.040500 0.459000 0.015000 0.016000
9 0.122500 0.790500 0.025000 0.015000
9 0.117000 0.623500 0.016000 0.019000
9 0.041500 0.373500 0.015000 0.019000
14 0.034000 0.356500 0.016000 0.019000
14 0.025500 0.340500 0.015000 0.019000
14 0.079000 0.451000 0.014000 0.018000
9 0.012500 0.234500 0.023000 0.011000
9 0.037000 0.218000 0.022000 0.012000
14 0.066500 0.210000 0.023000 0.012000
14 0.091500 0.203500 0.023000 0.013000
9 0.055000 0.244500 0.022000 0.013000
9 0.078000 0.237500 0.024000 0.013000
9 0.106500 0.229500 0.025000 0.013000
9 0.113500 0.195500 0.023000 0.011000
9 0.139000 0.190000 0.024000 0.012000
9 0.269500 0.940000 0.015000 0.020000
9 0.086000 0.468500 0.014000 0.017000
9 0.045000 0.473000 0.014000 0.018000
9 0.169000 0.645000 0.020000 0.024000
9 0.194000 0.698500 0.016000 0.019000
9 0.149500 0.693000 0.019000 0.022000
9 0.281000 0.877500 0.014000 0.017000
14 0.077500 0.962500 0.015000 0.019000
14 0.139000 0.220000 0.026000 0.012000
9 0.187000 0.174500 0.022000 0.011000
12 0.208500 0.169500 0.019000 0.011000
14 0.203500 0.204500 0.021000 0.011000
9 0.224500 0.198000 0.021000 0.012000
9 0.245000 0.159000 0.026000 0.012000
9 0.282000 0.182500 0.022000 0.013000
14 0.310500 0.175000 0.023000 0.012000
12 0.307500 0.165000 0.025000 0.012000
35 0.200000 0.753500 0.070000 0.061000
35 0.129000 0.601000 0.056000 0.034000
35 0.035500 0.407500 0.055000 0.035000
12 0.368000 0.197000 0.016000 0.020000
14 0.378000 0.217000 0.016000 0.020000
14 0.386000 0.235500 0.016000 0.019000
9 0.409500 0.231000 0.017000 0.020000
9 0.421000 0.257000 0.014000 0.018000
14 0.407000 0.280000 0.018000 0.022000
9 0.435000 0.288500 0.014000 0.019000
9 0.444500 0.307500 0.015000 0.019000
14 0.454500 0.323500 0.015000 0.017000
9 0.444500 0.365000 0.017000 0.022000
9 0.478000 0.373000 0.016000 0.020000
14 0.460500 0.394500 0.019000 0.023000
9 0.500500 0.419500 0.019000 0.023000
9 0.485000 0.446000 0.018000 0.022000
14 0.515000 0.455000 0.016000 0.020000
14 0.498000 0.468000 0.020000 0.024000
9 0.475500 0.525500 0.017000 0.019000
9 0.355000 0.519500 0.022000 0.013000
14 0.273000 0.497500 0.024000 0.013000
14 0.320000 0.383000 0.022000 0.014000
35 0.241000 0.352500 0.022000 0.025000
9 0.214500 0.311000 0.013000 0.018000
9 0.203000 0.292000 0.016000 0.020000
9 0.177000 0.231500 0.014000 0.017000
9 0.268500 0.720000 0.023000 0.014000
9 0.290000 0.713500 0.024000 0.011000
14 0.333500 0.702000 0.021000 0.012000
12 0.309500 0.740500 0.025000 0.013000
9 0.337000 0.733500 0.022000 0.015000
9 0.401000 0.682500 0.024000 0.011000
9 0.427500 0.707000 0.023000 0.010000
9 0.424000 0.677000 0.022000 0.010000
14 0.468000 0.664500 0.026000 0.015000
9 0.495500 0.656500 0.023000 0.013000
14 0.517500 0.651500 0.021000 0.011000
9 0.546000 0.643500 0.024000 0.011000
35 0.589000 0.647500 0.058000 0.051000
9 0.347000 0.748500 0.024000 0.011000
14 0.628500 0.702500 0.015000 0.017000
9 0.638000 0.722000 0.018000 0.022000
9 0.626000 0.744500 0.016000 0.019000
9 0.666000 0.777000 0.016000 0.020000
35 0.630500 0.817000 0.023000 0.014000
35 0.667000 0.803000 0.044000 0.030000
9 0.665500 0.840000 0.017000 0.020000
14 0.701500 0.854500 0.017000 0.021000
9 0.696000 0.876500 0.016000 0.019000
14 0.710500 0.871500 0.019000 0.021000
9 0.704500 0.931000 0.015000 0.020000
35 0.743500 0.974000 0.045000 0.030000
14 0.966000 0.932500 0.022000 0.025000
9 0.936500 0.558500 0.027000 0.013000
9 0.861000 0.556500 0.026000 0.013000
14 0.849000 0.591500 0.026000 0.013000
9 0.878500 0.582500 0.023000 0.013000
9 0.742000 0.589500 0.018000 0.011000
14 0.951000 0.494500 0.018000 0.021000
9 0.925500 0.444000 0.019000 0.022000
14 0.901500 0.394000 0.019000 0.022000
14 0.836500 0.359500 0.033000 0.013000
9 0.968500 0.380500 0.023000 0.011000
9 0.962500 0.372000 0.027000 0.012000
14 0.959500 0.361500 0.023000 0.013000
9 0.968000 0.348500 0.024000 0.013000
9 0.950000 0.343000 0.024000 0.012000
9 0.948500 0.333500 0.023000 0.011000
9 0.939500 0.316500 0.023000 0.011000
14 0.935000 0.309000 0.022000 0.014000
14 0.931500 0.301500 0.023000 0.011000
9 0.007000 0.389500 0.014000 0.021000
9 0.267500 0.428000 0.013000 0.018000
9 0.831500 0.348000 0.029000 0.008000
14 0.826500 0.330000 0.027000 0.008000
14 0.845500 0.182000 0.033000 0.008000
9 0.745500 0.169500 0.011000 0.013000
9 0.652000 0.189500 0.022000 0.015000
14 0.104000 0.765500 0.026000 0.013000
9 0.005000 0.793000 0.010000 0.012000
9 0.360500 0.891000 0.025000 0.012000
9 0.328500 0.978000 0.017000 0.020000
14 0.345500 0.758000 0.019000 0.010000
9 0.261500 0.753500 0.023000 0.013000
14 0.295000 0.390500 0.024000 0.013000
14 0.914500 0.802500 0.027000 0.015000
9 0.904500 0.787000 0.021000 0.018000
9 0.895500 0.775000 0.023000 0.010000
9 0.824500 0.733500 0.015000 0.019000
9 0.846500 0.668000 0.023000 0.012000
9 0.836500 0.652500 0.019000 0.011000
9 0.621500 0.439000 0.015000 0.020000
9 0.539500 0.504000 0.015000 0.018000
9 0.518000 0.518500 0.014000 0.017000
11 0.190000 0.254500 0.010000 0.019000
9 0.954500 0.197500 0.015000 0.019000
14 0.836500 0.004500 0.023000 0.009000
9 0.793500 0.013000 0.023000 0.014000
9 0.754000 0.023500 0.018000 0.023000
9 0.738000 0.017500 0.016000 0.019000
9 0.715000 0.007500 0.016000 0.015000
9 0.789000 0.098500 0.016000 0.019000
35 0.748000 0.038500 0.064000 0.061000
14 0.686000 0.065500 0.020000 0.013000
14 0.727000 0.098000 0.016000 0.022000
14 0.716000 0.131000 0.022000 0.012000
9 0.660000 0.153000 0.014000 0.018000
12 0.650500 0.158500 0.017000 0.023000
11 0.640500 0.164500 0.019000 0.025000
9 0.602000 0.144500 0.022000 0.011000
14 0.567500 0.163500 0.019000 0.013000
9 0.702000 0.116000 0.020000 0.012000
14 0.714000 0.101000 0.012000 0.016000
14 0.697500 0.092500 0.015000 0.019000
12 0.680000 0.112500 0.026000 0.015000
9 0.675000 0.099000 0.014000 0.020000
9 0.684000 0.095500 0.014000 0.019000
9 0.663500 0.102000 0.015000 0.018000
14 0.652000 0.103500 0.014000 0.019000
14 0.643500 0.108500 0.017000 0.021000
9 0.657500 0.075000 0.021000 0.012000
9 0.625000 0.082000 0.020000 0.010000
9 0.601000 0.089000 0.022000 0.014000
12 0.560000 0.101000 0.024000 0.012000
11 0.517000 0.111500 0.026000 0.013000
9 0.467000 0.258500 0.024000 0.013000
9 0.440500 0.130500 0.025000 0.015000
9 0.378500 0.131500 0.021000 0.013000
35 0.354500 0.146000 0.047000 0.050000
14 0.321000 0.095000 0.014000 0.020000
14 0.340500 0.091000 0.015000 0.018000
14 0.334000 0.074500 0.014000 0.017000
9 0.325500 0.058000 0.013000 0.016000
14 0.317000 0.040500 0.014000 0.017000
12 0.366000 0.075500 0.026000 0.013000
9 0.351000 0.041000 0.022000 0.012000
14 0.333000 0.005000 0.018000 0.010000
14 0.435500 0.017500 0.023000 0.013000
9 0.410000 0.034500 0.024000 0.013000
14 0.427000 0.069500 0.020000 0.011000
14 0.430000 0.079000 0.016000 0.010000
14 0.453500 0.062500 0.021000 0.013000
14 0.444000 0.046000 0.022000 0.012000
14 0.441500 0.035500 0.021000 0.013000
14 0.437500 0.027500 0.023000 0.011000
14 0.483000 0.012500 0.020000 0.017000
9 0.603000 0.153000 0.022000 0.010000
9 0.606000 0.161500 0.022000 0.013000
9 0.499500 0.095500 0.023000 0.013000
11 0.847500 0.422000 0.021000 0.024000
11 0.863000 0.416000 0.020000 0.024000
11 0.835000 0.426000 0.018000 0.022000
9 0.872000 0.120000 0.022000 0.010000