14 0.697000 0.826000 0.022000 0.016000
14 0.552000 0.926000 0.024000 0.014000
9 0.432500 0.956500 0.023000 0.015000
14 0.407000 0.964000 0.024000 0.016000
9 0.012000 0.457000 0.020000 0.020000
9 0.024000 0.453500 0.020000 0.019000
9 0.034000 0.447000 0.020000 0.022000
9 0.009500 0.404500 0.019000 0.019000
9 0.021000 0.398500 0.018000 0.019000
9 0.008500 0.382500 0.017000 0.017000
14 0.186500 0.456500 0.017000 0.019000
14 0.198000 0.452000 0.014000 0.020000
14 0.221500 0.447000 0.017000 0.020000
14 0.233000 0.443000 0.014000 0.020000
14 0.244500 0.440000 0.017000 0.022000
12 0.267000 0.433000 0.018000 0.022000
9 0.277500 0.428000 0.017000 0.022000
9 0.233000 0.385000 0.016000 0.020000
14 0.199500 0.396500 0.017000 0.021000
14 0.175500 0.402500 0.015000 0.019000
14 0.138500 0.450000 0.023000 0.016000
9 0.134000 0.442000 0.022000 0.014000
9 0.127500 0.433000 0.023000 0.014000
14 0.120000 0.425000 0.022000 0.014000
14 0.120500 0.415000 0.017000 0.012000
9 0.113500 0.408000 0.023000 0.014000
14 0.108500 0.399000 0.023000 0.014000
14 0.104500 0.391000 0.025000 0.014000
14 0.099000 0.383000 0.022000 0.014000
12 0.096500 0.373500 0.025000 0.015000
9 0.093000 0.365000 0.018000 0.012000
14 0.152500 0.359500 0.017000 0.021000
9 0.163500 0.357000 0.017000 0.020000
9 0.220000 0.340500 0.014000 0.017000
14 0.245000 0.333000 0.016000 0.018000
9 0.199000 0.323000 0.016000 0.020000
14 0.140500 0.290500 0.017000 0.021000
14 0.163500 0.284000 0.015000 0.018000
14 0.551000 0.352000 0.016000 0.020000
14 0.562500 0.350500 0.015000 0.019000
14 0.573500 0.347000 0.015000 0.020000
14 0.585500 0.344000 0.017000 0.020000
14 0.597000 0.341000 0.016000 0.018000
14 0.607500 0.336500 0.017000 0.021000
9 0.618000 0.331000 0.016000 0.020000
9 0.630000 0.329000 0.016000 0.020000
14 0.555500 0.301000 0.013000 0.016000
9 0.332500 0.354000 0.017000 0.022000
14 0.057500 0.306000 0.023000 0.014000
14 0.051500 0.296000 0.021000 0.014000
9 0.008500 0.211500 0.017000 0.013000
14 0.013500 0.183000 0.015000 0.018000
9 0.040500 0.177500 0.017000 0.023000
14 0.075000 0.166000 0.018000 0.024000
14 0.013000 0.149500 0.018000 0.021000
9 0.141000 0.115000 0.018000 0.022000
14 0.591000 0.112500 0.022000 0.019000
14 0.641500 0.097000 0.019000 0.018000
12 0.626000 0.084500 0.016000 0.015000
14 0.616500 0.078500 0.021000 0.019000
11 0.979000 0.687500 0.026000 0.027000