9 0.483500 0.604500 0.011000 0.017000
9 0.591500 0.644000 0.011000 0.018000
9 0.608000 0.648500 0.010000 0.019000
12 0.895500 0.747000 0.011000 0.020000
14 0.192000 0.330000 0.014000 0.022000
14 0.248500 0.470500 0.011000 0.017000
9 0.292000 0.682000 0.012000 0.018000
14 0.121000 0.393000 0.018000 0.026000
9 0.187000 0.694000 0.014000 0.022000
14 0.772500 0.854500 0.011000 0.019000
36 0.096500 0.281500 0.193000 0.511000
14 0.934500 0.632000 0.011000 0.020000
36 0.179500 0.265500 0.205000 0.517000