6 0.459500 0.058500 0.083000 0.019000
7 0.893000 0.157500 0.060000 0.079000
7 0.695000 0.685500 0.034000 0.043000
7 0.632000 0.981500 0.054000 0.037000
7 0.565000 0.963500 0.040000 0.031000
7 0.433000 0.958500 0.066000 0.083000
7 0.688000 0.680500 0.034000 0.043000
7 0.680000 0.674500 0.034000 0.043000
4 0.672000 0.669500 0.034000 0.043000
7 0.570000 0.948500 0.038000 0.029000
4 0.566500 0.955500 0.037000 0.029000
4 0.589500 0.639000 0.009000 0.030000
4 0.595500 0.641500 0.007000 0.023000
4 0.605500 0.659000 0.019000 0.024000