35 0.528750 0.419167 0.237500 0.321667
9 0.990625 0.480833 0.011250 0.018333
9 0.979375 0.470833 0.013750 0.031667
9 0.968125 0.465833 0.011250 0.025000
14 0.950000 0.440833 0.015000 0.028333
14 0.938750 0.435833 0.015000 0.028333
9 0.890000 0.380833 0.017500 0.021667
9 0.840625 0.295833 0.018750 0.025000
14 0.866250 0.289167 0.022500 0.031667
14 0.929375 0.862500 0.023750 0.025000
9 0.904375 0.817500 0.023750 0.025000
9 0.645000 0.519167 0.020000 0.025000
9 0.620625 0.497500 0.023750 0.028333
14 0.559375 0.492500 0.023750 0.028333
14 0.517500 0.473333 0.022500 0.026667
9 0.421250 0.426667 0.017500 0.030000
9 0.438750 0.362500 0.022500 0.028333
9 0.700625 0.265833 0.016250 0.028333
9 0.737500 0.179167 0.015000 0.028333
9 0.750625 0.134167 0.016250 0.031667
9 0.766875 0.085000 0.013750 0.030000
9 0.773125 0.051667 0.011250 0.026667
9 0.595625 0.038333 0.021250 0.023333
12 0.569375 0.085000 0.023750 0.030000
9 0.550000 0.111667 0.022500 0.033333
9 0.415000 0.055000 0.022500 0.026667
9 0.401875 0.028333 0.023750 0.026667