14 0.867500 0.821000 0.019000 0.012000
4 0.851500 0.910500 0.035000 0.019000
14 0.983500 0.656000 0.019000 0.012000
9 0.948500 0.666500 0.023000 0.013000
9 0.826500 0.707000 0.021000 0.014000
9 0.843000 0.724000 0.018000 0.012000
9 0.748500 0.734000 0.021000 0.014000
9 0.601000 0.783500 0.022000 0.013000
9 0.566500 0.794000 0.019000 0.012000
14 0.552000 0.811000 0.022000 0.014000
14 0.554500 0.821000 0.023000 0.014000
14 0.486500 0.821500 0.021000 0.013000
14 0.477500 0.847000 0.023000 0.014000
14 0.433500 0.850500 0.025000 0.015000
9 0.325000 0.886500 0.024000 0.013000
14 0.344500 0.892000 0.021000 0.014000
14 0.314500 0.845500 0.015000 0.019000
9 0.339000 0.816000 0.022000 0.014000
14 0.314000 0.780500 0.020000 0.011000
14 0.303000 0.758000 0.020000 0.012000
14 0.292500 0.742000 0.021000 0.012000
9 0.281500 0.727500 0.021000 0.011000
14 0.229000 0.772500 0.020000 0.013000
9 0.241500 0.790000 0.021000 0.012000
14 0.005500 0.993500 0.011000 0.007000
14 0.044500 0.970500 0.023000 0.013000
14 0.069000 0.962000 0.022000 0.014000
9 0.095000 0.952000 0.022000 0.016000
9 0.104000 0.960500 0.022000 0.015000
14 0.156500 0.954000 0.017000 0.012000
14 0.177500 0.925000 0.019000 0.014000
14 0.213500 0.924500 0.023000 0.013000
14 0.216500 0.911000 0.019000 0.012000
14 0.224000 0.933000 0.022000 0.014000
9 0.528000 0.935000 0.024000 0.014000
14 0.958500 0.526500 0.021000 0.013000
14 0.966000 0.534500 0.022000 0.015000
12 0.955000 0.512000 0.026000 0.018000
14 0.664500 0.508500 0.023000 0.007000
14 0.474500 0.577000 0.021000 0.012000
30 0.170500 0.115500 0.257000 0.231000
33 0.714500 0.440000 0.091000 0.088000
33 0.774500 0.420000 0.091000 0.088000
33 0.836000 0.399500 0.090000 0.089000
33 0.895000 0.379500 0.090000 0.089000
4 0.863000 0.929500 0.040000 0.017000
4 0.891000 0.898500 0.036000 0.017000
4 0.927500 0.881000 0.037000 0.018000
4 0.904500 0.916500 0.039000 0.015000
4 0.962000 0.888000 0.028000 0.012000
4 0.968500 0.874500 0.023000 0.013000
33 0.955500 0.360500 0.089000 0.089000