14 0.625000 0.765000 0.033333 0.020000
29 0.277500 0.912500 0.148333 0.100000
29 0.252500 0.740625 0.095000 0.081250
29 0.294167 0.834375 0.158333 0.113750
14 0.557500 0.828750 0.031667 0.022500
14 0.600833 0.918125 0.025000 0.023750
14 0.730833 0.813125 0.031667 0.023750
14 0.744167 0.821875 0.038333 0.028750
9 0.775833 0.836875 0.031667 0.023750
14 0.838333 0.919375 0.036667 0.016250
9 0.980000 0.396875 0.036667 0.023750
14 0.887500 0.364375 0.031667 0.021250
14 0.900000 0.355625 0.033333 0.021250
14 0.921667 0.337500 0.033333 0.020000
14 0.935000 0.329375 0.036667 0.023750
14 0.982500 0.130000 0.031667 0.025000
14 0.785833 0.103750 0.035000 0.022500
9 0.779167 0.492500 0.035000 0.022500
9 0.465000 0.364375 0.033333 0.021250
12 0.431667 0.347500 0.036667 0.022500
14 0.695000 0.321875 0.030000 0.021250
14 0.665000 0.308125 0.033333 0.021250
12 0.630833 0.293750 0.038333 0.025000
12 0.594167 0.276875 0.038333 0.023750
14 0.509167 0.236875 0.038333 0.023750
9 0.415000 0.103125 0.020000 0.023750
9 0.393333 0.103125 0.016667 0.021250
9 0.402500 0.188750 0.031667 0.020000
14 0.368333 0.172500 0.033333 0.020000
9 0.333333 0.157500 0.030000 0.017500
12 0.299167 0.141875 0.038333 0.023750
9 0.260000 0.125625 0.033333 0.021250
9 0.324167 0.125000 0.035000 0.020000
14 0.280833 0.105000 0.031667 0.020000
9 0.243333 0.088750 0.033333 0.020000
14 0.106667 0.202500 0.026667 0.017500
14 0.077500 0.186875 0.035000 0.021250
14 0.026667 0.165000 0.033333 0.020000
29 0.513333 0.974375 0.083333 0.051250
9 0.794167 0.315000 0.015000 0.020000
12 0.719167 0.922500 0.031667 0.015000
11 0.805833 0.395625 0.031667 0.023750
14 0.368333 0.047500 0.030000 0.022500