9 0.230625 0.987500 0.026250 0.025000
14 0.231875 0.970833 0.028750 0.025000
14 0.258125 0.971667 0.028750 0.026667
14 0.232500 0.935833 0.025000 0.025000
14 0.167500 0.976667 0.022500 0.023333
14 0.167500 0.963333 0.022500 0.020000
14 0.168750 0.945000 0.027500 0.026667
9 0.169375 0.930833 0.023750 0.021667
9 0.170000 0.916667 0.025000 0.023333
14 0.170625 0.896667 0.026250 0.023333
14 0.251250 0.850000 0.015000 0.030000
14 0.279375 0.850000 0.013750 0.033333
32 0.810000 0.496667 0.380000 0.623333
32 0.307500 0.488333 0.357500 0.616667
14 0.400625 0.014167 0.013750 0.028333
14 0.023750 0.079167 0.022500 0.015000