21 0.086000 0.293500 0.084000 0.083000
22 0.089000 0.402000 0.076000 0.082000
20 0.195000 0.765500 0.126000 0.131000
20 0.115500 0.862000 0.093000 0.088000
21 0.119500 0.955000 0.093000 0.084000
26 0.364000 0.914500 0.056000 0.045000
20 0.541500 0.839500 0.093000 0.087000
20 0.351000 0.765000 0.092000 0.106000
22 0.338500 0.544500 0.081000 0.081000
21 0.516500 0.535000 0.067000 0.068000
21 0.334500 0.452000 0.081000 0.080000
22 0.216000 0.422500 0.078000 0.079000
21 0.963000 0.099500 0.074000 0.083000
21 0.930000 0.209500 0.094000 0.097000
20 0.859500 0.270500 0.127000 0.133000
20 0.873000 0.374500 0.084000 0.085000
22 0.957500 0.600500 0.085000 0.109000
20 0.922500 0.788000 0.123000 0.122000
21 0.967500 0.860000 0.065000 0.096000