29 0.066500 0.373500 0.095000 0.095000
29 0.146000 0.327500 0.094000 0.097000
28 0.217000 0.279500 0.110000 0.111000
21 0.200500 0.175000 0.127000 0.122000
27 0.289000 0.037500 0.108000 0.075000
27 0.393000 0.180500 0.108000 0.111000
27 0.478000 0.134000 0.110000 0.112000
28 0.640000 0.053000 0.124000 0.106000
21 0.479000 0.405500 0.116000 0.113000
21 0.524000 0.479500 0.122000 0.119000
21 0.569000 0.557500 0.122000 0.119000
21 0.618000 0.646000 0.122000 0.118000
21 0.659500 0.726500 0.131000 0.123000
21 0.703000 0.804500 0.128000 0.121000
27 0.745500 0.882500 0.107000 0.107000
29 0.895000 0.873500 0.062000 0.061000