2 0.687500 0.218125 0.121667 0.026250
7 0.895000 0.184375 0.126667 0.068750
2 0.675833 0.351875 0.058333 0.076250
2 0.694167 0.356875 0.058333 0.078750
2 0.714167 0.365000 0.058333 0.075000
2 0.732500 0.369375 0.055000 0.076250
2 0.750000 0.374375 0.056667 0.073750
2 0.768333 0.378125 0.050000 0.073750
2 0.785833 0.385000 0.055000 0.072500
2 0.804167 0.391250 0.055000 0.072500
2 0.821667 0.396250 0.056667 0.072500
2 0.842500 0.403750 0.051667 0.075000
2 0.859167 0.406875 0.048333 0.073750
2 0.879167 0.411875 0.045000 0.073750
2 0.895000 0.415000 0.036667 0.075000
36 0.494167 0.513750 0.988333 0.402500