29 0.095600 0.532500 0.034400 0.033800
27 0.123000 0.540000 0.035200 0.035200
29 0.137100 0.557300 0.022600 0.015400
28 0.160300 0.455900 0.039000 0.039000
21 0.060300 0.348700 0.033400 0.033000
27 0.220300 0.448600 0.034600 0.033600
25 0.272000 0.408000 0.021600 0.021600
21 0.013100 0.289600 0.026200 0.034000
20 0.432100 0.045500 0.037000 0.037400
27 0.384000 0.074200 0.035200 0.034800
20 0.310400 0.038400 0.038000 0.033600
32 0.377800 0.904500 0.028400 0.037000
31 0.390000 0.862300 0.011600 0.010600
30 0.443500 0.875600 0.018200 0.015600