1 0.836667 0.990625 0.033333 0.013750
1 0.878333 0.971250 0.026667 0.017500
1 0.880833 0.988125 0.021667 0.018750
1 0.897500 0.979375 0.025000 0.021250
1 0.906667 0.975625 0.023333 0.018750
1 0.788333 0.961250 0.050000 0.020000
1 0.917500 0.970000 0.025000 0.020000
1 0.016667 0.991250 0.023333 0.017500
1 0.031667 0.983750 0.023333 0.017500
1 0.044167 0.979375 0.021667 0.016250
1 0.058333 0.971875 0.023333 0.016250
1 0.070833 0.966875 0.021667 0.016250
1 0.085833 0.960625 0.021667 0.016250
1 0.098333 0.954375 0.023333 0.018750
1 0.110833 0.948125 0.021667 0.016250
1 0.125000 0.943125 0.023333 0.018750
1 0.137500 0.936250 0.021667 0.017500
1 0.149167 0.930625 0.025000 0.018750
1 0.297500 0.927500 0.025000 0.015000
1 0.289167 0.920000 0.025000 0.012500
1 0.278333 0.913750 0.026667 0.012500
1 0.390000 0.980625 0.023333 0.018750
1 0.402500 0.976250 0.025000 0.020000
1 0.501667 0.901250 0.026667 0.020000
1 0.858333 0.879375 0.056667 0.018750
1 0.916667 0.917500 0.050000 0.012500
1 0.820833 0.980000 0.061667 0.025000
1 0.800000 0.971250 0.053333 0.022500
1 0.838333 0.954375 0.050000 0.016250
1 0.826667 0.933125 0.040000 0.026250
1 0.808333 0.928125 0.043333 0.023750
1 0.770000 0.951875 0.046667 0.026250
1 0.800833 0.915625 0.045000 0.026250
1 0.789167 0.907500 0.048333 0.027500
1 0.738333 0.923750 0.046667 0.030000
1 0.729167 0.913125 0.048333 0.018750
1 0.774167 0.896875 0.051667 0.018750
1 0.721667 0.902500 0.050000 0.017500
1 0.744167 0.891250 0.051667 0.015000
1 0.745833 0.834375 0.018333 0.033750
1 0.655833 0.923125 0.031667 0.023750
1 0.643333 0.928125 0.030000 0.021250
1 0.628333 0.930000 0.023333 0.020000
1 0.617500 0.938750 0.025000 0.020000
1 0.600000 0.941875 0.030000 0.023750
1 0.571667 0.952500 0.030000 0.022500
1 0.552500 0.964375 0.025000 0.021250
1 0.675000 0.940625 0.030000 0.021250
1 0.656667 0.946875 0.026667 0.023750
1 0.641667 0.951250 0.030000 0.025000
1 0.628333 0.959375 0.030000 0.023750
1 0.615833 0.965000 0.031667 0.025000
1 0.602500 0.969375 0.031667 0.026250
1 0.590833 0.974375 0.031667 0.026250
1 0.580000 0.980625 0.030000 0.023750
1 0.563333 0.986875 0.033333 0.023750
1 0.551667 0.906875 0.033333 0.023750
1 0.540000 0.912500 0.030000 0.022500
1 0.464167 0.835625 0.068333 0.036250
1 0.348333 0.805000 0.073333 0.022500
1 0.325833 0.985625 0.051667 0.028750
1 0.311667 0.975625 0.053333 0.028750
1 0.296667 0.966250 0.053333 0.030000
1 0.283333 0.956250 0.050000 0.030000
1 0.262500 0.939375 0.041667 0.038750
1 0.168333 0.953750 0.043333 0.030000
1 0.153333 0.961875 0.043333 0.031250
1 0.141667 0.970625 0.043333 0.028750
1 0.123333 0.975625 0.043333 0.028750
1 0.108333 0.983125 0.046667 0.021250
1 0.222500 0.866250 0.058333 0.035000
1 0.204167 0.854375 0.055000 0.033750
1 0.190000 0.842500 0.053333 0.030000
1 0.085833 0.881875 0.055000 0.013750