33 0.946250 0.852500 0.067500 0.135000
33 0.863125 0.855000 0.068750 0.133333
33 0.777500 0.859167 0.070000 0.135000
33 0.693125 0.860000 0.068750 0.133333
33 0.609375 0.864167 0.068750 0.135000
33 0.523750 0.865833 0.067500 0.135000
14 0.836250 0.577500 0.022500 0.031667
9 0.751875 0.149167 0.021250 0.031667
14 0.909375 0.041667 0.016250 0.026667
14 0.895625 0.048333 0.016250 0.026667
14 0.881250 0.055000 0.017500 0.030000
9 0.075625 0.018333 0.026250 0.013333
14 0.171250 0.015833 0.012500 0.028333
14 0.235625 0.576667 0.013750 0.026667
14 0.315625 0.557500 0.018750 0.031667
14 0.253125 0.575833 0.011250 0.028333
9 0.301875 0.945000 0.028750 0.016667