8 0.101500 0.649000 0.203000 0.124000
8 0.111500 0.680500 0.213000 0.127000
8 0.351500 0.529000 0.197000 0.068000
8 0.359500 0.552500 0.197000 0.079000
8 0.690500 0.432500 0.191000 0.075000
8 0.694500 0.454000 0.191000 0.070000
8 0.922000 0.374500 0.148000 0.023000
32 0.310500 0.267000 0.169000 0.108000
31 0.144500 0.352000 0.029000 0.036000
31 0.166500 0.344500 0.029000 0.037000
31 0.931000 0.232000 0.020000 0.032000
31 0.952000 0.230500 0.020000 0.033000
31 0.974500 0.229000 0.019000 0.032000
31 0.992500 0.229000 0.013000 0.032000