14 0.779167 0.776250 0.031667 0.015000
4 0.752500 0.888125 0.058333 0.023750
14 0.972500 0.570000 0.031667 0.015000
9 0.914167 0.583125 0.038333 0.016250
9 0.710833 0.633750 0.035000 0.017500
9 0.738333 0.655000 0.030000 0.015000
9 0.580833 0.667500 0.035000 0.017500
9 0.335000 0.729375 0.036667 0.016250
9 0.277500 0.742500 0.031667 0.015000
14 0.253333 0.763750 0.036667 0.017500
14 0.257500 0.776250 0.038333 0.017500
14 0.144167 0.776875 0.035000 0.016250
14 0.129167 0.808750 0.038333 0.017500
14 0.055833 0.813125 0.041667 0.018750
9 0.213333 0.918750 0.040000 0.017500
14 0.930833 0.408125 0.035000 0.016250
14 0.943333 0.418125 0.036667 0.018750
12 0.925000 0.390000 0.043333 0.022500
14 0.440833 0.385625 0.038333 0.008750
14 0.124167 0.471250 0.035000 0.015000
33 0.524167 0.300000 0.151667 0.110000
33 0.624167 0.275000 0.151667 0.110000
33 0.726667 0.249375 0.150000 0.111250
33 0.825000 0.224375 0.150000 0.111250
4 0.771667 0.911875 0.066667 0.021250
4 0.818333 0.873125 0.060000 0.021250
4 0.879167 0.851250 0.061667 0.022500
4 0.840833 0.895625 0.065000 0.018750
4 0.936667 0.860000 0.046667 0.015000
4 0.947500 0.843125 0.038333 0.016250
33 0.925833 0.200000 0.148333 0.132500