2 0.376667 0.976250 0.090000 0.047500
2 0.675000 0.870000 0.083333 0.082500
2 0.805000 0.748125 0.076667 0.076250
2 0.248333 0.800000 0.066667 0.062500
2 0.233333 0.807500 0.050000 0.045000
2 0.432500 0.650000 0.065000 0.075000
2 0.753333 0.590000 0.063333 0.065000
2 0.741667 0.602500 0.046667 0.050000
2 0.646667 0.428750 0.060000 0.085000
2 0.484167 0.504375 0.041667 0.066250
2 0.412500 0.358125 0.061667 0.081250
2 0.580833 0.232500 0.051667 0.065000
2 0.564167 0.236250 0.045000 0.065000
2 0.284167 0.306875 0.051667 0.083750
2 0.302500 0.309375 0.028333 0.048750
2 0.496667 0.107500 0.063333 0.067500
2 0.315833 0.094375 0.045000 0.068750
2 0.179167 0.121250 0.021667 0.037500
2 0.168333 0.125000 0.020000 0.037500
2 0.155000 0.125000 0.023333 0.052500
2 0.145000 0.129375 0.023333 0.048750
2 0.133333 0.126875 0.016667 0.041250
2 0.123333 0.125625 0.016667 0.036250
2 0.110833 0.125000 0.021667 0.037500
2 0.031667 0.227500 0.030000 0.055000
2 0.020833 0.234375 0.018333 0.041250
2 0.009167 0.235625 0.018333 0.043750
2 0.161667 0.416250 0.026667 0.032500
2 0.152500 0.421250 0.028333 0.035000
2 0.142500 0.423125 0.031667 0.038750
2 0.130833 0.423750 0.041667 0.050000
2 0.124167 0.435000 0.028333 0.035000
2 0.113333 0.437500 0.030000 0.035000
2 0.037500 0.528750 0.031667 0.030000
2 0.031667 0.533125 0.033333 0.028750
2 0.026667 0.539375 0.036667 0.031250
2 0.021667 0.543125 0.043333 0.043750
2 0.017500 0.554375 0.035000 0.038750
2 0.011667 0.564375 0.023333 0.028750