27 0.063500 0.077500 0.111000 0.111000
28 0.233000 0.259000 0.126000 0.124000
29 0.453500 0.167500 0.093000 0.095000
29 0.679000 0.309500 0.094000 0.091000
28 0.700500 0.151000 0.121000 0.124000
28 0.830000 0.551000 0.130000 0.124000
28 0.374500 0.506500 0.135000 0.133000
29 0.613000 0.670500 0.124000 0.129000
21 0.674500 0.511500 0.123000 0.119000
28 0.460000 0.664000 0.138000 0.130000
20 0.593000 0.944000 0.134000 0.112000
27 0.506000 0.744000 0.112000 0.112000
21 0.560000 0.840500 0.120000 0.117000
27 0.895500 0.904000 0.109000 0.108000