29 0.326500 0.099500 0.039000 0.041000
29 0.318500 0.199500 0.045000 0.045000
29 0.355500 0.367500 0.041000 0.035000
25 0.062500 0.434000 0.049000 0.052000
25 0.119000 0.441500 0.048000 0.053000
29 0.079500 0.859000 0.045000 0.044000
25 0.043000 0.966500 0.050000 0.047000
29 0.662500 0.922500 0.035000 0.031000
29 0.808000 0.932000 0.032000 0.028000
29 0.966500 0.903500 0.033000 0.035000
29 0.982500 0.860500 0.035000 0.037000
29 0.917000 0.711000 0.030000 0.028000
35 0.782000 0.288000 0.042000 0.036000
35 0.734500 0.485000 0.055000 0.052000
35 0.517000 0.366500 0.046000 0.049000