2 0.263000 0.806000 0.028000 0.040000
7 0.071000 0.129000 0.142000 0.086000
7 0.242000 0.206500 0.188000 0.105000
1 0.195000 0.931000 0.010000 0.016000
5 0.180000 0.924500 0.048000 0.059000
7 0.351000 0.849500 0.082000 0.127000
2 0.282000 0.765500 0.032000 0.047000
2 0.294000 0.770500 0.026000 0.037000
2 0.306000 0.775500 0.028000 0.041000
5 0.260000 0.764000 0.060000 0.082000
5 0.292000 0.701500 0.046000 0.061000
2 0.311000 0.701000 0.034000 0.050000
2 0.964000 0.337000 0.050000 0.018000
2 0.897500 0.293000 0.075000 0.022000
2 0.911000 0.232000 0.178000 0.060000