2 0.915625 0.744167 0.068750 0.045000
4 0.919375 0.761667 0.041250 0.030000
4 0.808750 0.639167 0.075000 0.145000
4 0.787500 0.660833 0.052500 0.108333
2 0.771250 0.680833 0.037500 0.075000
2 0.483125 0.690833 0.078750 0.081667
2 0.495000 0.727500 0.047500 0.045000
2 0.484375 0.738333 0.048750 0.053333
2 0.260625 0.810000 0.076250 0.076667
2 0.278125 0.804167 0.063750 0.061667
2 0.329375 0.853333 0.053750 0.053333
2 0.332500 0.880833 0.082500 0.081667
2 0.343125 0.847500 0.048750 0.051667
2 0.292500 0.795833 0.057500 0.065000
2 0.306875 0.785833 0.046250 0.045000
2 0.316250 0.762500 0.027500 0.031667
2 0.306875 0.770833 0.028750 0.031667
5 0.404375 0.817500 0.093750 0.075000
2 0.373125 0.832500 0.103750 0.068333
2 0.372500 0.851667 0.047500 0.033333
2 0.396250 0.719167 0.037500 0.051667
2 0.387500 0.725833 0.030000 0.045000
2 0.370625 0.740833 0.043750 0.055000
2 0.355000 0.747500 0.055000 0.065000
2 0.332500 0.755000 0.032500 0.056667
2 0.311875 0.975000 0.056250 0.050000
2 0.303125 0.985000 0.038750 0.030000
2 0.295000 0.914167 0.080000 0.075000
2 0.288125 0.935833 0.083750 0.081667
2 0.052500 0.985833 0.032500 0.028333
2 0.062500 0.983333 0.040000 0.033333
2 0.073750 0.980000 0.030000 0.040000
2 0.081875 0.973333 0.028750 0.043333
2 0.090625 0.963333 0.026250 0.036667
2 0.165000 0.984167 0.022500 0.031667
2 0.151250 0.985000 0.017500 0.030000
2 0.138125 0.987500 0.016250 0.025000
2 0.250625 0.965000 0.046250 0.040000
2 0.259375 0.953333 0.048750 0.040000
2 0.265000 0.939167 0.037500 0.031667
2 0.213125 0.931667 0.046250 0.033333
2 0.221875 0.921667 0.046250 0.030000
2 0.228750 0.911667 0.045000 0.030000
2 0.233125 0.897500 0.036250 0.028333
2 0.228125 0.880000 0.048750 0.036667
2 0.230625 0.868333 0.043750 0.030000
2 0.239375 0.858333 0.028750 0.026667
2 0.184375 0.867500 0.028750 0.031667
2 0.192500 0.860000 0.030000 0.030000
2 0.193750 0.851667 0.027500 0.023333
2 0.196875 0.843333 0.023750 0.023333
2 0.202500 0.830000 0.045000 0.046667
2 0.376250 0.945000 0.037500 0.056667
2 0.386875 0.952500 0.038750 0.058333
2 0.363125 0.936667 0.028750 0.046667
2 0.399375 0.754167 0.031250 0.041667
2 0.341250 0.795833 0.045000 0.031667
2 0.363125 0.701667 0.046250 0.043333
34 0.714375 0.075833 0.073750 0.085000