1 0.207500 0.455000 0.025000 0.012500
1 0.393333 0.491250 0.026667 0.010000
7 0.175000 0.934375 0.073333 0.131250
7 0.200833 0.930625 0.078333 0.138750
7 0.225833 0.927500 0.075000 0.145000
7 0.308333 0.933750 0.076667 0.132500
7 0.317500 0.907500 0.071667 0.120000
7 0.336667 0.896250 0.070000 0.120000
7 0.360833 0.891250 0.068333 0.120000
7 0.422500 0.890625 0.058333 0.143750
7 0.457500 0.899375 0.075000 0.148750
7 0.481667 0.893750 0.073333 0.137500
7 0.563333 0.912500 0.063333 0.175000
7 0.587500 0.910625 0.051667 0.123750
7 0.610000 0.903750 0.056667 0.127500
7 0.675833 0.919375 0.048333 0.146250
7 0.698333 0.913125 0.043333 0.131250