9 0.983750 0.255000 0.020000 0.033333
9 0.896250 0.221667 0.017500 0.030000
14 0.866875 0.210833 0.016250 0.028333
14 0.930625 0.235000 0.018750 0.033333
14 0.804375 0.181667 0.021250 0.033333
14 0.779375 0.173333 0.016250 0.030000
9 0.765000 0.165000 0.017500 0.030000
9 0.751875 0.161667 0.018750 0.033333
9 0.725625 0.147500 0.016250 0.028333
9 0.699375 0.139167 0.021250 0.035000
12 0.648125 0.116667 0.018750 0.036667
9 0.463125 0.044167 0.016250 0.028333
33 0.688750 0.340833 0.060000 0.138333
33 0.615000 0.339167 0.060000 0.135000
33 0.540625 0.341667 0.058750 0.136667
33 0.465625 0.340000 0.058750 0.136667
33 0.391875 0.341667 0.061250 0.136667
33 0.316875 0.340000 0.061250 0.136667