29 0.213000 0.626000 0.048000 0.036000
29 0.341000 0.561000 0.040000 0.036000
29 0.825000 0.426000 0.046000 0.038000
29 0.715500 0.439500 0.039000 0.035000
29 0.643500 0.419000 0.041000 0.044000
29 0.711500 0.485000 0.049000 0.038000
29 0.716000 0.523000 0.042000 0.044000
29 0.753500 0.525000 0.035000 0.036000
29 0.579000 0.492000 0.038000 0.032000
29 0.544500 0.534000 0.035000 0.040000
29 0.464500 0.451500 0.039000 0.033000
29 0.467500 0.497000 0.049000 0.038000
29 0.335500 0.462000 0.043000 0.040000
29 0.259500 0.484000 0.037000 0.034000
29 0.126500 0.732000 0.035000 0.040000
29 0.267500 0.940000 0.041000 0.036000
29 0.444500 0.926500 0.041000 0.035000
34 0.725000 0.043500 0.070000 0.063000
34 0.930000 0.056500 0.044000 0.043000
34 0.916500 0.239000 0.043000 0.044000