16 0.689167 0.983750 0.048333 0.025000
16 0.190000 0.943750 0.100000 0.055000
16 0.329167 0.890000 0.038333 0.032500
12 0.156667 0.933125 0.043333 0.023750
12 0.463333 0.852500 0.036667 0.032500
11 0.143333 0.855000 0.036667 0.035000
11 0.150833 0.835625 0.065000 0.061250
12 0.185833 0.762500 0.038333 0.035000
12 0.295000 0.723750 0.043333 0.035000
12 0.267500 0.670625 0.041667 0.036250
12 0.305000 0.707500 0.046667 0.035000
9 0.693333 0.605625 0.030000 0.026250
14 0.965000 0.463125 0.036667 0.018750
14 0.942500 0.428125 0.038333 0.018750
9 0.800000 0.248125 0.023333 0.021250
9 0.626667 0.170625 0.023333 0.023750
11 0.490000 0.179375 0.040000 0.038750
14 0.450833 0.133750 0.035000 0.015000
9 0.429167 0.115000 0.035000 0.017500
9 0.390833 0.123125 0.035000 0.016250
35 0.622500 0.083125 0.145000 0.083750
9 0.913333 0.079375 0.023333 0.023750
14 0.977500 0.019375 0.035000 0.018750
14 0.054167 0.259375 0.031667 0.026250
14 0.129167 0.247500 0.025000 0.025000