9 0.412500 0.029375 0.031667 0.021250
14 0.305000 0.076875 0.040000 0.028750
14 0.288333 0.065625 0.040000 0.026250
14 0.171667 0.130000 0.043333 0.020000
14 0.130000 0.111875 0.030000 0.021250
11 0.030000 0.086875 0.060000 0.013750
9 0.750000 0.131250 0.036667 0.020000
14 0.540000 0.322500 0.033333 0.017500
9 0.462500 0.351250 0.035000 0.020000
9 0.350833 0.391875 0.038333 0.021250
14 0.304167 0.410000 0.035000 0.017500
9 0.265833 0.423750 0.035000 0.020000
9 0.230000 0.436875 0.036667 0.018750
14 0.925833 0.209375 0.041667 0.023750
14 0.898333 0.189375 0.040000 0.021250
9 0.937500 0.175000 0.031667 0.017500
9 0.979167 0.160000 0.025000 0.015000
30 0.375000 0.588125 0.286667 0.208750