25 0.213889 0.280556 0.058889 0.056667
25 0.200556 0.216667 0.054444 0.053333
26 0.192778 0.157222 0.065556 0.052222
19 0.195000 0.099444 0.074444 0.072222
26 0.249444 0.054444 0.072222 0.077778
19 0.322222 0.052778 0.064444 0.061111
19 0.386111 0.081667 0.067778 0.067778
24 0.410000 0.190556 0.060000 0.054444
25 0.496111 0.090000 0.054444 0.057778
19 0.579444 0.088333 0.050000 0.052222
19 0.598333 0.141111 0.050000 0.053333
19 0.583333 0.233889 0.051111 0.052222
19 0.537778 0.281667 0.066667 0.067778
19 0.807222 0.212778 0.056667 0.058889
19 0.738889 0.167222 0.051111 0.050000
25 0.739444 0.110000 0.050000 0.051111
25 0.738889 0.051667 0.057778 0.052222
26 0.921111 0.831111 0.066667 0.062222
26 0.926667 0.917222 0.071111 0.063333
26 0.778333 0.983333 0.063333 0.033333
26 0.755556 0.807222 0.062222 0.052222
26 0.611111 0.807778 0.062222 0.053333
25 0.622222 0.883333 0.057778 0.055556
29 0.619444 0.946667 0.056667 0.046667
25 0.472778 0.966111 0.065556 0.061111
23 0.303889 0.846111 0.058889 0.050000
29 0.312222 0.916667 0.075556 0.068889
29 0.322222 0.980000 0.071111 0.040000
26 0.166667 0.983889 0.071111 0.032222
29 0.164444 0.929444 0.082222 0.074444
25 0.019444 0.928333 0.038889 0.054444