35 0.574167 0.228750 0.155000 0.115000
9 0.300833 0.985625 0.021667 0.021250
9 0.265833 0.979375 0.028333 0.026250
12 0.197500 0.962500 0.025000 0.027500
12 0.457500 0.218750 0.051667 0.035000
9 0.965000 0.481250 0.040000 0.017500
11 0.748333 0.430000 0.046667 0.020000
11 0.977500 0.413125 0.045000 0.051250
11 0.937500 0.400625 0.071667 0.053750
11 0.909167 0.394375 0.068333 0.053750
11 0.887500 0.388125 0.065000 0.053750
11 0.862500 0.381875 0.065000 0.053750
11 0.836667 0.375000 0.066667 0.052500
11 0.810833 0.371250 0.065000 0.052500
11 0.787500 0.362500 0.068333 0.052500
11 0.762500 0.358125 0.065000 0.053750
11 0.738333 0.354375 0.063333 0.048750
11 0.714167 0.346250 0.065000 0.052500
11 0.683333 0.343750 0.063333 0.052500
11 0.661667 0.334375 0.063333 0.048750
11 0.607500 0.324375 0.065000 0.051250
11 0.583333 0.316875 0.063333 0.053750
12 0.610833 0.223750 0.041667 0.027500
14 0.497500 0.256250 0.028333 0.020000
14 0.290000 0.328750 0.036667 0.025000
14 0.310833 0.316875 0.031667 0.023750
14 0.326667 0.308125 0.033333 0.023750
14 0.340000 0.297500 0.036667 0.025000
12 0.356667 0.286250 0.036667 0.025000
14 0.389167 0.267500 0.031667 0.022500
14 0.405833 0.248750 0.031667 0.027500
9 0.362500 0.245000 0.035000 0.025000
9 0.348333 0.255625 0.036667 0.028750
14 0.325000 0.266250 0.036667 0.025000
14 0.310000 0.280000 0.030000 0.022500
14 0.293333 0.293125 0.033333 0.023750
9 0.274167 0.304375 0.031667 0.023750
9 0.258333 0.313750 0.030000 0.022500
9 0.244167 0.351875 0.031667 0.023750
12 0.209167 0.368750 0.035000 0.025000
14 0.195000 0.378750 0.030000 0.020000
9 0.181667 0.386875 0.033333 0.023750
14 0.166667 0.398750 0.036667 0.025000
14 0.160000 0.409375 0.030000 0.021250
14 0.144167 0.421875 0.028333 0.018750
9 0.126667 0.433750 0.033333 0.022500
14 0.113333 0.444375 0.030000 0.021250
12 0.094167 0.456250 0.038333 0.025000
12 0.067500 0.470000 0.031667 0.022500
9 0.043333 0.486875 0.033333 0.023750
14 0.027500 0.498125 0.028333 0.021250
9 0.218333 0.573125 0.036667 0.018750
14 0.248333 0.592500 0.033333 0.027500
9 0.211667 0.668750 0.036667 0.022500
9 0.036667 0.651875 0.040000 0.016250