7 0.405000 0.190000 0.065000 0.083333
7 0.548750 0.494167 0.035000 0.085000
7 0.500000 0.420833 0.050000 0.108333
7 0.405000 0.664167 0.017500 0.111667
7 0.469375 0.587500 0.041250 0.091667
7 0.482500 0.587500 0.042500 0.105000
7 0.544375 0.528333 0.046250 0.120000
7 0.533125 0.545000 0.046250 0.106667
7 0.508125 0.570000 0.043750 0.100000
7 0.495625 0.580000 0.043750 0.103333
7 0.521250 0.560833 0.045000 0.108333
1 0.551250 0.678333 0.012500 0.043333
7 0.573125 0.813333 0.018750 0.106667
7 0.558750 0.817500 0.015000 0.101667
7 0.527500 0.811667 0.015000 0.113333
7 0.543750 0.812500 0.020000 0.108333
7 0.556250 0.931667 0.022500 0.100000
7 0.542500 0.930833 0.022500 0.101667
7 0.526875 0.930833 0.018750 0.101667
7 0.511875 0.926667 0.023750 0.103333
7 0.398125 0.205000 0.063750 0.083333
7 0.393125 0.223333 0.061250 0.076667
7 0.387500 0.242500 0.047500 0.061667
4 0.440625 0.205000 0.033750 0.043333
4 0.446875 0.196667 0.026250 0.036667
7 0.486250 0.428333 0.047500 0.106667
7 0.473125 0.436667 0.051250 0.110000
7 0.461250 0.448333 0.050000 0.110000
7 0.448125 0.457500 0.048750 0.108333
7 0.435000 0.465833 0.050000 0.108333
7 0.421875 0.475000 0.048750 0.110000
36 0.750625 0.365000 0.031250 0.033333
36 0.815625 0.595000 0.018750 0.016667
36 0.750000 0.801667 0.020000 0.023333