9 0.974167 0.249375 0.031667 0.023750
10 0.615833 0.093125 0.048333 0.053750
14 0.639167 0.094375 0.025000 0.023750
14 0.685000 0.163750 0.023333 0.022500
35 0.700833 0.149375 0.251667 0.186250
14 0.295833 0.146875 0.035000 0.008750
14 0.029167 0.179375 0.028333 0.008750
9 0.910833 0.365000 0.028333 0.025000
9 0.950833 0.412500 0.011667 0.012500
14 0.958333 0.431250 0.030000 0.027500
11 0.335833 0.723125 0.058333 0.018750
12 0.915833 0.721875 0.028333 0.028750
12 0.803333 0.864375 0.036667 0.046250
12 0.945000 0.817500 0.046667 0.022500
17 0.912500 0.790000 0.068333 0.025000
16 0.901667 0.929375 0.043333 0.038750
12 0.685833 0.666875 0.058333 0.041250
17 0.315833 0.624375 0.085000 0.016250
12 0.423333 0.628750 0.050000 0.012500
12 0.834167 0.593125 0.055000 0.011250
12 0.232500 0.640625 0.048333 0.036250