7 0.135000 0.468500 0.016000 0.109000
7 0.114000 0.475500 0.030000 0.111000
7 0.081000 0.494500 0.020000 0.095000
7 0.064500 0.484500 0.027000 0.123000
7 0.027500 0.475000 0.021000 0.110000
7 0.012500 0.506000 0.021000 0.110000
6 0.276500 0.577500 0.019000 0.155000
6 0.291000 0.595500 0.018000 0.137000
6 0.306000 0.597000 0.018000 0.138000
6 0.324500 0.585000 0.025000 0.166000
6 0.340500 0.571500 0.015000 0.103000
6 0.352500 0.572000 0.019000 0.134000
1 0.004000 0.730500 0.008000 0.021000
2 0.175000 0.677000 0.036000 0.076000
2 0.137000 0.745500 0.028000 0.071000
4 0.086500 0.732500 0.031000 0.033000
6 0.357000 0.181000 0.128000 0.054000
5 0.838000 0.793500 0.058000 0.043000